,pve
0,-0.13640243742462022
1,0.11501080858687618
2,0.11501080858687618
3,-0.16527536207913818
4,0.14787476581431314
5,-0.16527536207913818
6,-0.13640243742462022
7,0.11501080858687618
8,0.14787476581431314
9,0.14787476581431314
10,-0.13640243742462022
11,0.14787476581431314
12,-0.13640243742462022
13,-0.16527536207913818
14,0.11501080858687618
15,0.14787476581431314
16,0.14787476581431314
17,-0.13640243742462022
18,-0.13640243742462022
19,-0.16527536207913818
20,0.11501080858687618
21,-0.13640243742462022
22,0.11501080858687618
23,0.11501080858687618
24,-0.13640243742462022
25,0.14787476581431314
26,-0.16527536207913818
27,0.14787476581431314
28,0.11501080858687618
29,-0.13640243742462022
30,-0.13640243742462022
31,-0.16527536207913818
32,-0.16527536207913818
33,0.11501080858687618
34,0.14787476581431314
35,0.14787476581431314
36,-0.16527536207913818
37,0.11501080858687618
38,0.11501080858687618
39,-0.13640243742462022
40,-0.16527536207913818
41,-0.16527536207913818
42,0.11501080858687618
43,0.14787476581431314
44,0.11501080858687618
45,0.11501080858687618
46,0.14787476581431314
47,0.11501080858687618
48,-0.16527536207913818
49,0.14787476581431314
50,0.14787476581431314
51,0.14787476581431314
52,-0.13640243742462022
53,0.14787476581431314
54,0.11501080858687618
55,0.14787476581431314
56,0.14787476581431314
57,0.11501080858687618
58,0.14787476581431314
59,-0.13640243742462022
60,-0.16527536207913818
61,-0.16527536207913818
62,-0.13640243742462022
63,-0.13640243742462022
64,-0.16527536207913818
65,0.11501080858687618
66,0.11501080858687618
67,-0.13640243742462022
68,0.11501080858687618
69,0.11501080858687618
70,-0.13640243742462022
71,0.11501080858687618
72,-0.16527536207913818
73,0.11501080858687618
74,0.11501080858687618
75,0.14787476581431314
76,0.11501080858687618
77,0.14787476581431314
78,0.14787476581431314
79,-0.13640243742462022
80,-0.16527536207913818
81,-0.16527536207913818
82,-0.16527536207913818
83,0.11501080858687618
84,-0.16527536207913818
85,-0.13640243742462022
86,0.14787476581431314
87,0.11501080858687618
88,-0.13640243742462022
89,-0.16527536207913818
90,0.14787476581431314
91,-0.13640243742462022
92,0.11501080858687618
93,0.14787476581431314
94,0.14787476581431314
95,-0.13640243742462022
96,0.11501080858687618
97,0.11501080858687618
98,0.14787476581431314
99,0.11501080858687618
100,0.14787476581431314
101,-0.13640243742462022
102,-0.13640243742462022
103,0.11501080858687618
104,0.11501080858687618
105,-0.13640243742462022
106,-0.13640243742462022
107,0.14787476581431314
108,0.14787476581431314
109,0.14787476581431314
110,0.14787476581431314
111,-0.13640243742462022
112,-0.13640243742462022
113,0.14787476581431314
114,0.14787476581431314
115,-0.13640243742462022
116,-0.13640243742462022
117,0.11501080858687618
118,0.11501080858687618
119,-0.13640243742462022
120,0.11501080858687618
121,0.14787476581431314
122,0.14787476581431314
123,-0.13640243742462022
124,0.11501080858687618
125,0.14787476581431314
126,0.14787476581431314
127,-0.16527536207913818
128,-0.16527536207913818
129,-0.13640243742462022
130,0.14787476581431314
131,0.14787476581431314
132,0.11501080858687618
133,0.11501080858687618
134,0.14787476581431314
135,0.14787476581431314
136,-0.16527536207913818
137,-0.13640243742462022
138,0.11501080858687618
139,0.14787476581431314
140,0.14787476581431314
141,-0.13640243742462022
142,0.11501080858687618
143,-0.13640243742462022
144,0.11501080858687618
145,-0.13640243742462022
146,0.11501080858687618
147,-0.16527536207913818
148,-0.13640243742462022
149,-0.13640243742462022
150,-0.16527536207913818
151,0.14787476581431314
152,0.14787476581431314
153,0.11501080858687618
154,-0.13640243742462022
155,0.14787476581431314
156,0.11501080858687618
157,0.14787476581431314
158,0.11501080858687618
159,0.14787476581431314
160,-0.13640243742462022
161,-0.13640243742462022
162,0.11501080858687618
163,0.11501080858687618
164,0.11501080858687618
165,0.14787476581431314
166,0.11501080858687618
167,0.11501080858687618
168,0.14787476581431314
169,0.11501080858687618
170,0.11501080858687618
171,0.14787476581431314
172,-0.13640243742462022
173,0.14787476581431314
174,0.11501080858687618
175,-0.16527536207913818
176,-0.16527536207913818
177,-0.13640243742462022
178,-0.13640243742462022
179,0.14787476581431314
180,0.11501080858687618
181,0.11501080858687618
182,0.14787476581431314
183,0.14787476581431314
184,-0.16527536207913818
185,0.14787476581431314
186,0.11501080858687618
187,-0.13640243742462022
188,-0.13640243742462022
189,0.14787476581431314
190,-0.13640243742462022
191,-0.13640243742462022
192,-0.13640243742462022
193,0.11501080858687618
194,-0.16527536207913818
195,-0.13640243742462022
196,-0.16527536207913818
197,0.11501080858687618
198,0.11501080858687618
199,0.14787476581431314
200,0.11501080858687618
201,-0.16527536207913818
202,-0.13640243742462022
203,-0.13640243742462022
204,-0.16527536207913818
205,-0.13640243742462022
206,0.11501080858687618
207,-0.13640243742462022
208,0.14787476581431314
209,-0.16527536207913818
210,-0.16527536207913818
211,0.11501080858687618
212,0.14787476581431314
213,-0.16527536207913818
214,0.11501080858687618
215,-0.16527536207913818
216,-0.16527536207913818
217,0.14787476581431314
218,0.14787476581431314
219,0.14787476581431314
220,0.14787476581431314
221,0.14787476581431314
222,0.14787476581431314
223,-0.16527536207913818
224,0.11501080858687618
225,0.14787476581431314
226,-0.16527536207913818
227,-0.16527536207913818
228,0.14787476581431314
229,0.14787476581431314
230,0.11501080858687618
231,-0.16527536207913818
232,-0.16527536207913818
233,-0.16527536207913818
234,0.14787476581431314
235,-0.13640243742462022
236,0.14787476581431314
237,-0.13640243742462022
238,0.14787476581431314
239,-0.16527536207913818
240,0.14787476581431314
241,-0.16527536207913818
242,0.11501080858687618
243,0.11501080858687618
244,-0.16527536207913818
245,-0.16527536207913818
246,-0.16527536207913818
247,-0.16527536207913818
248,-0.13640243742462022
249,0.11501080858687618
250,-0.13640243742462022
251,-0.16527536207913818
252,0.11501080858687618
253,0.11501080858687618
254,0.11501080858687618
255,0.11501080858687618
256,-0.16527536207913818
257,0.14787476581431314
258,-0.13640243742462022
259,0.14787476581431314
260,0.11501080858687618
261,0.11501080858687618
262,0.14787476581431314
263,0.11501080858687618
264,-0.13640243742462022
265,0.11501080858687618
266,0.11501080858687618
267,-0.16527536207913818
268,0.14787476581431314
269,0.11501080858687618
270,-0.13640243742462022
271,-0.13640243742462022
272,0.11501080858687618
273,0.14787476581431314
274,0.11501080858687618
275,0.11501080858687618
276,-0.16527536207913818
277,0.11501080858687618
278,0.11501080858687618
279,-0.16527536207913818
280,-0.16527536207913818
281,-0.13640243742462022
282,0.11501080858687618
283,-0.13640243742462022
284,-0.16527536207913818
285,0.11501080858687618
286,0.11501080858687618
287,-0.13640243742462022
288,0.14787476581431314
289,0.11501080858687618
290,-0.13640243742462022
291,0.14787476581431314
292,0.14787476581431314
293,0.11501080858687618
294,0.11501080858687618
295,-0.13640243742462022
296,-0.16527536207913818
297,0.11501080858687618
298,0.11501080858687618
299,0.11501080858687618
300,0.11501080858687618
301,0.14787476581431314
302,0.14787476581431314
303,0.14787476581431314
304,0.11501080858687618
305,-0.16527536207913818
306,0.14787476581431314
307,-0.13640243742462022
308,0.11501080858687618
309,0.11501080858687618
310,0.11501080858687618
311,0.14787476581431314
312,0.11501080858687618
313,0.14787476581431314
314,-0.13640243742462022
315,0.11501080858687618
316,0.11501080858687618
317,-0.13640243742462022
318,0.11501080858687618
319,-0.16527536207913818
320,0.11501080858687618
321,0.14787476581431314
322,0.11501080858687618
323,-0.13640243742462022
324,0.14787476581431314
325,0.11501080858687618
326,-0.16527536207913818
327,0.14787476581431314
328,0.11501080858687618
329,-0.16527536207913818
330,0.14787476581431314
331,-0.13640243742462022
332,0.14787476581431314
333,0.11501080858687618
334,0.14787476581431314
335,0.11501080858687618
336,-0.16527536207913818
337,0.11501080858687618
338,0.14787476581431314
339,0.11501080858687618
340,-0.13640243742462022
341,0.11501080858687618
342,0.14787476581431314
343,0.11501080858687618
344,0.14787476581431314
345,0.14787476581431314
346,-0.16527536207913818
347,0.11501080858687618
348,0.11501080858687618
349,-0.13640243742462022
350,0.14787476581431314
351,0.14787476581431314
352,0.11501080858687618
353,0.14787476581431314
354,0.11501080858687618
355,-0.13640243742462022
356,0.11501080858687618
357,0.11501080858687618
358,0.14787476581431314
359,0.14787476581431314
360,-0.16527536207913818
361,-0.16527536207913818
362,-0.13640243742462022
363,0.14787476581431314
364,-0.16527536207913818
365,-0.13640243742462022
366,0.14787476581431314
367,0.14787476581431314
368,-0.16527536207913818
369,0.11501080858687618
370,0.11501080858687618
371,0.14787476581431314
372,0.14787476581431314
373,-0.16527536207913818
374,0.11501080858687618
375,-0.13640243742462022
376,-0.13640243742462022
377,0.14787476581431314
378,0.11501080858687618
379,-0.13640243742462022
380,0.11501080858687618
381,0.14787476581431314
382,0.11501080858687618
383,0.14787476581431314
384,0.14787476581431314
385,0.11501080858687618
386,0.14787476581431314
387,-0.13640243742462022
388,-0.16527536207913818
389,0.14787476581431314
390,-0.13640243742462022
391,-0.13640243742462022
392,0.14787476581431314
393,-0.13640243742462022
394,0.11501080858687618
395,-0.13640243742462022
396,0.14787476581431314
397,-0.13640243742462022
398,-0.13640243742462022
399,0.14787476581431314
400,0.11501080858687618
401,-0.16527536207913818
402,0.11501080858687618
403,0.14787476581431314
404,-0.16527536207913818
405,0.11501080858687618
406,0.14787476581431314
407,-0.16527536207913818
408,-0.13640243742462022
409,0.11501080858687618
410,0.11501080858687618
411,0.11501080858687618
412,-0.13640243742462022
413,-0.13640243742462022
414,-0.16527536207913818
415,-0.16527536207913818
416,0.14787476581431314
417,-0.16527536207913818
418,0.14787476581431314
419,0.14787476581431314
420,0.11501080858687618
421,-0.16527536207913818
422,0.11501080858687618
423,0.11501080858687618
424,0.11501080858687618
425,0.14787476581431314
426,0.11501080858687618
427,0.11501080858687618
428,-0.16527536207913818
429,0.11501080858687618
430,-0.13640243742462022
431,-0.16527536207913818
432,-0.16527536207913818
433,-0.16527536207913818
434,-0.16527536207913818
435,0.14787476581431314
436,0.11501080858687618
437,-0.16527536207913818
438,0.14787476581431314
439,-0.16527536207913818
440,-0.13640243742462022
441,0.11501080858687618
442,0.14787476581431314
443,0.11501080858687618
444,0.11501080858687618
445,-0.13640243742462022
446,0.11501080858687618
447,0.11501080858687618
448,0.11501080858687618
449,-0.13640243742462022
450,0.11501080858687618
451,0.11501080858687618
452,0.14787476581431314
453,-0.16527536207913818
454,0.14787476581431314
455,-0.13640243742462022
456,0.14787476581431314
457,-0.16527536207913818
458,-0.13640243742462022
459,-0.13640243742462022
460,-0.13640243742462022
461,-0.16527536207913818
462,0.11501080858687618
463,0.11501080858687618
464,-0.13640243742462022
465,-0.13640243742462022
466,0.11501080858687618
467,0.14787476581431314
468,0.11501080858687618
469,-0.13640243742462022
470,-0.16527536207913818
471,0.11501080858687618
472,0.11501080858687618
473,0.11501080858687618
474,0.11501080858687618
475,0.11501080858687618
476,0.11501080858687618
477,-0.16527536207913818
478,-0.16527536207913818
479,-0.16527536207913818
480,0.11501080858687618
481,0.11501080858687618
482,0.11501080858687618
483,-0.16527536207913818
484,-0.13640243742462022
485,-0.13640243742462022
486,0.14787476581431314
487,0.14787476581431314
488,0.11501080858687618
489,-0.13640243742462022
490,-0.16527536207913818
491,-0.13640243742462022
492,-0.13640243742462022
493,-0.13640243742462022
494,0.14787476581431314
495,0.11501080858687618
496,-0.16527536207913818
497,-0.13640243742462022
498,0.11501080858687618
499,0.11501080858687618
500,0.11501080858687618
501,0.14787476581431314
502,0.11501080858687618
503,-0.16527536207913818
504,0.11501080858687618
505,0.11501080858687618
506,0.14787476581431314
507,0.14787476581431314
508,-0.16527536207913818
509,-0.13640243742462022
510,0.11501080858687618
511,0.14787476581431314
512,-0.13640243742462022
513,0.11501080858687618
514,0.14787476581431314
515,0.11501080858687618
516,0.11501080858687618
517,0.11501080858687618
518,0.11501080858687618
519,0.11501080858687618
520,-0.13640243742462022
521,0.11501080858687618
522,-0.16527536207913818
523,0.11501080858687618
524,-0.13640243742462022
525,-0.13640243742462022
526,0.11501080858687618
527,-0.13640243742462022
528,-0.13640243742462022
529,-0.16527536207913818
530,0.14787476581431314
531,0.11501080858687618
532,-0.16527536207913818
533,-0.13640243742462022
534,-0.13640243742462022
535,-0.13640243742462022
536,-0.16527536207913818
537,0.14787476581431314
538,0.11501080858687618
539,0.11501080858687618
540,0.14787476581431314
541,-0.16527536207913818
542,-0.16527536207913818
543,-0.16527536207913818
544,-0.13640243742462022
545,0.11501080858687618
546,0.11501080858687618
547,0.14787476581431314
548,0.14787476581431314
549,0.11501080858687618
550,0.14787476581431314
551,0.11501080858687618
552,-0.16527536207913818
553,-0.16527536207913818
554,0.11501080858687618
555,-0.16527536207913818
556,0.11501080858687618
557,-0.13640243742462022
558,0.14787476581431314
559,0.14787476581431314
560,-0.16527536207913818
561,-0.16527536207913818
562,-0.16527536207913818
563,0.11501080858687618
564,0.14787476581431314
565,0.11501080858687618
566,0.11501080858687618
567,0.14787476581431314
568,0.14787476581431314
569,0.11501080858687618
570,0.14787476581431314
571,-0.13640243742462022
572,0.11501080858687618
573,-0.13640243742462022
574,-0.16527536207913818
575,0.14787476581431314
576,0.14787476581431314
577,0.11501080858687618
578,-0.13640243742462022
579,0.14787476581431314
580,-0.13640243742462022
581,0.14787476581431314
582,-0.13640243742462022
583,0.14787476581431314
584,0.11501080858687618
585,-0.16527536207913818
586,0.14787476581431314
587,-0.13640243742462022
588,0.14787476581431314
589,-0.13640243742462022
590,0.14787476581431314
591,-0.16527536207913818
592,-0.16527536207913818
593,0.11501080858687618
594,-0.16527536207913818
595,-0.13640243742462022
596,-0.13640243742462022
597,-0.13640243742462022
598,-0.16527536207913818
599,-0.16527536207913818
600,-0.13640243742462022
601,-0.13640243742462022
602,0.11501080858687618
603,-0.16527536207913818
604,0.11501080858687618
605,0.11501080858687618
606,-0.13640243742462022
607,-0.13640243742462022
608,0.11501080858687618
609,0.11501080858687618
610,0.14787476581431314
611,0.11501080858687618
612,-0.16527536207913818
613,0.11501080858687618
614,0.14787476581431314
615,0.11501080858687618
616,0.11501080858687618
617,-0.13640243742462022
618,0.11501080858687618
619,0.11501080858687618
620,-0.16527536207913818
621,0.14787476581431314
622,0.11501080858687618
623,0.11501080858687618
624,-0.13640243742462022
625,0.11501080858687618
626,-0.16527536207913818
627,0.11501080858687618
628,-0.16527536207913818
629,-0.16527536207913818
630,0.14787476581431314
631,-0.16527536207913818
632,-0.13640243742462022
633,-0.16527536207913818
634,0.14787476581431314
635,-0.13640243742462022
636,0.14787476581431314
637,0.14787476581431314
638,-0.16527536207913818
639,0.11501080858687618
640,0.14787476581431314
641,-0.16527536207913818
642,0.14787476581431314
643,0.11501080858687618
644,0.14787476581431314
645,0.14787476581431314
646,0.11501080858687618
647,0.14787476581431314
648,-0.13640243742462022
649,-0.16527536207913818
650,0.14787476581431314
651,0.11501080858687618
652,-0.13640243742462022
653,0.11501080858687618
654,-0.16527536207913818
655,-0.16527536207913818
656,-0.16527536207913818
657,0.14787476581431314
658,-0.16527536207913818
659,0.11501080858687618
660,0.14787476581431314
661,-0.16527536207913818
662,0.14787476581431314
663,0.11501080858687618
664,0.11501080858687618
665,-0.13640243742462022
666,-0.16527536207913818
667,0.14787476581431314
668,-0.16527536207913818
669,0.14787476581431314
670,0.11501080858687618
671,0.14787476581431314
672,0.11501080858687618
673,0.11501080858687618
674,0.11501080858687618
675,-0.16527536207913818
676,-0.13640243742462022
677,-0.16527536207913818
678,0.14787476581431314
679,0.11501080858687618
680,-0.13640243742462022
681,-0.13640243742462022
682,-0.16527536207913818
683,0.11501080858687618
684,-0.13640243742462022
685,0.14787476581431314
686,-0.13640243742462022
687,-0.13640243742462022
688,-0.16527536207913818
689,-0.16527536207913818
690,-0.13640243742462022
691,-0.13640243742462022
692,0.11501080858687618
693,0.11501080858687618
694,0.14787476581431314
695,0.14787476581431314
696,0.14787476581431314
697,-0.16527536207913818
698,0.11501080858687618
699,-0.13640243742462022
700,-0.16527536207913818
701,0.11501080858687618
702,-0.13640243742462022
703,-0.13640243742462022
704,0.11501080858687618
705,0.11501080858687618
706,0.11501080858687618
707,-0.16527536207913818
708,0.11501080858687618
709,-0.16527536207913818
710,0.11501080858687618
711,-0.13640243742462022
712,-0.13640243742462022
713,0.14787476581431314
714,0.11501080858687618
715,-0.13640243742462022
716,-0.16527536207913818
717,-0.13640243742462022
718,0.14787476581431314
719,0.14787476581431314
720,-0.16527536207913818
721,0.14787476581431314
722,0.14787476581431314
723,-0.16527536207913818
724,-0.13640243742462022
725,-0.13640243742462022
726,0.11501080858687618
727,-0.13640243742462022
728,-0.13640243742462022
729,-0.13640243742462022
730,0.14787476581431314
731,0.11501080858687618
732,0.14787476581431314
733,0.11501080858687618
734,0.14787476581431314
735,-0.13640243742462022
736,-0.13640243742462022
737,-0.16527536207913818
738,-0.13640243742462022
739,-0.13640243742462022
740,0.11501080858687618
741,0.14787476581431314
742,0.14787476581431314
743,-0.13640243742462022
744,0.11501080858687618
745,0.11501080858687618
746,0.11501080858687618
747,-0.13640243742462022
748,0.14787476581431314
749,-0.16527536207913818
750,-0.13640243742462022
751,-0.16527536207913818
752,-0.16527536207913818
753,0.11501080858687618
754,-0.16527536207913818
755,0.14787476581431314
756,0.14787476581431314
757,-0.13640243742462022
758,0.14787476581431314
759,0.14787476581431314
760,-0.13640243742462022
761,0.14787476581431314
762,0.14787476581431314
763,-0.16527536207913818
764,0.14787476581431314
765,0.14787476581431314
766,-0.16527536207913818
767,0.14787476581431314
768,-0.13640243742462022
769,0.11501080858687618
770,-0.13640243742462022
771,-0.13640243742462022
772,-0.16527536207913818
773,0.14787476581431314
774,0.11501080858687618
775,0.14787476581431314
776,-0.16527536207913818
777,0.11501080858687618
778,-0.16527536207913818
779,-0.13640243742462022
780,-0.13640243742462022
781,-0.13640243742462022
782,-0.13640243742462022
783,0.11501080858687618
784,0.11501080858687618
785,-0.13640243742462022
786,0.14787476581431314
787,0.14787476581431314
788,-0.13640243742462022
789,0.14787476581431314
790,-0.16527536207913818
791,0.11501080858687618
792,-0.16527536207913818
793,-0.13640243742462022
794,-0.16527536207913818
795,0.11501080858687618
796,0.11501080858687618
797,-0.16527536207913818
798,-0.16527536207913818
799,0.14787476581431314
800,-0.13640243742462022
801,-0.16527536207913818
802,-0.16527536207913818
803,-0.16527536207913818
804,-0.13640243742462022
805,-0.16527536207913818
806,0.11501080858687618
807,-0.13640243742462022
808,-0.13640243742462022
809,-0.13640243742462022
810,0.14787476581431314
811,-0.13640243742462022
812,0.14787476581431314
813,-0.13640243742462022
814,0.11501080858687618
815,-0.16527536207913818
816,0.14787476581431314
817,-0.13640243742462022
818,-0.16527536207913818
819,-0.16527536207913818
820,0.11501080858687618
821,-0.16527536207913818
822,-0.16527536207913818
823,0.14787476581431314
824,-0.13640243742462022
825,-0.13640243742462022
826,0.11501080858687618
827,-0.13640243742462022
828,0.11501080858687618
829,-0.13640243742462022
830,-0.13640243742462022
831,0.14787476581431314
832,0.14787476581431314
833,-0.16527536207913818
834,0.14787476581431314
835,0.11501080858687618
836,0.11501080858687618
837,-0.13640243742462022
838,0.11501080858687618
839,0.11501080858687618
840,-0.13640243742462022
841,0.14787476581431314
842,-0.13640243742462022
843,-0.13640243742462022
844,-0.13640243742462022
845,0.14787476581431314
846,-0.13640243742462022
847,0.11501080858687618
848,0.14787476581431314
849,0.11501080858687618
850,0.14787476581431314
851,0.11501080858687618
852,-0.16527536207913818
853,-0.13640243742462022
854,0.14787476581431314
855,-0.16527536207913818
856,0.14787476581431314
857,0.14787476581431314
858,0.14787476581431314
859,-0.16527536207913818
860,-0.13640243742462022
861,-0.16527536207913818
862,0.14787476581431314
863,0.11501080858687618
864,0.14787476581431314
865,-0.16527536207913818
866,0.14787476581431314
867,-0.16527536207913818
868,-0.16527536207913818
869,0.14787476581431314
870,-0.16527536207913818
871,0.11501080858687618
872,0.11501080858687618
873,-0.16527536207913818
874,-0.16527536207913818
875,-0.13640243742462022
876,-0.16527536207913818
877,-0.13640243742462022
878,-0.16527536207913818
879,-0.13640243742462022
880,-0.16527536207913818
881,0.11501080858687618
882,-0.13640243742462022
883,-0.16527536207913818
884,0.11501080858687618
885,0.11501080858687618
886,-0.16527536207913818
887,-0.16527536207913818
888,0.14787476581431314
889,-0.13640243742462022
890,-0.13640243742462022
891,0.14787476581431314
892,-0.13640243742462022
893,0.14787476581431314
894,0.11501080858687618
895,0.11501080858687618
896,-0.13640243742462022
897,-0.13640243742462022
898,0.11501080858687618
899,-0.13640243742462022
900,-0.13640243742462022
901,0.14787476581431314
902,0.14787476581431314
903,0.14787476581431314
904,0.11501080858687618
905,-0.13640243742462022
906,0.14787476581431314
907,-0.13640243742462022
908,0.14787476581431314
909,0.11501080858687618
910,-0.13640243742462022
911,0.14787476581431314
912,0.11501080858687618
913,0.14787476581431314
914,0.11501080858687618
915,-0.16527536207913818
916,0.11501080858687618
917,-0.16527536207913818
918,-0.13640243742462022
919,0.14787476581431314
920,0.14787476581431314
921,0.14787476581431314
922,-0.13640243742462022
923,0.11501080858687618
924,0.11501080858687618
925,-0.16527536207913818
926,-0.13640243742462022
927,-0.16527536207913818
928,-0.13640243742462022
929,0.14787476581431314
930,0.14787476581431314
931,0.14787476581431314
932,-0.13640243742462022
933,0.11501080858687618
934,0.11501080858687618
935,0.14787476581431314
936,0.14787476581431314
937,0.14787476581431314
938,-0.16527536207913818
939,0.11501080858687618
940,-0.16527536207913818
941,0.11501080858687618
942,-0.13640243742462022
943,0.14787476581431314
944,0.14787476581431314
945,-0.16527536207913818
946,-0.13640243742462022
947,0.14787476581431314
948,-0.13640243742462022
949,0.14787476581431314
950,0.14787476581431314
951,-0.13640243742462022
952,0.14787476581431314
953,-0.16527536207913818
954,0.14787476581431314
955,-0.16527536207913818
956,0.14787476581431314
957,-0.16527536207913818
958,0.11501080858687618
959,-0.16527536207913818
960,-0.13640243742462022
961,-0.16527536207913818
962,-0.16527536207913818
963,0.11501080858687618
964,0.14787476581431314
965,0.14787476581431314
966,0.11501080858687618
967,-0.13640243742462022
968,-0.13640243742462022
969,-0.16527536207913818
970,0.14787476581431314
971,-0.16527536207913818
972,-0.13640243742462022
973,0.11501080858687618
974,0.11501080858687618
975,0.11501080858687618
976,-0.13640243742462022
977,0.11501080858687618
978,-0.16527536207913818
979,0.14787476581431314
980,0.11501080858687618
981,0.14787476581431314
982,0.14787476581431314
983,-0.16527536207913818
984,-0.13640243742462022
985,0.14787476581431314
986,-0.13640243742462022
987,-0.13640243742462022
988,-0.16527536207913818
989,-0.16527536207913818
990,-0.13640243742462022
991,-0.13640243742462022
992,0.11501080858687618
993,0.14787476581431314
994,0.11501080858687618
995,-0.13640243742462022
996,-0.16527536207913818
997,0.14787476581431314
998,-0.13640243742462022
999,-0.16527536207913818
1000,0.14787476581431314
1001,0.11501080858687618
1002,0.11501080858687618
1003,-0.16527536207913818
1004,-0.13640243742462022
1005,0.11501080858687618
1006,0.11501080858687618
1007,-0.16527536207913818
1008,-0.13640243742462022
1009,0.14787476581431314
1010,-0.13640243742462022
1011,-0.13640243742462022
1012,0.11501080858687618
1013,0.11501080858687618
1014,-0.16527536207913818
1015,-0.16527536207913818
1016,-0.16527536207913818
1017,-0.16527536207913818
1018,-0.13640243742462022
1019,0.14787476581431314
1020,0.11501080858687618
1021,-0.13640243742462022
1022,-0.13640243742462022
1023,0.11501080858687618
1024,0.14787476581431314
1025,0.14787476581431314
1026,-0.16527536207913818
1027,0.14787476581431314
1028,0.11501080858687618
1029,0.11501080858687618
1030,-0.13640243742462022
1031,0.11501080858687618
1032,0.11501080858687618
1033,0.11501080858687618
1034,-0.13640243742462022
1035,-0.16527536207913818
1036,0.14787476581431314
1037,0.11501080858687618
1038,-0.16527536207913818
1039,-0.16527536207913818
1040,-0.13640243742462022
1041,0.14787476581431314
1042,0.14787476581431314
1043,-0.16527536207913818
1044,-0.13640243742462022
1045,0.14787476581431314
1046,0.11501080858687618
1047,-0.16527536207913818
1048,-0.16527536207913818
1049,0.11501080858687618
1050,0.11501080858687618
1051,0.11501080858687618
1052,-0.16527536207913818
1053,0.11501080858687618
1054,-0.13640243742462022
1055,0.14787476581431314
1056,0.11501080858687618
1057,-0.13640243742462022
1058,0.14787476581431314
1059,0.11501080858687618
1060,-0.16527536207913818
1061,0.14787476581431314
1062,-0.13640243742462022
1063,0.11501080858687618
1064,0.14787476581431314
1065,0.11501080858687618
1066,0.14787476581431314
1067,0.14787476581431314
1068,0.14787476581431314
1069,0.14787476581431314
1070,-0.13640243742462022
1071,0.11501080858687618
1072,-0.13640243742462022
1073,0.11501080858687618
1074,0.11501080858687618
1075,-0.16527536207913818
1076,0.11501080858687618
1077,0.11501080858687618
1078,-0.16527536207913818
1079,0.11501080858687618
1080,-0.16527536207913818
1081,0.11501080858687618
1082,-0.16527536207913818
1083,0.11501080858687618
1084,0.11501080858687618
1085,-0.13640243742462022
1086,0.14787476581431314
1087,0.14787476581431314
1088,-0.16527536207913818
1089,-0.16527536207913818
1090,-0.16527536207913818
1091,0.11501080858687618
1092,0.14787476581431314
1093,0.11501080858687618
1094,-0.16527536207913818
1095,-0.13640243742462022
1096,0.11501080858687618
1097,0.11501080858687618
1098,0.14787476581431314
1099,-0.16527536207913818
1100,0.14787476581431314
1101,0.11501080858687618
1102,-0.16527536207913818
1103,0.11501080858687618
1104,-0.16527536207913818
1105,0.14787476581431314
1106,0.14787476581431314
1107,-0.16527536207913818
1108,0.11501080858687618
1109,-0.16527536207913818
1110,-0.13640243742462022
1111,0.11501080858687618
1112,-0.16527536207913818
1113,0.14787476581431314
1114,0.14787476581431314
1115,0.11501080858687618
1116,-0.13640243742462022
1117,-0.16527536207913818
1118,-0.16527536207913818
1119,-0.13640243742462022
1120,0.11501080858687618
1121,-0.16527536207913818
1122,0.11501080858687618
1123,0.11501080858687618
1124,0.11501080858687618
1125,-0.13640243742462022
1126,0.14787476581431314
1127,-0.13640243742462022
1128,0.11501080858687618
1129,0.14787476581431314
1130,-0.16527536207913818
1131,0.14787476581431314
1132,0.11501080858687618
1133,-0.16527536207913818
1134,0.11501080858687618
1135,0.14787476581431314
1136,0.14787476581431314
1137,0.11501080858687618
1138,-0.13640243742462022
1139,0.11501080858687618
1140,0.11501080858687618
1141,0.14787476581431314
1142,0.11501080858687618
1143,0.11501080858687618
1144,0.14787476581431314
1145,0.11501080858687618
1146,-0.16527536207913818
1147,-0.13640243742462022
1148,0.14787476581431314
1149,0.11501080858687618
1150,-0.13640243742462022
1151,0.14787476581431314
1152,0.11501080858687618
1153,0.14787476581431314
1154,-0.16527536207913818
1155,-0.16527536207913818
1156,-0.16527536207913818
1157,-0.16527536207913818
1158,0.11501080858687618
1159,0.14787476581431314
1160,-0.13640243742462022
1161,0.11501080858687618
1162,0.14787476581431314
1163,0.14787476581431314
1164,-0.16527536207913818
1165,-0.16527536207913818
1166,0.11501080858687618
1167,-0.16527536207913818
1168,-0.13640243742462022
1169,-0.16527536207913818
1170,0.11501080858687618
1171,-0.13640243742462022
1172,-0.13640243742462022
1173,0.11501080858687618
1174,0.11501080858687618
1175,0.11501080858687618
1176,0.11501080858687618
1177,-0.13640243742462022
1178,-0.16527536207913818
1179,-0.16527536207913818
1180,0.11501080858687618
1181,-0.16527536207913818
1182,-0.13640243742462022
1183,0.14787476581431314
1184,-0.13640243742462022
1185,-0.16527536207913818
1186,-0.13640243742462022
1187,-0.16527536207913818
1188,0.11501080858687618
1189,0.11501080858687618
1190,0.14787476581431314
1191,0.14787476581431314
1192,-0.13640243742462022
1193,-0.13640243742462022
1194,-0.16527536207913818
1195,-0.13640243742462022
1196,0.11501080858687618
1197,-0.13640243742462022
1198,0.14787476581431314
1199,0.11501080858687618
1200,0.11501080858687618
1201,-0.13640243742462022
1202,0.11501080858687618
1203,-0.16527536207913818
1204,0.11501080858687618
1205,0.14787476581431314
1206,0.11501080858687618
1207,-0.13640243742462022
1208,0.14787476581431314
1209,0.14787476581431314
1210,0.14787476581431314
1211,0.14787476581431314
1212,0.14787476581431314
1213,0.14787476581431314
1214,-0.13640243742462022
1215,-0.16527536207913818
1216,-0.13640243742462022
1217,0.14787476581431314
1218,0.14787476581431314
1219,-0.16527536207913818
1220,-0.16527536207913818
1221,0.11501080858687618
1222,-0.16527536207913818
1223,0.11501080858687618
1224,0.11501080858687618
1225,-0.13640243742462022
1226,-0.16527536207913818
1227,-0.13640243742462022
1228,-0.13640243742462022
1229,-0.16527536207913818
1230,-0.16527536207913818
1231,0.14787476581431314
1232,0.14787476581431314
1233,0.11501080858687618
1234,-0.13640243742462022
1235,0.14787476581431314
1236,0.11501080858687618
1237,-0.13640243742462022
1238,0.11501080858687618
1239,0.14787476581431314
1240,-0.13640243742462022
1241,-0.13640243742462022
1242,0.11501080858687618
1243,-0.13640243742462022
1244,0.11501080858687618
1245,-0.16527536207913818
1246,-0.16527536207913818
1247,0.14787476581431314
1248,0.11501080858687618
1249,0.11501080858687618
1250,0.11501080858687618
1251,0.11501080858687618
1252,0.14787476581431314
1253,-0.13640243742462022
1254,-0.13640243742462022
1255,0.11501080858687618
1256,-0.16527536207913818
1257,0.14787476581431314
1258,0.11501080858687618
1259,-0.13640243742462022
1260,0.14787476581431314
1261,-0.13640243742462022
1262,0.14787476581431314
1263,0.11501080858687618
1264,-0.16527536207913818
1265,-0.16527536207913818
1266,-0.13640243742462022
1267,-0.13640243742462022
1268,0.11501080858687618
1269,0.14787476581431314
1270,0.11501080858687618
1271,0.14787476581431314
1272,0.11501080858687618
1273,0.11501080858687618
1274,0.14787476581431314
1275,0.14787476581431314
1276,-0.13640243742462022
1277,0.14787476581431314
1278,0.14787476581431314
1279,0.11501080858687618
1280,0.11501080858687618
1281,0.11501080858687618
1282,0.11501080858687618
1283,0.14787476581431314
1284,-0.13640243742462022
1285,-0.13640243742462022
1286,0.14787476581431314
1287,-0.16527536207913818
1288,-0.13640243742462022
1289,0.11501080858687618
1290,-0.16527536207913818
1291,-0.13640243742462022
1292,0.14787476581431314
1293,0.11501080858687618
1294,-0.16527536207913818
1295,-0.16527536207913818
1296,0.11501080858687618
1297,0.14787476581431314
1298,0.14787476581431314
1299,-0.16527536207913818
1300,0.14787476581431314
1301,0.11501080858687618
1302,-0.13640243742462022
1303,-0.16527536207913818
1304,-0.13640243742462022
1305,-0.16527536207913818
1306,-0.16527536207913818
1307,-0.13640243742462022
1308,-0.13640243742462022
1309,0.14787476581431314
1310,-0.16527536207913818
1311,-0.13640243742462022
1312,0.14787476581431314
1313,-0.13640243742462022
1314,0.14787476581431314
1315,0.14787476581431314
1316,0.14787476581431314
1317,-0.16527536207913818
1318,0.14787476581431314
1319,0.14787476581431314
1320,-0.16527536207913818
1321,0.14787476581431314
1322,0.11501080858687618
1323,-0.16527536207913818
1324,0.14787476581431314
1325,-0.13640243742462022
1326,-0.13640243742462022
1327,-0.13640243742462022
1328,-0.16527536207913818
1329,0.14787476581431314
1330,0.11501080858687618
1331,-0.16527536207913818
1332,0.14787476581431314
1333,-0.13640243742462022
1334,0.11501080858687618
1335,0.11501080858687618
1336,-0.16527536207913818
1337,-0.13640243742462022
1338,-0.13640243742462022
1339,0.11501080858687618
1340,0.14787476581431314
1341,0.11501080858687618
1342,0.11501080858687618
1343,0.14787476581431314
1344,-0.16527536207913818
1345,0.14787476581431314
1346,-0.16527536207913818
1347,0.11501080858687618
1348,-0.16527536207913818
1349,-0.16527536207913818
1350,0.11501080858687618
1351,0.14787476581431314
1352,0.11501080858687618
1353,0.11501080858687618
1354,-0.16527536207913818
1355,0.14787476581431314
1356,-0.13640243742462022
1357,0.11501080858687618
1358,0.11501080858687618
1359,0.14787476581431314
1360,0.11501080858687618
1361,-0.13640243742462022
1362,0.11501080858687618
1363,0.11501080858687618
1364,0.11501080858687618
1365,-0.13640243742462022
1366,-0.13640243742462022
1367,-0.13640243742462022
1368,-0.13640243742462022
1369,0.14787476581431314
1370,0.14787476581431314
1371,0.11501080858687618
1372,-0.16527536207913818
1373,0.11501080858687618
1374,-0.16527536207913818
1375,-0.13640243742462022
1376,0.11501080858687618
1377,0.11501080858687618
1378,0.11501080858687618
1379,-0.13640243742462022
1380,0.14787476581431314
1381,0.11501080858687618
1382,0.11501080858687618
1383,0.11501080858687618
1384,0.14787476581431314
1385,0.11501080858687618
1386,-0.13640243742462022
1387,-0.13640243742462022
1388,-0.13640243742462022
1389,0.11501080858687618
1390,-0.13640243742462022
1391,-0.13640243742462022
1392,0.11501080858687618
1393,-0.13640243742462022
1394,0.11501080858687618
1395,-0.16527536207913818
1396,-0.13640243742462022
1397,0.11501080858687618
1398,-0.13640243742462022
1399,0.11501080858687618
1400,0.11501080858687618
1401,0.14787476581431314
1402,0.14787476581431314
1403,-0.16527536207913818
1404,0.14787476581431314
1405,-0.16527536207913818
1406,-0.16527536207913818
1407,-0.16527536207913818
1408,0.11501080858687618
1409,-0.13640243742462022
1410,0.14787476581431314
1411,-0.16527536207913818
1412,-0.16527536207913818
1413,-0.13640243742462022
1414,0.14787476581431314
1415,0.11501080858687618
1416,-0.16527536207913818
1417,-0.16527536207913818
1418,0.14787476581431314
1419,0.14787476581431314
1420,-0.16527536207913818
1421,0.14787476581431314
1422,-0.13640243742462022
1423,0.11501080858687618
1424,-0.13640243742462022
1425,-0.13640243742462022
1426,-0.16527536207913818
1427,0.11501080858687618
1428,0.14787476581431314
1429,0.14787476581431314
1430,0.14787476581431314
1431,0.14787476581431314
1432,-0.16527536207913818
1433,0.14787476581431314
1434,-0.13640243742462022
1435,-0.13640243742462022
1436,-0.13640243742462022
1437,0.14787476581431314
1438,0.14787476581431314
1439,0.11501080858687618
1440,-0.13640243742462022
1441,0.11501080858687618
1442,0.11501080858687618
1443,-0.13640243742462022
1444,0.14787476581431314
1445,0.11501080858687618
1446,0.14787476581431314
1447,0.14787476581431314
1448,0.14787476581431314
1449,-0.16527536207913818
1450,-0.13640243742462022
1451,-0.13640243742462022
1452,0.11501080858687618
1453,-0.13640243742462022
1454,0.14787476581431314
1455,0.14787476581431314
1456,-0.16527536207913818
1457,0.11501080858687618
1458,0.11501080858687618
1459,-0.16527536207913818
1460,0.14787476581431314
1461,-0.13640243742462022
1462,0.14787476581431314
1463,-0.13640243742462022
1464,0.11501080858687618
1465,0.11501080858687618
1466,-0.16527536207913818
1467,-0.13640243742462022
1468,0.11501080858687618
1469,-0.13640243742462022
1470,-0.13640243742462022
1471,-0.16527536207913818
1472,0.14787476581431314
1473,-0.16527536207913818
1474,0.14787476581431314
1475,0.14787476581431314
1476,0.11501080858687618
1477,0.14787476581431314
1478,0.11501080858687618
1479,0.14787476581431314
1480,0.14787476581431314
1481,0.14787476581431314
1482,-0.13640243742462022
1483,-0.13640243742462022
1484,0.14787476581431314
1485,0.11501080858687618
1486,-0.16527536207913818
1487,-0.13640243742462022
1488,0.11501080858687618
1489,0.11501080858687618
1490,0.14787476581431314
1491,0.11501080858687618
1492,-0.16527536207913818
1493,0.14787476581431314
1494,-0.16527536207913818
1495,-0.13640243742462022
1496,0.11501080858687618
1497,-0.16527536207913818
1498,0.14787476581431314
1499,0.11501080858687618
1500,0.11501080858687618
1501,0.11501080858687618
1502,-0.13640243742462022
1503,0.11501080858687618
1504,0.11501080858687618
1505,0.14787476581431314
1506,-0.13640243742462022
1507,0.11501080858687618
1508,0.11501080858687618
1509,0.11501080858687618
1510,0.14787476581431314
1511,-0.13640243742462022
1512,-0.16527536207913818
1513,0.11501080858687618
1514,0.14787476581431314
1515,-0.13640243742462022
1516,0.14787476581431314
1517,0.14787476581431314
1518,0.11501080858687618
1519,-0.16527536207913818
1520,0.11501080858687618
1521,-0.13640243742462022
1522,-0.13640243742462022
1523,0.14787476581431314
1524,0.14787476581431314
1525,0.11501080858687618
1526,0.14787476581431314
1527,0.14787476581431314
1528,-0.13640243742462022
1529,-0.13640243742462022
1530,-0.13640243742462022
1531,0.14787476581431314
1532,0.14787476581431314
1533,0.14787476581431314
1534,0.14787476581431314
1535,-0.13640243742462022
1536,-0.16527536207913818
1537,-0.16527536207913818
1538,0.11501080858687618
1539,0.14787476581431314
1540,0.11501080858687618
1541,0.11501080858687618
1542,-0.13640243742462022
1543,0.14787476581431314
1544,0.14787476581431314
1545,0.11501080858687618
1546,0.11501080858687618
1547,0.14787476581431314
1548,0.14787476581431314
1549,-0.16527536207913818
1550,0.14787476581431314
1551,0.11501080858687618
1552,-0.16527536207913818
1553,-0.13640243742462022
1554,-0.13640243742462022
1555,0.14787476581431314
1556,-0.16527536207913818
1557,-0.13640243742462022
1558,-0.16527536207913818
1559,-0.13640243742462022
1560,-0.13640243742462022
1561,-0.16527536207913818
1562,0.11501080858687618
1563,0.11501080858687618
1564,-0.13640243742462022
1565,0.11501080858687618
1566,0.11501080858687618
1567,-0.13640243742462022
1568,0.14787476581431314
1569,0.14787476581431314
1570,-0.16527536207913818
1571,0.11501080858687618
1572,0.11501080858687618
1573,0.14787476581431314
1574,0.11501080858687618
1575,0.14787476581431314
1576,0.11501080858687618
1577,0.11501080858687618
1578,-0.13640243742462022
1579,-0.13640243742462022
1580,-0.13640243742462022
1581,-0.13640243742462022
1582,0.14787476581431314
1583,0.11501080858687618
1584,0.14787476581431314
1585,-0.13640243742462022
1586,-0.16527536207913818
1587,0.14787476581431314
1588,-0.16527536207913818
1589,0.14787476581431314
1590,-0.16527536207913818
1591,-0.13640243742462022
1592,0.11501080858687618
1593,-0.16527536207913818
1594,-0.16527536207913818
1595,0.14787476581431314
1596,0.11501080858687618
1597,-0.13640243742462022
1598,0.11501080858687618
1599,0.11501080858687618
1600,-0.13640243742462022
1601,0.14787476581431314
1602,-0.13640243742462022
1603,0.11501080858687618
1604,0.14787476581431314
1605,0.11501080858687618
1606,-0.13640243742462022
1607,0.11501080858687618
1608,0.11501080858687618
1609,-0.13640243742462022
1610,-0.16527536207913818
1611,-0.16527536207913818
1612,-0.16527536207913818
1613,-0.16527536207913818
1614,0.14787476581431314
1615,0.11501080858687618
1616,0.14787476581431314
1617,0.11501080858687618
1618,0.14787476581431314
1619,0.11501080858687618
1620,-0.16527536207913818
1621,0.14787476581431314
1622,-0.16527536207913818
1623,0.14787476581431314
1624,-0.16527536207913818
1625,-0.16527536207913818
1626,0.11501080858687618
1627,0.14787476581431314
1628,0.11501080858687618
1629,0.11501080858687618
1630,0.11501080858687618
1631,-0.16527536207913818
1632,0.14787476581431314
1633,-0.13640243742462022
1634,0.11501080858687618
1635,-0.16527536207913818
1636,-0.13640243742462022
1637,-0.13640243742462022
1638,0.14787476581431314
1639,0.11501080858687618
1640,0.11501080858687618
1641,-0.16527536207913818
1642,0.14787476581431314
1643,0.14787476581431314
1644,0.11501080858687618
1645,-0.13640243742462022
1646,0.11501080858687618
1647,0.11501080858687618
1648,0.14787476581431314
1649,0.14787476581431314
1650,-0.13640243742462022
1651,-0.13640243742462022
1652,-0.16527536207913818
1653,-0.16527536207913818
1654,-0.13640243742462022
1655,-0.16527536207913818
1656,-0.13640243742462022
1657,0.11501080858687618
1658,0.11501080858687618
1659,0.14787476581431314
1660,0.14787476581431314
1661,0.11501080858687618
1662,0.11501080858687618
1663,-0.16527536207913818
1664,-0.13640243742462022
1665,0.11501080858687618
1666,0.11501080858687618
1667,-0.13640243742462022
1668,-0.13640243742462022
1669,-0.16527536207913818
1670,0.14787476581431314
1671,-0.16527536207913818
1672,-0.13640243742462022
1673,0.14787476581431314
1674,-0.16527536207913818
1675,-0.16527536207913818
1676,-0.13640243742462022
1677,0.14787476581431314
1678,-0.16527536207913818
1679,-0.13640243742462022
1680,0.11501080858687618
1681,0.14787476581431314
1682,0.14787476581431314
1683,0.14787476581431314
1684,-0.16527536207913818
1685,-0.13640243742462022
1686,-0.16527536207913818
1687,0.14787476581431314
1688,-0.13640243742462022
1689,-0.13640243742462022
1690,0.11501080858687618
1691,-0.13640243742462022
1692,0.11501080858687618
1693,0.11501080858687618
1694,-0.13640243742462022
1695,0.11501080858687618
1696,0.14787476581431314
1697,-0.13640243742462022
1698,-0.16527536207913818
1699,0.11501080858687618
1700,-0.13640243742462022
1701,-0.13640243742462022
1702,-0.16527536207913818
1703,-0.13640243742462022
1704,0.11501080858687618
1705,-0.13640243742462022
1706,-0.16527536207913818
1707,-0.13640243742462022
1708,-0.13640243742462022
1709,-0.13640243742462022
1710,-0.16527536207913818
1711,-0.13640243742462022
1712,0.14787476581431314
1713,0.11501080858687618
1714,-0.16527536207913818
1715,0.14787476581431314
1716,-0.16527536207913818
1717,-0.16527536207913818
1718,0.14787476581431314
1719,0.11501080858687618
1720,-0.16527536207913818
1721,-0.13640243742462022
1722,0.11501080858687618
1723,0.11501080858687618
1724,-0.13640243742462022
1725,0.14787476581431314
1726,-0.13640243742462022
1727,-0.13640243742462022
1728,0.11501080858687618
1729,0.14787476581431314
1730,0.14787476581431314
1731,-0.16527536207913818
1732,0.14787476581431314
1733,0.14787476581431314
1734,0.14787476581431314
1735,0.11501080858687618
1736,0.11501080858687618
1737,-0.16527536207913818
1738,-0.16527536207913818
1739,-0.13640243742462022
1740,0.11501080858687618
1741,0.11501080858687618
1742,-0.13640243742462022
1743,0.11501080858687618
1744,-0.13640243742462022
1745,0.11501080858687618
1746,0.11501080858687618
1747,0.11501080858687618
1748,0.14787476581431314
1749,0.14787476581431314
1750,0.11501080858687618
1751,0.14787476581431314
1752,-0.13640243742462022
1753,0.14787476581431314
1754,0.11501080858687618
1755,0.11501080858687618
1756,0.14787476581431314
1757,0.14787476581431314
1758,-0.13640243742462022
1759,-0.13640243742462022
1760,-0.13640243742462022
1761,-0.13640243742462022
1762,-0.13640243742462022
1763,-0.13640243742462022
1764,-0.13640243742462022
1765,0.11501080858687618
1766,0.11501080858687618
1767,0.14787476581431314
1768,0.11501080858687618
1769,-0.13640243742462022
1770,-0.13640243742462022
1771,-0.13640243742462022
1772,0.14787476581431314
1773,-0.16527536207913818
1774,0.11501080858687618
1775,-0.13640243742462022
1776,-0.16527536207913818
1777,0.11501080858687618
1778,-0.16527536207913818
1779,-0.13640243742462022
1780,-0.16527536207913818
1781,-0.16527536207913818
1782,-0.13640243742462022
1783,0.11501080858687618
1784,-0.16527536207913818
1785,0.11501080858687618
1786,-0.13640243742462022
1787,-0.13640243742462022
1788,-0.13640243742462022
1789,0.11501080858687618
1790,0.14787476581431314
1791,-0.16527536207913818
1792,-0.13640243742462022
1793,-0.16527536207913818
1794,-0.13640243742462022
1795,0.11501080858687618
1796,0.14787476581431314
1797,0.11501080858687618
1798,0.11501080858687618
1799,0.11501080858687618
1800,0.14787476581431314
1801,-0.13640243742462022
1802,0.14787476581431314
1803,0.11501080858687618
1804,0.11501080858687618
1805,0.11501080858687618
1806,0.11501080858687618
1807,0.14787476581431314
1808,-0.13640243742462022
1809,0.14787476581431314
1810,-0.16527536207913818
1811,0.11501080858687618
1812,0.11501080858687618
1813,-0.13640243742462022
1814,0.11501080858687618
1815,0.11501080858687618
1816,0.14787476581431314
1817,0.11501080858687618
1818,0.14787476581431314
1819,0.11501080858687618
1820,0.11501080858687618
1821,-0.13640243742462022
1822,0.14787476581431314
1823,-0.13640243742462022
1824,-0.16527536207913818
1825,0.11501080858687618
1826,0.14787476581431314
1827,0.14787476581431314
1828,-0.16527536207913818
1829,0.11501080858687618
1830,0.14787476581431314
1831,0.14787476581431314
1832,-0.16527536207913818
1833,-0.13640243742462022
1834,0.11501080858687618
1835,-0.16527536207913818
1836,0.11501080858687618
1837,0.14787476581431314
1838,0.14787476581431314
1839,0.11501080858687618
1840,-0.13640243742462022
1841,-0.13640243742462022
1842,0.14787476581431314
1843,0.11501080858687618
1844,0.14787476581431314
1845,0.14787476581431314
1846,0.11501080858687618
1847,-0.13640243742462022
1848,-0.13640243742462022
1849,-0.16527536207913818
1850,0.11501080858687618
1851,-0.13640243742462022
1852,0.11501080858687618
1853,-0.13640243742462022
1854,0.11501080858687618
1855,-0.13640243742462022
1856,0.14787476581431314
1857,0.14787476581431314
1858,0.14787476581431314
1859,0.11501080858687618
1860,-0.16527536207913818
1861,-0.13640243742462022
1862,-0.13640243742462022
1863,-0.16527536207913818
1864,-0.13640243742462022
1865,0.14787476581431314
1866,-0.16527536207913818
1867,0.11501080858687618
1868,-0.16527536207913818
1869,-0.16527536207913818
1870,0.14787476581431314
1871,0.11501080858687618
1872,0.14787476581431314
1873,-0.13640243742462022
1874,0.14787476581431314
1875,0.11501080858687618
1876,0.14787476581431314
1877,0.11501080858687618
1878,-0.16527536207913818
1879,0.14787476581431314
1880,0.11501080858687618
1881,-0.13640243742462022
1882,-0.16527536207913818
1883,-0.16527536207913818
1884,0.14787476581431314
1885,-0.13640243742462022
1886,0.14787476581431314
1887,0.14787476581431314
1888,-0.13640243742462022
1889,0.11501080858687618
1890,0.11501080858687618
1891,-0.13640243742462022
1892,-0.13640243742462022
1893,0.11501080858687618
1894,-0.13640243742462022
1895,-0.16527536207913818
1896,0.11501080858687618
1897,-0.13640243742462022
1898,0.14787476581431314
1899,-0.13640243742462022
1900,-0.16527536207913818
1901,-0.16527536207913818
1902,0.11501080858687618
1903,0.11501080858687618
1904,-0.13640243742462022
1905,-0.16527536207913818
1906,0.11501080858687618
1907,0.11501080858687618
1908,-0.13640243742462022
1909,0.11501080858687618
1910,-0.13640243742462022
1911,-0.13640243742462022
1912,0.14787476581431314
1913,0.14787476581431314
1914,-0.13640243742462022
1915,0.14787476581431314
1916,-0.16527536207913818
1917,-0.13640243742462022
1918,-0.16527536207913818
1919,-0.13640243742462022
1920,0.14787476581431314
1921,-0.13640243742462022
1922,-0.13640243742462022
1923,0.14787476581431314
1924,0.11501080858687618
1925,0.14787476581431314
1926,-0.13640243742462022
1927,-0.13640243742462022
1928,0.14787476581431314
1929,-0.13640243742462022
1930,-0.13640243742462022
1931,-0.13640243742462022
1932,0.14787476581431314
1933,0.11501080858687618
1934,-0.13640243742462022
1935,0.14787476581431314
1936,0.11501080858687618
1937,-0.13640243742462022
1938,0.14787476581431314
1939,-0.13640243742462022
1940,0.11501080858687618
1941,0.14787476581431314
1942,0.14787476581431314
1943,0.11501080858687618
1944,0.14787476581431314
1945,0.14787476581431314
1946,0.14787476581431314
1947,-0.16527536207913818
1948,-0.13640243742462022
1949,0.14787476581431314
1950,0.11501080858687618
1951,-0.13640243742462022
1952,0.11501080858687618
1953,-0.13640243742462022
1954,-0.13640243742462022
1955,0.11501080858687618
1956,0.14787476581431314
1957,0.11501080858687618
1958,-0.16527536207913818
1959,0.14787476581431314
1960,0.11501080858687618
1961,-0.16527536207913818
1962,-0.13640243742462022
1963,-0.16527536207913818
1964,0.11501080858687618
1965,0.14787476581431314
1966,-0.13640243742462022
1967,0.11501080858687618
1968,0.14787476581431314
1969,0.14787476581431314
1970,0.11501080858687618
1971,-0.13640243742462022
1972,-0.16527536207913818
1973,-0.13640243742462022
1974,-0.13640243742462022
1975,0.11501080858687618
1976,0.11501080858687618
1977,-0.16527536207913818
1978,0.14787476581431314
1979,0.14787476581431314
1980,0.11501080858687618
1981,-0.16527536207913818
1982,0.14787476581431314
1983,-0.16527536207913818
1984,-0.16527536207913818
1985,0.14787476581431314
1986,0.14787476581431314
1987,0.11501080858687618
1988,-0.13640243742462022
1989,0.14787476581431314
1990,0.14787476581431314
1991,0.11501080858687618
1992,-0.13640243742462022
1993,0.14787476581431314
1994,0.14787476581431314
1995,-0.16527536207913818
1996,-0.13640243742462022
1997,0.14787476581431314
1998,0.14787476581431314
1999,-0.13640243742462022
2000,0.14787476581431314
2001,0.11501080858687618
2002,-0.13640243742462022
2003,-0.16527536207913818
2004,-0.13640243742462022
2005,-0.16527536207913818
2006,0.11501080858687618
2007,-0.13640243742462022
2008,-0.13640243742462022
2009,0.14787476581431314
2010,0.11501080858687618
2011,-0.13640243742462022
2012,-0.13640243742462022
2013,-0.13640243742462022
2014,0.11501080858687618
2015,0.14787476581431314
2016,-0.13640243742462022
2017,-0.13640243742462022
2018,-0.13640243742462022
2019,0.14787476581431314
2020,0.11501080858687618
2021,-0.16527536207913818
2022,-0.16527536207913818
2023,0.11501080858687618
2024,0.14787476581431314
2025,-0.16527536207913818
2026,0.11501080858687618
2027,0.11501080858687618
2028,-0.16527536207913818
2029,-0.13640243742462022
2030,0.14787476581431314
2031,-0.13640243742462022
2032,-0.13640243742462022
2033,0.14787476581431314
2034,0.11501080858687618
2035,0.11501080858687618
2036,0.11501080858687618
2037,0.11501080858687618
2038,0.14787476581431314
2039,0.11501080858687618
2040,-0.16527536207913818
2041,0.14787476581431314
2042,-0.13640243742462022
2043,-0.16527536207913818
2044,0.11501080858687618
2045,-0.16527536207913818
2046,0.11501080858687618
2047,-0.16527536207913818
2048,-0.13640243742462022
2049,0.14787476581431314
2050,-0.13640243742462022
2051,0.11501080858687618
2052,0.11501080858687618
2053,0.14787476581431314
2054,0.11501080858687618
2055,0.11501080858687618
2056,-0.13640243742462022
2057,0.11501080858687618
2058,-0.16527536207913818
2059,-0.16527536207913818
2060,0.14787476581431314
2061,-0.13640243742462022
2062,-0.13640243742462022
2063,0.11501080858687618
2064,-0.16527536207913818
2065,0.14787476581431314
2066,0.11501080858687618
2067,0.14787476581431314
2068,0.14787476581431314
2069,0.11501080858687618
2070,-0.13640243742462022
2071,-0.13640243742462022
2072,0.14787476581431314
2073,-0.13640243742462022
2074,0.14787476581431314
2075,0.14787476581431314
2076,-0.16527536207913818
2077,-0.13640243742462022
2078,0.11501080858687618
2079,-0.16527536207913818
2080,-0.16527536207913818
2081,0.14787476581431314
2082,-0.13640243742462022
2083,0.14787476581431314
2084,0.11501080858687618
2085,-0.16527536207913818
2086,0.11501080858687618
2087,-0.16527536207913818
2088,-0.16527536207913818
2089,0.11501080858687618
2090,0.11501080858687618
2091,0.14787476581431314
2092,0.14787476581431314
2093,0.11501080858687618
2094,0.14787476581431314
2095,0.14787476581431314
2096,-0.13640243742462022
2097,-0.16527536207913818
2098,0.11501080858687618
2099,0.11501080858687618
2100,0.11501080858687618
2101,-0.16527536207913818
2102,0.14787476581431314
2103,0.11501080858687618
2104,0.14787476581431314
2105,-0.13640243742462022
2106,0.11501080858687618
2107,0.11501080858687618
2108,-0.16527536207913818
2109,-0.16527536207913818
2110,-0.16527536207913818
2111,0.11501080858687618
2112,-0.13640243742462022
2113,0.14787476581431314
2114,0.11501080858687618
2115,0.14787476581431314
2116,0.11501080858687618
2117,0.11501080858687618
2118,0.11501080858687618
2119,0.11501080858687618
2120,-0.13640243742462022
2121,0.14787476581431314
2122,-0.16527536207913818
2123,0.11501080858687618
2124,0.14787476581431314
2125,-0.16527536207913818
2126,-0.13640243742462022
2127,0.14787476581431314
2128,0.11501080858687618
2129,-0.16527536207913818
2130,0.14787476581431314
2131,0.11501080858687618
2132,0.11501080858687618
2133,0.14787476581431314
2134,-0.16527536207913818
2135,0.14787476581431314
2136,0.11501080858687618
2137,-0.16527536207913818
2138,0.11501080858687618
2139,0.11501080858687618
2140,0.14787476581431314
2141,0.11501080858687618
2142,0.11501080858687618
2143,-0.16527536207913818
2144,-0.13640243742462022
2145,0.11501080858687618
2146,0.11501080858687618
2147,0.11501080858687618
2148,-0.13640243742462022
2149,-0.13640243742462022
2150,0.14787476581431314
2151,0.11501080858687618
2152,0.14787476581431314
2153,0.14787476581431314
2154,0.14787476581431314
2155,0.11501080858687618
2156,-0.16527536207913818
2157,0.14787476581431314
2158,0.14787476581431314
2159,0.14787476581431314
2160,-0.13640243742462022
2161,-0.16527536207913818
2162,0.14787476581431314
2163,-0.13640243742462022
2164,0.14787476581431314
