,pve
0,-0.020591276123444358
1,0.013584878182472448
2,0.03733019193105436
3,-0.028340016469191043
4,0.022166340735227497
5,-0.029637515309656748
6,-0.022782937017354343
7,0.013824141709450566
8,0.02694131527197452
9,0.021853570856028015
10,-0.020667808727704184
11,0.02293742587446479
12,-0.021252849043133515
13,-0.026297732789308137
14,0.0033763862350742746
15,0.027717645439764516
16,0.019447904459589882
17,-0.018963453898690252
18,-0.019687169035218388
19,-0.0297694008471715
20,0.02042758548378043
21,-0.022426121704058666
22,0.020631343094789978
23,0.017177632875573834
24,-0.02019832033110469
25,0.030201063857819843
26,-0.020178949508978805
27,0.003306981837484596
28,0.042520497096503185
29,-0.020467310772365632
30,-0.020003265119315605
31,-0.024444776516338695
32,-0.028688965176170367
33,0.013584878182472448
34,0.03216567121087821
35,0.009012649597928413
36,-0.02581462470889273
37,0.009024444743973015
38,0.01843939634901648
39,-0.022836807602572673
40,-0.026297732789308137
41,-0.027029165670451993
42,0.01186830150086815
43,0.035160664923616025
44,0.030709682975261998
45,0.0258315623345452
46,0.01837959686663526
47,0.012139739204350963
48,-0.028932673360718697
49,0.003306981837484596
50,0.02752281943143564
51,0.015249705554596038
52,-0.020390624311703853
53,0.03418813867003079
54,0.031937591386367314
55,0.01990314194023779
56,0.022544011190422597
57,0.01225134074741896
58,0.017688616919539935
59,-0.020697203261408004
60,-0.027902294439671183
61,-0.026023690828614332
62,-0.021626536060765034
63,-0.021252849043133515
64,-0.028751608236887383
65,0.0025652646074692254
66,0.0055043573486845965
67,-0.018802242829543125
68,0.012754232860562209
69,0.020845640983247815
70,-0.02404301357984262
71,0.01059793798516212
72,-0.025347620465016485
73,0.03304306483120123
74,0.02009800155132868
75,0.03726358177987055
76,0.013341617257135008
77,0.03322561779705924
78,0.009013567507640874
79,-0.02096461243763914
80,-0.027619376831831466
81,0.008360682321898683
82,-0.02257279527896333
83,0.018190145563345195
84,-0.029014220944443836
85,-0.02048949305139036
86,0.010157679931305397
87,0.009028780405890169
88,-0.022836807602572673
89,-0.028889306648744006
90,0.005811427472756647
91,-0.023255808718630866
92,0.012823637723223147
93,0.010645165225239839
94,0.029507533150992638
95,-0.021841328746449395
96,0.04610560855857737
97,0.012067277117096653
98,-0.0017925304024095645
99,0.01059793798516212
100,0.021853570856028015
101,-0.022532848615056444
102,-0.019721278944580645
103,0.004916398931374633
104,0.006605006745795783
105,-0.020003265119315605
106,-0.022772905115251985
107,0.019531043346579402
108,0.01873560780845729
109,0.019086152189495387
110,0.013874921883454294
111,-0.020068870860714516
112,-0.023875246564917352
113,0.0034902382610706995
114,0.011073415241179774
115,-0.018518778197908814
116,-0.02254338368620601
117,0.013896475229676852
118,0.028206117104574546
119,-0.021413868057644336
120,0.011511465459304149
121,0.0250665536418071
122,0.007194560886430057
123,-0.02028571619204189
124,0.020845640983247815
125,0.020642295020446677
126,0.014791785281150271
127,-0.025102613060257017
128,-0.024821470541324553
129,-0.023518039192843565
130,0.04717955650991068
131,0.061535940518359755
132,0.016571577863935594
133,0.013896475229676852
134,0.031442047021648545
135,0.004691937021473469
136,-0.029680765076140814
137,-0.020267116287098097
138,0.02216042738255941
139,0.01701328505798183
140,0.05430624787318128
141,-0.019141614640754923
142,0.023237427386421983
143,-0.018125675259421492
144,0.020845640983247815
145,-0.021275296950190592
146,0.01603028328994105
147,-0.026047536277546968
148,-0.020915867518760844
149,-0.022416574496023967
150,-0.02785927835187285
151,0.02293742587446479
152,0.04241839281049509
153,0.02569850486274272
154,-0.018345897332899153
155,0.022455954576330872
156,0.014187376845877009
157,0.010085468219065696
158,0.015787446068165623
159,0.01786767926709143
160,-0.022804537463674945
161,-0.021252849043133515
162,0.01062431976447803
163,0.01322362327442217
164,0.014439515771793698
165,0.03334073851694641
166,0.016571577863935594
167,0.005877745908561494
168,0.00017305522820423858
169,0.032617562253331234
170,0.024051809428777493
171,0.019086152189495387
172,-0.018479810667627605
173,0.01837959686663526
174,0.00911514151420656
175,-0.02498465142396067
176,-0.02647585572413691
177,-0.024347840297864742
178,-0.02049836408056993
179,0.031121314281453927
180,0.005858026182751386
181,0.019364239199099353
182,0.018471229634055786
183,0.011849620757992174
184,-0.018301319260133564
185,0.018362984017542883
186,0.007827756511391448
187,-0.019437639484574998
188,-0.01537497807337429
189,0.00011707282045063383
190,-0.020399641927198786
191,-0.021081297286149936
192,-0.014870300931479674
193,0.031937591386367314
194,-0.02334777110075459
195,-0.02128165825641648
196,-0.028555940302937288
197,0.009693282343661735
198,0.008387117367951002
199,0.011073415241179774
200,0.01923175547018363
201,-0.025370151199469837
202,-0.017660781384292612
203,-0.0104732030058583
204,-0.02127303126686242
205,-0.020068870860714516
206,0.01923175547018363
207,-0.017826796156640068
208,0.008714742212724613
209,-0.028414051973697507
210,-0.028273618929038014
211,0.012710353063527857
212,0.014566796840911889
213,-0.02156423201899149
214,0.01929197806477001
215,-0.023051442145727463
216,-0.02971080758552469
217,0.016923108412598697
218,0.021396744878547813
219,0.02460495248383754
220,0.022166340735227497
221,0.013874921883454294
222,0.024049991155531414
223,-0.028284156450867237
224,0.030257737991605582
225,0.01429869951679702
226,-0.019377111908252864
227,-0.028688965176170367
228,0.03145032784267321
229,0.03979003233481204
230,0.021531831903958576
231,-0.028945595061983798
232,-0.025413303958049527
233,-0.02312189162017919
234,0.0024172802094475365
235,-0.020478696853024725
236,0.009541359784743964
237,-0.01831017629175391
238,0.01596820302549179
239,-0.028414051973697507
240,0.006372135717955585
241,-0.02535722112865524
242,0.01851419830544976
243,0.033625301619422565
244,-0.02838020255840701
245,-0.026986539394068587
246,-0.02653168183720056
247,-0.023627181678942955
248,-0.017445474482580936
249,0.015787446068165623
250,-0.01691270714590698
251,-0.022970885707375377
252,0.011043372127314433
253,0.029941304239057054
254,0.006224835565787068
255,0.01474733720895438
256,-0.026520607857922207
257,0.01979202628374166
258,-0.02342058406308689
259,0.001912094944943682
260,0.019963332202365125
261,0.00911514151420656
262,0.014995781383689344
263,0.0092123398385765
264,-0.019370159543394383
265,0.021389255975445942
266,0.006933384959951661
267,-0.02827223506213783
268,0.01897186642590265
269,0.012139739204350963
270,-0.02342058406308689
271,-0.016954190353661636
272,0.017991532485554185
273,0.009741375184826706
274,0.031023750376094728
275,0.014187376845877009
276,-0.02884552325300771
277,0.029425100198941512
278,0.020771599166107935
279,-0.022104211611649882
280,-0.026632487699652763
281,-0.02338623779585136
282,0.013341617257135008
283,-0.021341232650585074
284,-0.029447859516201214
285,0.012637996029198795
286,0.01652683822090295
287,-0.022532848615056444
288,0.015259044514223774
289,0.02654132778000773
290,-0.020720378793447902
291,0.021679363909895444
292,0.016353654117273075
293,0.014561145411594256
294,0.031937591386367314
295,-0.024302704954008547
296,-0.026297732789308137
297,0.020295238273038252
298,0.009028780405890169
299,0.01018895720255647
300,0.028206117104574546
301,0.014791785281150271
302,-0.0010016296150837795
303,0.00037250293968807413
304,0.020631343094789978
305,-0.025247065568031912
306,0.006951801287724491
307,-0.024718128862711075
308,0.008263385974275617
309,0.02908380128791732
310,0.014561145411594256
311,0.021331314937846457
312,0.007827756511391448
313,0.011739491555917358
314,-0.022712248791808
315,0.021389255975445942
316,0.004835513476207587
317,-0.020241082451968984
318,0.01329593553889774
319,-0.026759368117405757
320,0.008199706387917616
321,0.009685108387732677
322,0.014561145411594256
323,-0.02342058406308689
324,0.03334073851694641
325,0.01712183486566443
326,-0.020781083446345994
327,0.00908552259866674
328,0.009028780405890169
329,-0.026496251014405336
330,0.01837959686663526
331,-0.023278310762482435
332,0.015259044514223774
333,0.01889970949714992
334,0.021282081748265846
335,0.02775576800013979
336,-0.023816874608038163
337,0.005179870125244734
338,0.02263196274926782
339,0.020024909418000725
340,-0.02127631930411833
341,0.019886920969825805
342,0.0047891481639100175
343,0.009510340361613745
344,0.013956093941228431
345,0.01837959686663526
346,-0.025501513505110207
347,0.008294153918120384
348,0.010757849181779966
349,-0.021413868057644336
350,0.016923108412598697
351,0.020642295020446677
352,0.008199706387917616
353,0.022455954576330872
354,0.024140257401364162
355,-0.01952209639890401
356,0.013524235352882497
357,0.010970542013614248
358,0.003155070405247651
359,0.014387427324667579
360,-0.026520607857922207
361,-0.026348916214099627
362,-0.020776131575783063
363,-0.0003634660289619507
364,-0.007976751508458335
365,-0.020938596924651387
366,0.022166340735227497
367,0.03395728670617704
368,-0.026496251014405336
369,0.009028780405890169
370,0.026974382644895822
371,0.044337986066555146
372,0.02694131527197452
373,-0.02761569631137495
374,0.019963332202365125
375,-0.01808313925221583
376,-0.020302463913920543
377,0.025920191961788297
378,0.017048206760155393
379,-0.020477177479538033
380,0.005858026182751386
381,0.00458760730124963
382,0.012067277117096653
383,0.019531043346579402
384,0.05216806429021803
385,0.018693513778434867
386,0.0025641548953851123
387,-0.022727353507692283
388,-0.02272508061493489
389,0.01429869951679702
390,-0.017746329543732564
391,-0.020478696853024725
392,0.013618419745395571
393,-0.02108008934361416
394,0.0034516432400147623
395,-0.02247530698674749
396,0.010059218029396744
397,-0.01963602937500275
398,-0.020247964198974344
399,0.016615302944819277
400,0.01662714232990148
401,-0.0277669793421238
402,0.017305232170047535
403,0.01596820302549179
404,0.02396091428993774
405,0.017939104767667025
406,0.02263196274926782
407,-0.030067995782972035
408,-0.021637187132709013
409,0.012637996029198795
410,0.001602279876828261
411,0.03245500624158382
412,-0.025037228480611518
413,-0.02010734650962165
414,-0.02576400389775846
415,-0.029480540889833984
416,0.02109078110533036
417,-0.026098417940906615
418,0.02373637634932102
419,0.01891331830155707
420,0.02654132778000773
421,-0.029198535259464364
422,0.03338013988976529
423,0.027832789371161515
424,0.022305375891654156
425,0.03123015619361813
426,0.031023750376094728
427,0.019963332202365125
428,-0.02562077885453995
429,0.02309198363573728
430,-0.0207309586400638
431,-0.023816874608038163
432,-0.028736293602998564
433,-0.026047536277546968
434,-0.021621661353120825
435,0.03527952085086328
436,0.019816400897577968
437,-0.029198535259464364
438,0.016151022333340648
439,-0.02723948961715661
440,-0.020149201978523545
441,0.019156205624492717
442,0.002038682976908901
443,0.031617423855871296
444,0.017048206760155393
445,-0.020247964198974344
446,0.010343670474795785
447,0.017868167419003655
448,0.03121439681200744
449,-0.022628117781523738
450,0.013824141709450566
451,0.005163599089866189
452,0.030934409438641786
453,-0.028447784493338513
454,0.013464768635585933
455,-0.02127631930411833
456,0.005367422688921153
457,-0.02386129942796722
458,-0.021891114078716467
459,-0.02247530698674749
460,-0.02049836408056993
461,-0.026891904510538467
462,0.006691840633701207
463,0.022305375891654156
464,-0.019598405701952926
465,-0.02182078995560366
466,0.01806553901449026
467,0.02334076686535924
468,0.016501545498767922
469,-0.019829624674426283
470,-0.028702644878340178
471,0.02675018752812941
472,0.02188244988399124
473,0.007827756511391448
474,0.01584003245633081
475,0.004227751168379867
476,0.018029372089123252
477,-0.026632487699652763
478,-0.02456406846667114
479,-0.02692784979612417
480,0.03015220583968825
481,0.01637413747312555
482,0.021389255975445942
483,-0.026759049929617196
484,-0.019652436933409845
485,-0.02359355592311385
486,0.0047891481639100175
487,0.01049727780681442
488,0.012710353063527857
489,-0.020938596924651387
490,-0.025075298983826655
491,-0.017992704072741228
492,-0.022532848615056444
493,-0.020306230259059532
494,0.019086152189495387
495,0.006605006745795783
496,-0.024615176341273193
497,-0.021514720695830714
498,0.0156583297248849
499,0.015714595698878453
500,0.023380942588842157
501,0.006372135717955585
502,0.024051809428777493
503,-0.026533567508975175
504,0.02309198363573728
505,0.01603028328994105
506,0.016808107711371645
507,0.05642484816447846
508,-0.029125180121569727
509,-0.02057760551675414
510,0.010006566651076187
511,0.011220634264926754
512,-0.022211179117660462
513,0.025907004165972802
514,0.007734338947421593
515,0.014439515771793698
516,0.009028780405890169
517,0.028206117104574546
518,0.008650198716344315
519,0.01712183486566443
520,-0.020494171353361845
521,0.015787446068165623
522,-0.023935642107254518
523,0.007918368740242265
524,-0.022836807602572673
525,-0.02070189796626576
526,0.01929197806477001
527,-0.018147335488076788
528,-0.02333871866287196
529,-0.02351276136086955
530,0.021679363909895444
531,0.026486467834993976
532,-0.029491965028771716
533,-0.020247334103017822
534,-0.019938531788054825
535,-0.023566488229302518
536,-0.026151632024529303
537,0.011220634264926754
538,0.027665842492193726
539,0.020771599166107935
540,0.009685108387732677
541,-0.028566338819897452
542,-0.01184605674814887
543,-0.029902873039698963
544,-0.020690459336740186
545,0.017048206760155393
546,0.021672499312141325
547,0.016368589383899956
548,0.00020982304853156553
549,0.014439515771793698
550,0.020529494274089344
551,0.017736675232687293
552,-0.030067995782972035
553,-0.018299154296753883
554,0.008263385974275617
555,-0.02871792175317378
556,0.016632810994342218
557,-0.014533472834268313
558,0.029507533150992638
559,0.011745252732027756
560,-0.02767506507624984
561,-0.025947025140589552
562,-0.020030052911240936
563,0.00930801270316406
564,0.007194560886430057
565,0.028403288447976682
566,0.018125630371544244
567,0.01735879182517286
568,0.053019968851492294
569,0.010699469877197831
570,0.006155486386107412
571,-0.01627381081218937
572,0.00543683254424715
573,-0.023518039192843565
574,-0.0293554362601417
575,0.014908365378061172
576,0.004242295200984153
577,0.04183854721706792
578,-0.022606732980144484
579,0.02600205270792022
580,-0.02054355470516578
581,0.05473228176384026
582,-0.020042874338454086
583,0.017788843590550774
584,0.021811260815322586
585,-0.02692784979612417
586,0.013429594407135315
587,-0.020068870860714516
588,0.014566796840911889
589,-0.02028571619204189
590,0.018208548974763983
591,-0.024788451202705675
592,-0.02422821165285849
593,0.008294153918120384
594,-0.026297732789308137
595,-0.019965164645370237
596,-0.02054355470516578
597,-0.02405776620568212
598,-0.0297694008471715
599,-0.028564821752788738
600,-0.022628117781523738
601,-0.02054355470516578
602,0.02411495807249875
603,-0.023858694466285746
604,0.02244840456345265
605,0.01322362327442217
606,-0.02182078995560366
607,-0.019141614640754923
608,0.030321752190789364
609,0.0033763862350742746
610,0.03334073851694641
611,0.00917772897851482
612,-0.024359558623517963
613,0.018834652862145806
614,0.0022790370754229017
615,0.024257484229581516
616,0.005858026182751386
617,-0.01980882819806329
618,0.01788199168063409
619,0.033953455723865544
620,-0.026174948713140966
621,0.011220634264926754
622,0.01059793798516212
623,0.017431009321012714
624,-0.0207977310221924
625,0.03293667212336926
626,-0.027029165670451993
627,0.0036449030035904384
628,-0.028889306648744006
629,-0.028990409562475783
630,0.030934409438641786
631,-0.029637515309656748
632,-0.02094350264536793
633,-0.02445230990080327
634,0.020089655999675493
635,-0.019095696875408907
636,0.03238930093638537
637,0.022166340735227497
638,-0.014705528245668065
639,0.015787446068165623
640,0.015350940739309482
641,-0.02334777110075459
642,0.01599092882068509
643,0.01744546306452832
644,0.017596893167102556
645,0.006913662726079295
646,0.023380942588842157
647,0.01701328505798183
648,-0.020594392989859434
649,-0.025783275540362416
650,0.027619882619825953
651,0.004216373264777251
652,-0.024014045428260467
653,0.01851419830544976
654,-0.02653168183720056
655,-0.0273009430561319
656,-0.027815842820049563
657,0.005413285360355569
658,-0.02506963211781138
659,0.02216042738255941
660,0.022166340735227497
661,-0.02884552325300771
662,0.019692326053983855
663,0.024051809428777493
664,0.0055043573486845965
665,-0.020116894162323762
666,-0.029447859516201214
667,0.006244723326175261
668,-0.02640481594462485
669,0.012823497153438557
670,0.009790349908905371
671,-0.0011441337126487233
672,0.019909720713914614
673,0.006998751474868614
674,0.01712183486566443
675,-0.015499309839523523
676,-0.02078819850014524
677,-0.01640121231651609
678,0.024324698997614025
679,0.01514228828604347
680,-0.017445474482580936
681,-0.022727353507692283
682,-0.026318644946811798
683,0.007086824846812834
684,-0.019290727495711257
685,0.04496138674110428
686,-0.02074867922710283
687,-0.022782937017354343
688,-0.026853621666500405
689,-0.027952150341412962
690,-0.022606732980144484
691,-0.02216956694476635
692,0.01176535029025283
693,0.027369627976236988
694,0.01533707103936538
695,0.00015474216481123348
696,0.025898151585398876
697,-0.02339220596552516
698,0.031937591386367314
699,-0.021252849043133515
700,-0.027033307109324167
701,0.0248537617080824
702,-0.019458550132480268
703,-0.02275434374138907
704,0.01851419830544976
705,0.035347548623548164
706,0.018573003654706932
707,-0.02907532232628407
708,0.01322362327442217
709,-0.024987625445223816
710,0.01603028328994105
711,-0.020494171353361845
712,-0.022803880338312377
713,0.01219865975048856
714,0.029228845719916463
715,-0.024131931953478236
716,-0.023620487335269502
717,-0.021543019806553487
718,0.011513268954060962
719,0.017957389850461802
720,-0.025370151199469837
721,0.002375458436409017
722,0.024965625122751245
723,-0.024884719316981663
724,-0.020302463913920543
725,-0.020746226734282835
726,0.026486467834993976
727,-0.02064558553854412
728,-0.020211027424470673
729,-0.021032271652452028
730,0.016353654117273075
731,0.026486467834993976
732,0.007467164587533548
733,0.008387117367951002
734,0.024969915048428604
735,-0.021014171440901896
736,-0.020396762676903046
737,-0.028212362274029346
738,-0.02158265783049429
739,-0.021059263487591795
740,0.020024909418000725
741,0.026654326082181212
742,0.019098629215393848
743,-0.020720378793447902
744,0.05997841567973028
745,0.027340230075292626
746,0.0007972701199096821
747,-0.02247530698674749
748,0.02109078110533036
749,-0.029447859516201214
750,-0.01962346323388542
751,-0.02680199774204295
752,-0.02835087499499578
753,0.01675093295603014
754,-0.02475581114316794
755,0.018649475947677963
756,0.003498653103657434
757,-0.022236449096590893
758,0.012361435491081929
759,0.017688616919539935
760,-0.018376298390630152
761,0.003941015074690579
762,0.017112708490413464
763,-0.023627181678942955
764,0.023647360019697028
765,0.013618419745395571
766,-0.02954977585904206
767,0.007750273465624846
768,-0.02294758316188872
769,0.009933195736386013
770,-0.015790048873437046
771,-0.020267116287098097
772,-0.028377760245821726
773,0.029507533150992638
774,0.01851419830544976
775,0.0015628499093277848
776,-0.029056544286398367
777,0.012935227949002148
778,-0.0254477513701038
779,-0.019141614640754923
780,-0.020915867518760844
781,-0.011600735981450727
782,-0.020194309170148972
783,0.028855857446910216
784,0.03047566795696066
785,-0.022628117781523738
786,0.01701328505798183
787,0.012714103976439683
788,-0.020447659495369086
789,0.002526773225711376
790,-0.029150304866993326
791,0.016694025538570245
792,-0.028045431954575428
793,-0.021601604370264482
794,-0.02692784979612417
795,0.0019891952354718356
796,0.04838007873049799
797,-0.02933205440163933
798,-0.027806969539710957
799,0.011665513814238415
800,-0.022782937017354343
801,-0.029150304866993326
802,-0.02516448373406821
803,-0.02946831663895888
804,-0.021719973151370753
805,-0.026519983578875417
806,0.00917772897851482
807,-0.02077795461581622
808,-0.02247530698674749
809,-0.02418871742434936
810,0.022049630337482418
811,-0.02087755413266279
812,0.02334076686535924
813,-0.0197140490717147
814,0.009402168521113308
815,-0.025924880824884255
816,0.020260719213883616
817,-0.020390624311703853
818,-0.02940403776417455
819,-0.027494807905601548
820,0.029228845719916463
821,-0.029202665802083083
822,-0.025702180241966244
823,0.012483758404260636
824,-0.02112513736647126
825,-0.02342058406308689
826,0.015714595698878453
827,-0.02213702804450568
828,0.01514228828604347
829,-0.020776131575783063
830,-0.0190878747456511
831,0.019808190215138244
832,0.020260719213883616
833,-0.022370634877673767
834,0.01897186642590265
835,0.015787446068165623
836,0.01330591127521663
837,-0.021032271652452028
838,0.03672861440065489
839,0.024868570712888394
840,-0.024112917898390984
841,0.020642295020446677
842,-0.015429458995541268
843,-0.022714446654298615
844,-0.01988962863367605
845,0.017596893167102556
846,-0.024432253763212453
847,0.014511942293346847
848,0.011933509091221095
849,0.012637996029198795
850,0.02600205270792022
851,0.031937591386367314
852,-0.025157400579571387
853,-0.011555506615769318
854,0.008036802476416971
855,-0.027857751990265744
856,0.00587789521526233
857,0.002038682976908901
858,0.014908365378061172
859,-0.026496251014405336
860,-0.02057760551675414
861,-0.028097579135859196
862,0.024143345924226622
863,0.010757849181779966
864,0.028711670065657557
865,-0.02979880084307851
866,-0.00021224206878070473
867,-0.027057766489508972
868,-0.028219732672534747
869,0.016264974702006496
870,-0.02884552325300771
871,0.007523610552829241
872,0.017048206760155393
873,-0.028125037567779287
874,-0.028284156450867237
875,-0.017826796156640068
876,-0.027070585649704215
877,-0.02547701059045615
878,-0.02460643331337109
879,-0.021601604370264482
880,-0.026986539394068587
881,0.029228845719916463
882,-0.02078819850014524
883,-0.02498465142396067
884,0.01514228828604347
885,0.008650198716344315
886,-0.025157400579571387
887,-0.025413176109198687
888,0.011220634264926754
889,-0.020776131575783063
890,-0.01963602937500275
891,0.019447904459589882
892,-0.02064558553854412
893,0.017688616919539935
894,0.015787446068165623
895,0.01843939634901648
896,-0.020068870860714516
897,-0.022782937017354343
898,0.003574782884437855
899,-0.020183065560386626
900,-0.022426121704058666
901,0.013126231688176615
902,0.025606298450113862
903,0.00534538825842934
904,0.008263385974275617
905,-0.020594392989859434
906,0.014645103062787213
907,-0.02012057053225702
908,0.020529494274089344
909,0.020631343094789978
910,-0.021147254179656128
911,0.018039218035028337
912,0.00930801270316406
913,0.015533685800901864
914,0.008294153918120384
915,-0.026520607857922207
916,0.01016332631815936
917,-0.02334224029966614
918,-0.020267116287098097
919,0.021396744878547813
920,0.019179416521306725
921,0.008074116175760537
922,-0.017401776738521058
923,0.04092825045986692
924,0.021531831903958576
925,-0.025854810206691337
926,-0.02012057053225702
927,-0.026151632024529303
928,-0.023278310762482435
929,0.01897186642590265
930,-0.001000362519359671
931,0.015015661712958983
932,-0.01895971805890828
933,0.02042758548378043
934,0.011151716930225763
935,0.020830244073620996
936,0.02600205270792022
937,0.0033695560594586282
938,-0.028990409562475783
939,0.011224909892523838
940,-0.026986539394068587
941,0.013410941943258092
942,-0.0249500965829067
943,0.013464768635585933
944,0.036883962820978944
945,0.0012928470663151614
946,-0.022727353507692283
947,0.0011825286538422741
948,-0.02242243432260982
949,0.008291322326716033
950,0.013704667878021104
951,-0.022628117781523738
952,0.03238930093638537
953,-0.02516397608769877
954,0.009511700515443533
955,-0.025567289099807766
956,0.0035547884481852143
957,-0.027244719417000685
958,0.01176535029025283
959,-0.02172874112764378
960,-0.02094350264536793
961,-0.025739280274461707
962,-0.022150416799005146
963,0.01864454807822935
964,0.009703689838199137
965,-0.0014066629709530015
966,0.02090995874217305
967,-0.020697203261408004
968,-0.021299747009002723
969,-0.02712530740914265
970,0.013789362309626074
971,-0.027850874549114057
972,-0.02214183424295102
973,0.026486467834993976
974,0.006691840633701207
975,0.010088899632486159
976,-0.022628117781523738
977,0.011624301745312537
978,-0.022885244683050088
979,0.015212422075076448
980,0.01369093079757533
981,0.011320013882067714
982,0.021853570856028015
983,-0.0241012384582292
984,-0.018147335488076788
985,0.02423491316757076
986,-0.022981480304654522
987,-0.02342058406308689
988,-0.02516448373406821
989,-0.0297694008471715
990,-0.02247530698674749
991,-0.022308676774897063
992,0.00917772897851482
993,0.010224578992347189
994,0.01843939634901648
995,-0.014901590798616748
996,-0.01687022726730092
997,-0.0008345672234003759
998,-0.022426121704058666
999,-0.02971080758552469
1000,0.02215312518581436
1001,0.019963332202365125
1002,0.0033763862350742746
1003,-0.02576780821890523
1004,-0.02087755413266279
1005,0.03717063466290238
1006,0.005587577020066237
1007,-0.02533356684781335
1008,-0.017795949233436137
1009,0.019531043346579402
1010,-0.018551234182483056
1011,-0.018901248207225052
1012,0.0066283055812219605
1013,0.019963332202365125
1014,-0.024325516390865776
1015,-0.027857751990265744
1016,-0.02640481594462485
1017,-0.02818442501601326
1018,-0.019095696875408907
1019,0.020642295020446677
1020,0.002636463169615716
1021,-0.019470826969525734
1022,-0.023278310762482435
1023,0.028206117104574546
1024,0.0047656442537460375
1025,0.016615302944819277
1026,-0.02835087499499578
1027,0.020642295020446677
1028,0.00917772897851482
1029,0.014561145411594256
1030,-0.02019832033110469
1031,0.012139739204350963
1032,0.027369627976236988
1033,0.024930988059109427
1034,-0.018324630823400523
1035,-0.018608440245988733
1036,0.017688616919539935
1037,0.024868570712888394
1038,-0.018310182558097132
1039,-0.025389548619833113
1040,-0.020477177479538033
1041,0.01429869951679702
1042,0.021853570856028015
1043,-0.026632487699652763
1044,-0.017311400942011668
1045,0.016610379065327197
1046,0.002872440249221231
1047,-0.029103907868440082
1048,-0.02871792175317378
1049,0.008263385974275617
1050,0.02908380128791732
1051,0.013824141709450566
1052,-0.029121263673431486
1053,0.015787446068165623
1054,-0.02201743981983839
1055,0.009435482716520505
1056,0.0036532243275487764
1057,-0.020953587636394988
1058,0.015622527142655274
1059,0.01637413747312555
1060,-0.029119841250108136
1061,0.0391821680813812
1062,-0.019721278944580645
1063,0.007856625360735836
1064,0.017278371504281576
1065,0.0025652646074692254
1066,0.01990314194023779
1067,0.020546915460269655
1068,0.016694365741868666
1069,0.02960048967593165
1070,-0.020399641927198786
1071,0.017939104767667025
1072,-0.02142203871857573
1073,0.021389255975445942
1074,0.0016054588275744297
1075,-0.028555940302937288
1076,0.02036171564421818
1077,0.01345788493847666
1078,-0.026986539394068587
1079,0.010699469877197831
1080,-0.02166867342824874
1081,0.031937591386367314
1082,-0.02796599892103857
1083,0.020631343094789978
1084,0.004835513476207587
1085,-0.017038224180665917
1086,0.020642295020446677
1087,0.004212348416920225
1088,-0.018405782598902992
1089,-0.028390223995708008
1090,-0.026023733085528966
1091,0.00917772897851482
1092,0.016923108412598697
1093,0.028206117104574546
1094,-0.018310182558097132
1095,-0.02043158550359747
1096,0.0018604773869899671
1097,0.01406197980913415
1098,0.011739491555917358
1099,-0.028922542207842405
1100,0.016923108412598697
1101,0.015232390419690711
1102,-0.015601950842619505
1103,0.03672861440065489
1104,-0.02851994261248514
1105,0.008003506206528066
1106,0.040199326901027455
1107,-0.02907532232628407
1108,0.010088899632486159
1109,-0.026410795428366884
1110,-0.020367098228500247
1111,0.017177632875573834
1112,-0.02717964007982343
1113,0.039171661156102044
1114,0.04560306111357826
1115,0.008355300386759468
1116,-0.0223906804711822
1117,-0.023406063276232736
1118,-0.02523815186972378
1119,-0.016954190353661636
1120,0.0066283055812219605
1121,-0.02794183434827624
1122,0.008746008875701983
1123,0.029972943215789694
1124,0.01662714232990148
1125,-0.021939516303406847
1126,0.02752281943143564
1127,-0.021748323680763182
1128,0.012997538630031058
1129,0.013792215782311767
1130,-0.0063396142502034625
1131,0.03491696990592097
1132,0.020771599166107935
1133,-0.025555439525183687
1134,0.014561145411594256
1135,0.017596893167102556
1136,0.025898151585398876
1137,0.009790349908905371
1138,-0.017838308851505613
1139,0.010517551810408254
1140,0.012479623789542538
1141,0.02011521372411973
1142,0.018573003654706932
1143,0.016447329776744124
1144,0.003953897154404695
1145,0.017177632875573834
1146,-0.024950363559973987
1147,-0.02048949305139036
1148,0.020260719213883616
1149,0.017868167419003655
1150,-0.022711098072116576
1151,0.010571917146809384
1152,0.019425880062830747
1153,0.01891331830155707
1154,-0.028741200815544654
1155,-0.02531449517360551
1156,-0.024233155103753345
1157,-0.0297694008471715
1158,0.024051809428777493
1159,0.007389467972338248
1160,-0.022532848615056444
1161,0.01406197980913415
1162,0.005480010859621243
1163,0.009054783522174925
1164,-0.026502325818657635
1165,-0.0293554362601417
1166,0.017736675232687293
1167,-0.025518987993458864
1168,-0.021341232650585074
1169,-0.026533567508975175
1170,0.011043372127314433
1171,-0.020399641927198786
1172,-0.013096931390579103
1173,0.01637413747312555
1174,0.03122979051853958
1175,0.019156205624492717
1176,0.033953455723865544
1177,-0.01803251827114538
1178,-0.02692784979612417
1179,-0.028212523157531644
1180,0.020888433644483784
1181,-0.02422821165285849
1182,-0.022628117781523738
1183,0.008709156929006867
1184,-0.020789466627900544
1185,-0.02984157832636314
1186,-0.018371377243290965
1187,-0.02269860625807829
1188,0.01406197980913415
1189,0.03664312395550917
1190,0.0509353591937427
1191,0.008739465391266188
1192,-0.022606732980144484
1193,-0.019095696875408907
1194,-0.027484740345207093
1195,-0.020940861193063876
1196,0.015714595698878453
1197,-0.020591276123444358
1198,0.013464768635585933
1199,0.014511942293346847
1200,0.004835513476207587
1201,-0.022628117781523738
1202,0.031937591386367314
1203,-0.026496251014405336
1204,0.028206117104574546
1205,0.01837959686663526
1206,0.03456581221289046
1207,-0.020306230259059532
1208,0.003006903519740839
1209,0.01472188707376959
1210,0.026758373202306673
1211,0.017688616919539935
1212,0.048766956666103534
1213,0.0190151943180773
1214,-0.02128165825641648
1215,-0.020170225498818473
1216,-0.022711589793930398
1217,0.01837959686663526
1218,0.01990314194023779
1219,-0.026520607857922207
1220,-0.026533567508975175
1221,0.028403288447976682
1222,-0.02740227856623445
1223,0.03208899667737819
1224,0.006861368406456181
1225,-0.022836807602572673
1226,-0.02946831663895888
1227,-0.02310183287813894
1228,-0.023460503986785675
1229,-0.02739702603216032
1230,-0.022930023336779237
1231,0.016923108412598697
1232,-0.0011632526397365173
1233,0.012710353063527857
1234,-0.01924080694306962
1235,0.03827157779073043
1236,0.011524413742390938
1237,-0.02343018354777937
1238,0.02309198363573728
1239,0.01588043452241994
1240,-0.017826796156640068
1241,-0.02136734483680125
1242,0.028403288447976682
1243,-0.02086007439576576
1244,0.029228845719916463
1245,-0.025357495884750225
1246,-0.02136024938193337
1247,0.018735599430420247
1248,0.0045328246765523605
1249,0.004307243266788774
1250,0.027340230075292626
1251,0.015498250936059277
1252,0.018073512114861634
1253,-0.019460895037387682
1254,-0.020478696853024725
1255,0.016501545498767922
1256,-0.021935645362381795
1257,0.04522987055000094
1258,0.02675018752812941
1259,-0.020194309170148972
1260,0.009448914685399823
1261,-0.021454370304526904
1262,0.01990314194023779
1263,0.026486467834993976
1264,-0.022416599341421206
1265,-0.02898926203952157
1266,-0.020478696853024725
1267,-0.02376337840184095
1268,0.016571577863935594
1269,0.007734338947421593
1270,0.03286186777428035
1271,0.0032288160153017
1272,0.021389255975445942
1273,0.027369627976236988
1274,0.034286204555249666
1275,0.01837959686663526
1276,-0.020267116287098097
1277,0.010386556695739901
1278,0.021010467644454134
1279,0.05187394611834062
1280,0.015434894636412011
1281,0.006158363814397383
1282,0.019963332202365125
1283,0.0250665536418071
1284,-0.022473276102514927
1285,-0.016954190353661636
1286,0.015622527142655274
1287,-0.02851994261248514
1288,-0.02363979023320595
1289,0.018573003654706932
1290,-0.02571301246243546
1291,-0.019454265405227877
1292,0.033335592493289656
1293,0.006224835565787068
1294,-0.02971080758552469
1295,-0.026188058937791636
1296,0.01806553901449026
1297,0.016615302944819277
1298,0.015796861951108743
1299,-0.026533567508975175
1300,0.022166340735227497
1301,0.00451985538628441
1302,-0.02338623779585136
1303,-0.027702268367280958
1304,-0.018646183594134502
1305,-0.024274743566824464
1306,-0.02460643331337109
1307,-0.02148676342161493
1308,-0.02512089488396574
1309,0.014995781383689344
1310,-0.026759049929617196
1311,-0.022532848615056444
1312,0.005480010859621243
1313,-0.02338623779585136
1314,0.014566796840911889
1315,0.021396744878547813
1316,0.019692326053983855
1317,-0.02402955030173426
1318,0.008499140860901366
1319,0.01701328505798183
1320,-0.02740227856623445
1321,0.022174686669168442
1322,0.005858026182751386
1323,-0.015601950842619505
1324,0.02215312518581436
1325,-0.022606732980144484
1326,-0.02307227566335024
1327,-0.020469042099541812
1328,-0.029121263673431486
1329,0.022544011190422597
1330,0.05122330078395798
1331,-0.027215511041490892
1332,0.01396994689908343
1333,-0.022459521190685616
1334,0.01329593553889774
1335,0.006605006745795783
1336,-0.02498465142396067
1337,-0.02363979023320595
1338,-0.020905493587331625
1339,0.0062463296891062114
1340,0.05192380674509822
1341,0.03237453856893202
1342,0.01712183486566443
1343,0.010224578992347189
1344,-0.02648417550266491
1345,0.009541359784743964
1346,-0.02979880084307851
1347,0.033796201316479646
1348,-0.026496251014405336
1349,-0.02479626804586177
1350,0.02160694620785175
1351,0.0034902382610706995
1352,0.03841589283128477
1353,0.01929197806477001
1354,-0.027448465260095478
1355,0.016335550014433653
1356,-0.019598405701952926
1357,0.012067277117096653
1358,0.010006566651076187
1359,0.018704312474101092
1360,0.011584087143303556
1361,-0.020826577809134106
1362,0.0033763862350742746
1363,0.024868570712888394
1364,0.028206117104574546
1365,-0.020881626338459802
1366,-0.022346134211591817
1367,-0.020399641927198786
1368,-0.02086007439576576
1369,0.020040923146074308
1370,0.012590431618585973
1371,0.030321752190789364
1372,-0.02851994261248514
1373,0.017087386381528402
1374,-0.02907532232628407
1375,-0.021905415497026737
1376,0.027340230075292626
1377,0.009752704527266343
1378,0.012139739204350963
1379,-0.019786462763875634
1380,0.022544011190422597
1381,0.02753301778603745
1382,0.010517551810408254
1383,0.024051809428777493
1384,0.003006903519740839
1385,0.008840314230543378
1386,-0.01693836331741405
1387,-0.020075789022807933
1388,-0.02254338368620601
1389,0.004767014865324881
1390,-0.020720378793447902
1391,-0.021257488062171426
1392,0.002123611041987411
1393,-0.022782937017354343
1394,0.006539082935250851
1395,-0.029056544286398367
1396,-0.018963453898690252
1397,0.025907004165972802
1398,-0.01963602937500275
1399,0.020845640983247815
1400,0.014561145411594256
1401,0.037884197481314885
1402,0.03763595469734071
1403,-0.027244719417000685
1404,0.003932568140568193
1405,-0.02560988211622328
1406,-0.02948794190513626
1407,-0.02506963211781138
1408,0.03304306483120123
1409,-0.022473276102514927
1410,0.0014454321322773245
1411,-0.02323534720307807
1412,-0.028555940302937288
1413,-0.02049836408056993
1414,0.020529494274089344
1415,0.008898318883255374
1416,-0.0293554362601417
1417,-0.013883794833169816
1418,0.007804245031367563
1419,0.03382784448820342
1420,-0.02463629743233331
1421,0.025150775401009517
1422,-0.022532848615056444
1423,0.01781083821440066
1424,-0.021386263677978357
1425,-0.022782937017354343
1426,-0.027029801330734515
1427,0.02569850486274272
1428,0.004429846326213488
1429,0.01701328505798183
1430,0.018039218035028337
1431,0.016808107711371645
1432,-0.028922542207842405
1433,0.01990314194023779
1434,-0.02074448426723896
1435,-0.018762668287777062
1436,-0.022836807602572673
1437,0.005095164260860846
1438,0.027847588228377074
1439,0.02753301778603745
1440,-0.021456077120918238
1441,0.017736675232687293
1442,0.015787446068165623
1443,-0.01808313925221583
1444,0.007405204881533345
1445,0.015787446068165623
1446,0.023246186749101838
1447,0.004242295200984153
1448,0.02423491316757076
1449,-0.023015758959878063
1450,-0.01895971805890828
1451,-0.022782937017354343
1452,0.007341467384798017
1453,-0.020267116287098097
1454,0.014047029386935861
1455,0.006372135717955585
1456,-0.029680765076140814
1457,0.019963332202365125
1458,0.00241078175063425
1459,-0.024594257951586318
1460,0.031442047021648545
1461,-0.01933929545862567
1462,0.0005516273413381789
1463,-0.019786462763875634
1464,0.027396740691453703
1465,0.010006566651076187
1466,-0.024841165793266118
1467,-0.01992357121876942
1468,0.008746008875701983
1469,-0.013952516346421362
1470,-0.022782937017354343
1471,-0.01905064262003897
1472,0.015808009858131966
1473,-0.029056544286398367
1474,0.01429869951679702
1475,0.018302592033313303
1476,0.008561778541789633
1477,0.027847588228377074
1478,0.005858026182751386
1479,0.020529494274089344
1480,0.017480708600922767
1481,0.037919243512586354
1482,-0.02116486692578745
1483,-0.022473276102514927
1484,0.035939597113476274
1485,0.017048206760155393
1486,-0.01996511246474575
1487,-0.021829975667178703
1488,0.023891392526436128
1489,0.020631343094789978
1490,0.0199967153265862
1491,0.012320847127753332
1492,-0.02712530740914265
1493,0.01837959686663526
1494,-0.02814599031231846
1495,-0.01895971805890828
1496,0.01619851922314408
1497,-0.02756077993163597
1498,0.031341911934497646
1499,0.015314934983502448
1500,0.011584087143303556
1501,0.009028780405890169
1502,-0.01803251827114538
1503,0.0055043573486845965
1504,0.02216042738255941
1505,0.021771873698769872
1506,-0.021748323680763182
1507,0.028364616519717334
1508,0.017431009321012714
1509,0.024051809428777493
1510,0.019179416521306725
1511,-0.013958184495140857
1512,-0.02531449517360551
1513,0.024329316586543137
1514,0.02055754743116689
1515,-0.02211934082793171
1516,0.01533707103936538
1517,0.023151317153956685
1518,0.019156205624492717
1519,-0.02788927880077474
1520,0.03431465870184924
1521,-0.021543019806553487
1522,-0.019721278944580645
1523,0.022362865545794586
1524,0.05075625288016461
1525,0.016694025538570245
1526,0.014908365378061172
1527,0.03763595469734071
1528,-0.020667808727704184
1529,-0.020778268011328427
1530,-0.019786462763875634
1531,0.016264974702006496
1532,0.027418027008703882
1533,0.009741375184826706
1534,0.025150775401009517
1535,-0.022459521190685616
1536,-0.02782957489675375
1537,-0.027831178016684666
1538,0.00333801048747262
1539,0.029500196930917544
1540,0.021811260815322586
1541,0.00451985538628441
1542,-0.020116894162323762
1543,0.01533707103936538
1544,0.0234258019050807
1545,0.008806566214009492
1546,0.010799414947513797
1547,0.020529494274089344
1548,0.02293742587446479
1549,-0.02640481594462485
1550,0.025433175995504098
1551,0.01514228828604347
1552,-0.028892357526458357
1553,-0.022532848615056444
1554,-0.021219234073398097
1555,0.003618268907306904
1556,-0.020497734690901992
1557,-0.02242243432260982
1558,-0.026986539394068587
1559,-0.02084602519243245
1560,-0.021000642691045845
1561,-0.02871792175317378
1562,0.019156205624492717
1563,0.031937591386367314
1564,-0.01803251827114538
1565,0.005163599089866189
1566,0.01474733720895438
1567,-0.021582477380899134
1568,0.019086152189495387
1569,0.010571917146809384
1570,-0.02562077885453995
1571,0.011584087143303556
1572,0.02345173768777864
1573,0.02254878062688781
1574,0.02854756600528341
1575,0.030650372387958535
1576,0.025148790864449433
1577,0.007341467384798017
1578,-0.020594392989859434
1579,-0.02233344561570938
1580,-0.020149201978523545
1581,-0.023330314916030326
1582,0.016694365741868666
1583,0.008263385974275617
1584,0.0008873398634965945
1585,-0.02275434374138907
1586,-0.02184177797992143
1587,0.025150775401009517
1588,-0.0237186958850113
1589,0.035045719239121365
1590,-0.028774484491422836
1591,-0.020494171353361845
1592,0.010757849181779966
1593,-0.02940403776417455
1594,-0.026297732789308137
1595,0.024324698997614025
1596,0.006310448161783444
1597,-0.021014171440901896
1598,0.01877305038110133
1599,0.014013243576036394
1600,-0.020447659495369086
1601,0.011214336292448945
1602,-0.020691493720223275
1603,0.012139739204350963
1604,0.011320013882067714
1605,0.026486467834993976
1606,-0.020478851047649183
1607,0.009028780405890169
1608,0.027369627976236988
1609,-0.020447659495369086
1610,-0.028564821752788738
1611,-0.025196997693041734
1612,-0.022885244683050088
1613,-0.02794183434827624
1614,0.01982033845475739
1615,0.010072359495687466
1616,0.0075906810138212655
1617,0.01864454807822935
1618,0.021853570856028015
1619,0.02216042738255941
1620,-0.02948794190513626
1621,0.013523657049077487
1622,-0.026632487699652763
1623,0.024143345924226622
1624,-0.027448465260095478
1625,-0.02761569631137495
1626,0.03911747292185752
1627,0.01990314194023779
1628,0.03542982497453884
1629,0.01474733720895438
1630,0.01781083821440066
1631,-0.02523465625257515
1632,0.008074116175760537
1633,-0.022782937017354343
1634,0.02418527955885541
1635,-0.02551718212145082
1636,-0.01992357121876942
1637,-0.019250194056670278
1638,0.017688616919539935
1639,0.008713325811600003
1640,0.017248067901535657
1641,-0.02531449517360551
1642,0.007750273465624846
1643,0.01990314194023779
1644,0.0017378328127229947
1645,-0.022226888762718833
1646,0.026672913333726567
1647,0.005669476286342456
1648,0.024324698997614025
1649,0.027878546617477573
1650,-0.020776131575783063
1651,-0.02086007439576576
1652,-0.02470127173195147
1653,-0.029447859516201214
1654,-0.02342058406308689
1655,-0.029637515309656748
1656,-0.018324630823400523
1657,0.026486467834993976
1658,0.01781083821440066
1659,0.015533685800901864
1660,0.02083188492733523
1661,0.01176535029025283
1662,0.038499139968609875
1663,-0.02368060526311988
1664,-0.020467310772365632
1665,0.013584878182472448
1666,0.027340230075292626
1667,-0.02186297114126734
1668,-0.01992357121876942
1669,-0.026047536277546968
1670,0.01599092882068509
1671,-0.01903976786294881
1672,-0.020881608648321004
1673,0.016923108412598697
1674,-0.025924880824884255
1675,-0.02263953205009006
1676,-0.022711589793930398
1677,0.01312969277408682
1678,-0.02593890601517579
1679,-0.019786462763875634
1680,0.009494815764492792
1681,0.022455954576330872
1682,-0.0016012239024461167
1683,0.015808009858131966
1684,-0.028642449269875248
1685,-0.021239441703855333
1686,-0.022674579223254332
1687,0.017688616919539935
1688,-0.022532848615056444
1689,-0.02338623779585136
1690,0.024703325527480557
1691,-0.023926780176814932
1692,0.022305375891654156
1693,0.0062463296891062114
1694,-0.020862636403556456
1695,0.010855092405050781
1696,0.017779766063173663
1697,-0.018303948128688297
1698,-0.02948794190513626
1699,0.027340230075292626
1700,-0.020797829062723094
1701,-0.021021745751032495
1702,-0.029150304866993326
1703,-0.01922299422674012
1704,0.029228845719916463
1705,-0.020068870860714516
1706,-0.021989194548500735
1707,-0.02074448426723896
1708,-0.018661981386900228
1709,-0.020267116287098097
1710,-0.029098793772342146
1711,-0.02156837606265538
1712,0.014645103062787213
1713,0.009693282343661735
1714,-0.02692784979612417
1715,0.013589498253718468
1716,-0.027791715569899678
1717,-0.028363759718510795
1718,0.013618419745395571
1719,0.014013243576036394
1720,-0.029902873039698963
1721,-0.014690507771617733
1722,0.02009800155132868
1723,0.020631343094789978
1724,-0.020475815030651878
1725,0.0038801900536761247
1726,-0.018797822517587992
1727,-0.020661560766178422
1728,0.0092123398385765
1729,0.028502039123823875
1730,0.029611179811822375
1731,-0.027070585649704215
1732,0.00016181654776933896
1733,0.008739465391266188
1734,0.011769326913098066
1735,0.0077635164480908125
1736,0.01218179523252938
1737,-0.027057766489508972
1738,-0.028199710366628716
1739,-0.020478696853024725
1740,0.016571577863935594
1741,0.019156205624492717
1742,-0.020695090919314763
1743,0.05386240445620416
1744,-0.019868826943119366
1745,0.027369627976236988
1746,0.010031471885098675
1747,0.023089549690648914
1748,0.024773242970466458
1749,0.016264974702006496
1750,0.009693282343661735
1751,0.005249231129251852
1752,-0.020075789022807933
1753,0.02055754743116689
1754,0.013824141709450566
1755,0.01781083821440066
1756,0.035489235533404884
1757,0.02158820148565732
1758,-0.02231276720314379
1759,-0.022836807602572673
1760,-0.017800549934086085
1761,-0.02064558553854412
1762,-0.020318661233140856
1763,-0.013356522343493493
1764,-0.019721278944580645
1765,0.020631343094789978
1766,0.010006566651076187
1767,0.0020320367808013273
1768,0.030709682975261998
1769,-0.019095696875408907
1770,-0.022727353507692283
1771,-0.020919175762414755
1772,0.01219865975048856
1773,-0.02802092007253576
1774,0.004835513476207587
1775,-0.02087755413266279
1776,-0.027029801330734515
1777,0.01851419830544976
1778,-0.02640481594462485
1779,-0.02019832033110469
1780,-0.028284156450867237
1781,-0.02864031919443144
1782,-0.024517691831836164
1783,0.019886920969825805
1784,-0.028763753075905174
1785,0.01843939634901648
1786,-0.020306230259059532
1787,-0.02048949305139036
1788,-0.020158563424167997
1789,0.005858026182751386
1790,0.016353654117273075
1791,-0.023015662468867548
1792,-0.022475619606702912
1793,-0.026533567508975175
1794,-0.019290727495711257
1795,0.019425880062830747
1796,0.02861029597679532
1797,0.02036171564421818
1798,0.009940064787577862
1799,0.00534451460146651
1800,0.02140505819834082
1801,-0.019308655595287716
1802,0.02752281943143564
1803,0.016447329776744124
1804,0.019886920969825805
1805,0.02309198363573728
1806,0.010088899632486159
1807,0.0070198194819419135
1808,-0.019470826969525734
1809,0.04008172544830013
1810,-0.027831178016684666
1811,0.031023750376094728
1812,0.016447329776744124
1813,-0.011600735981450727
1814,0.007173494249350099
1815,0.019425880062830747
1816,0.0058738218416088395
1817,0.005179870125244734
1818,0.014486959862992144
1819,0.00579101959758449
1820,0.008355300386759468
1821,-0.02338623779585136
1822,0.01990314194023779
1823,-0.020247964198974344
1824,-0.028390223995708008
1825,0.017736675232687293
1826,0.026083598901599614
1827,0.017189439476220092
1828,-0.026520607857922207
1829,0.023237427386421983
1830,0.03123015619361813
1831,0.004429846326213488
1832,-0.026632487699652763
1833,-0.021959964071675664
1834,0.021389255975445942
1835,-0.0273955769886588
1836,0.010111789951107286
1837,0.023433566896930325
1838,0.017957389850461802
1839,0.012637996029198795
1840,-0.02233344561570938
1841,-0.020390624311703853
1842,0.03205433867585894
1843,0.012710353063527857
1844,0.008714742212724613
1845,0.01472188707376959
1846,0.026486467834993976
1847,-0.02421482148987164
1848,-0.020467310772365632
1849,-0.02740227856623445
1850,0.031023750376094728
1851,-0.02158992543200089
1852,0.024703325527480557
1853,-0.020938596924651387
1854,0.01463051431441531
1855,-0.02247530698674749
1856,0.0011900045783390656
1857,0.019808190215138244
1858,0.019188470681323566
1859,0.007341467384798017
1860,-0.02651626741237023
1861,-0.020477177479538033
1862,-0.02108008934361416
1863,-0.02768822383910252
1864,-0.020697203261408004
1865,0.017278371504281576
1866,-0.029066960094013883
1867,0.01369093079757533
1868,-0.02648417550266491
1869,-0.016593668892051827
1870,2.5168277033610353e-05
1871,0.011511465459304149
1872,0.007389467972338248
1873,-0.020797829062723094
1874,0.04135435245468477
1875,0.021389255975445942
1876,0.0225486944534512
1877,0.016501545498767922
1878,-0.0261433649674343
1879,0.008819124804707978
1880,0.003855048542818207
1881,-0.017311400942011668
1882,-0.026520607857922207
1883,-0.02358205411531289
1884,0.04967335637337422
1885,-0.019460895037387682
1886,0.035160664923616025
1887,0.0030758069767402585
1888,-0.020730064620567257
1889,0.03301616905938709
1890,0.017736675232687293
1891,-0.020158563424167997
1892,-0.022782937017354343
1893,0.03321260227700662
1894,-0.021693564673186727
1895,-0.0284922128027284
1896,0.007112959023120036
1897,-0.020571687321401688
1898,0.009741375184826706
1899,-0.020068870860714516
1900,-0.025674657251368194
1901,-0.026337041888238488
1902,0.011043372127314433
1903,0.024051809428777493
1904,-0.019029005785371256
1905,-0.02362289493528691
1906,0.03769848428476674
1907,0.009028780405890169
1908,-0.02205366857871144
1909,0.005095575940182839
1910,-0.022782937017354343
1911,-0.021382013957124746
1912,0.023751104209412843
1913,0.028711670065657557
1914,-0.022782937017354343
1915,0.01472188707376959
1916,-0.02884552325300771
1917,-0.0208496314083102
1918,-0.021941059566451093
1919,-0.01914200164829022
1920,0.011849620757992174
1921,-0.014806505447177098
1922,-0.022782937017354343
1923,0.018039218035028337
1924,0.03796351795392661
1925,0.03395728670617704
1926,-0.0207977310221924
1927,-0.0198017833801033
1928,0.009613907618913842
1929,-0.02142203871857573
1930,-0.021787912446115998
1931,-0.020778268011328427
1932,0.02373637634932102
1933,0.02908380128791732
1934,-0.021046742121490714
1935,0.007734338947421593
1936,0.019425880062830747
1937,-0.021498696033885878
1938,0.019808190215138244
1939,-0.01914200164829022
1940,0.010799414947513797
1941,0.019447904459589882
1942,0.03713905921118221
1943,0.024868570712888394
1944,0.01979202628374166
1945,0.01735879182517286
1946,0.0234258019050807
1947,-0.02225167067626449
1948,-0.02108008934361416
1949,0.0025022696114520293
1950,0.014013243576036394
1951,-0.020113658239485077
1952,0.01923175547018363
1953,-0.02262814775011801
1954,-0.017555655495692823
1955,0.019156205624492717
1956,0.03516298171529708
1957,0.004216373264777251
1958,-0.028390223995708008
1959,0.025802696995316787
1960,0.014013243576036394
1961,-0.029491965028771716
1962,-0.023278310762482435
1963,-0.026169036740728235
1964,0.019364239199099353
1965,0.0455855316059407
1966,-0.02186196949255037
1967,0.007112959023120036
1968,0.016923108412598697
1969,0.016923108412598697
1970,0.012139739204350963
1971,-0.02057760551675414
1972,-0.027070585649704215
1973,-0.01963602937500275
1974,-0.02057760551675414
1975,0.023311643640829605
1976,0.005163599089866189
1977,-0.022150416799005146
1978,0.010645165225239839
1979,0.051658585015223135
1980,0.02009800155132868
1981,-0.02601446171549704
1982,0.008714742212724613
1983,-0.026986539394068587
1984,-0.026496251014405336
1985,0.03805784258937994
1986,0.010571917146809384
1987,0.024703325527480557
1988,-0.020427956065697472
1989,0.01990314194023779
1990,0.04347601505870857
1991,0.02654132778000773
1992,-0.01992357121876942
1993,0.037919243512586354
1994,0.027972185927512716
1995,-0.011013525093022336
1996,-0.019141614640754923
1997,0.03052417403928409
1998,0.012823497153438557
1999,-0.02084602519243245
2000,0.004090492538461943
2001,0.01062431976447803
2002,-0.022532848615056444
2003,-0.02562077885453995
2004,-0.02127631930411833
2005,-0.02272508061493489
2006,0.01864454807822935
2007,-0.01795514646957158
2008,-0.022628117781523738
2009,0.01990314194023779
2010,0.010517551810408254
2011,-0.020881608648321004
2012,-0.02333871866287196
2013,-0.02070189796626576
2014,0.004216373264777251
2015,0.005329147028887704
2016,-0.014533472834268313
2017,-0.021939516303406847
2018,-0.0198017833801033
2019,0.014995781383689344
2020,0.00911514151420656
2021,-0.028125037567779287
2022,-0.028771606628845703
2023,0.019557915302852558
2024,0.00878593172331038
2025,-0.02571301246243546
2026,0.029972943215789694
2027,0.007406271241806928
2028,-0.026986539394068587
2029,-0.019029005785371256
2030,0.025150775401009517
2031,-0.015429458995541268
2032,-0.020940908561905225
2033,0.031231559047552815
2034,0.035058721315898045
2035,0.00205799055266237
2036,0.006539082935250851
2037,0.008561778541789633
2038,0.0065807554058873174
2039,0.011511465459304149
2040,-0.02827223506213783
2041,0.0035547884481852143
2042,-0.02012057053225702
2043,-0.026986539394068587
2044,0.013896475229676852
2045,-0.020170225498818473
2046,0.028206117104574546
2047,-0.028688965176170367
2048,-0.022606732980144484
2049,0.0206292361164222
2050,-0.022308676774897063
2051,0.01637413747312555
2052,0.01864454807822935
2053,0.006512443158711467
2054,0.010970542013614248
2055,0.02654132778000773
2056,-0.020003265119315605
2057,0.005163599089866189
2058,-0.0181913052692097
2059,-0.02871792175317378
2060,0.006994370964905572
2061,-0.02237957149204417
2062,-0.022300613007163683
2063,0.07863399881348965
2064,-0.025347620465016485
2065,0.016353654117273075
2066,0.03603351498949392
2067,0.019086152189495387
2068,0.017688616919539935
2069,0.0062463296891062114
2070,-0.019437639484574998
2071,-0.020075789022807933
2072,0.029507533150992638
2073,-0.022050203962987958
2074,0.010011887392758267
2075,0.022049630337482418
2076,-0.024274743566824464
2077,-0.017800549934086085
2078,0.01514228828604347
2079,-0.025054669606744406
2080,-0.024274743566824464
2081,0.007194560886430057
2082,-0.020164911983947542
2083,0.01701328505798183
2084,0.011624301745312537
2085,-0.007447865460818992
2086,0.004835513476207587
2087,-0.02821191551663904
2088,-0.013673439694456002
2089,0.023237427386421983
2090,0.014439515771793698
2091,0.018039218035028337
2092,0.049915497121075125
2093,0.006998751474868614
2094,0.012898248139586399
2095,0.0019774579070089005
2096,-0.022628117781523738
2097,-0.02649262654461715
2098,0.009594668750767199
2099,0.00543683254424715
2100,0.01929197806477001
2101,-0.025216423664246368
2102,0.021010467644454134
2103,0.007918368740242265
2104,0.020260719213883616
2105,-0.021682056252449455
2106,0.008746008875701983
2107,0.009028780405890169
2108,-0.023195826046510604
2109,-0.019700290570116408
2110,-0.02692784979612417
2111,0.02839045342923696
2112,-0.023263281260896385
2113,0.028294840376726804
2114,0.026486467834993976
2115,0.039159179568597935
2116,0.0055043573486845965
2117,0.027525986341396136
2118,0.009885879720665569
2119,0.01514228828604347
2120,-0.020467310772365632
2121,0.016615302944819277
2122,-0.02640481594462485
2123,0.010970542013614248
2124,0.022049630337482418
2125,-0.021788326905592903
2126,-0.015603663294289083
2127,0.031119265940379615
2128,0.01412828068733707
2129,-0.019930828771779208
2130,0.018649475947677963
2131,0.01843939634901648
2132,0.01877305038110133
2133,0.009665588782016565
2134,-0.02571301246243546
2135,0.0013242743751376018
2136,0.015714595698878453
2137,-0.023406063276232736
2138,0.01851419830544976
2139,0.02654132778000773
2140,0.024549762242750628
2141,0.009272320719447391
2142,0.01611411815197694
2143,-0.02818442501601326
2144,-0.022426121704058666
2145,0.007086824846812834
2146,0.003855048542818207
2147,0.01712183486566443
2148,-0.020247964198974344
2149,-0.015790048873437046
2150,0.031700136399357204
2151,0.003383244740333885
2152,0.019179416521306725
2153,0.016186338655083565
2154,0.005028202110140878
2155,0.017554969128584785
2156,-0.02581462470889273
2157,0.013704667878021104
2158,0.04241839281049509
2159,0.021679363909895444
2160,-0.020797350499760725
2161,-0.022602151425279438
2162,0.039298435381113994
2163,-0.020797350499760725
2164,0.027813551678623205
