,pve
0,-0.022031541921191833
1,0.18116131988033196
2,-0.4023548495284074
3,0.4326908627092845
4,-0.014829930162967186
5,-0.13912336681597526
6,-0.06117294942763629
7,-0.023316812473635595
8,-0.20125234656967306
9,-0.02453988494541448
10,-0.19778812868644946
11,-0.0458460581170651
12,0.12907971110055183
13,0.5027929342649233
14,0.32735195262657424
15,-0.21973980956991912
16,0.04524942767335782
17,0.4180390882213411
18,-0.31020411683874227
19,0.1338688097368953
20,-0.1146394067089006
21,0.08180197893096175
22,0.09145153258253225
23,-0.03404982411702828
24,0.387548548702638
25,-0.21879396602341328
26,0.4924120995387521
27,0.4559408921535434
28,-0.8579050098380981
29,0.06367025184721875
30,0.23696823853854587
31,-0.3986315263083209
32,-0.12093152013389186
33,0.19549273458803773
34,-0.32275701333058626
35,0.44755049468489394
36,0.4773953300407897
37,0.102451182138739
38,0.0324045250573628
39,-0.32669900888633496
40,0.3826001146737541
41,0.36780647071151584
42,0.15195285226886662
43,-0.4363438311264479
44,-0.23004635627023473
45,-0.16073073007380312
46,0.08203871900792059
47,0.23427686463616604
48,0.05685427802874243
49,0.5623367545693745
50,-0.22413889780009022
51,0.11024081319875634
52,-0.7141844466940147
53,-0.4072957672233114
54,-0.3051142011904996
55,0.04467408536697115
56,-0.0789885222687442
57,0.16114519956809553
58,0.018112641964953102
59,0.22098791353576963
60,0.37828352205303706
61,-0.318849235016357
62,-0.10453618808078169
63,0.1275509186157615
64,0.17129448763040656
65,0.33987943037806806
66,0.2845499378078234
67,0.3951582006702936
68,0.14415414998658926
69,-0.006350503961942533
70,0.24764417092176005
71,0.17627319105108868
72,0.35456437377729444
73,-0.2826634629792055
74,0.007600030215374198
75,-0.4970371597361668
76,0.13363135388168135
77,-0.30460677643326195
78,0.3205940421859596
79,0.1739337855155031
80,-0.22074052273035716
81,0.8613681949420263
82,-0.8579778493196792
83,0.04738493419728301
84,0.2596302530858592
85,-0.36278142378577993
86,0.2587568958189079
87,0.22330755267062463
88,-0.050829230248256585
89,-0.2115314046709169
90,0.49104824072726616
91,0.004653084874743585
92,0.11448981586544221
93,0.29903500121383586
94,-0.09072227896102703
95,0.3292458606059934
96,-0.5932979663153862
97,0.13979012676055635
98,0.6368806887467344
99,0.17627319105108868
100,-0.06073324450000572
101,-0.05162831721312022
102,0.08784227290584135
103,0.29657767001912416
104,0.26263663801803794
105,0.3456225495776669
106,-0.12117640094862836
107,0.0008948724447036538
108,0.05598640451229764
109,0.0655356887756503
110,0.3747552411653628
111,0.22518927601072558
112,-0.05372272727854177
113,0.5012280446290479
114,0.23297342626226336
115,0.46202690483389597
116,-0.5683835926402095
117,0.12970352041220579
118,-0.22500887662914337
119,0.13840486625977655
120,0.16578484359982892
121,-0.16131940689716429
122,0.46866468113944026
123,0.32968111782196746
124,-0.04786359957764963
125,0.024200021070566402
126,0.23089236884164133
127,-0.2545966012497345
128,-0.25808127363092725
129,-0.1572806920828741
130,-0.566380883324863
131,-1.1511309713006974
132,0.07818693046255215
133,0.04739392658665459
134,-0.514754875605483
135,0.4729030479573512
136,-0.027996024560635213
137,0.3202691135944213
138,-0.047222105472472076
139,0.12403118137864022
140,-0.9192812343703792
141,0.42569762829623475
142,-0.16037716494202436
143,-0.7112375737071858
144,-0.00764828772295445
145,0.13494380489851965
146,0.04072681048697341
147,0.37905542178533813
148,-0.07124806047546162
149,0.2607344433321873
150,0.15445019752278788
151,-0.0458460581170651
152,-0.5421340388838328
153,-0.02270388184254335
154,0.5046845860681156
155,-0.060882687457410545
156,-0.44558689500326476
157,0.17220698425119862
158,0.09289285664298869
159,0.10193362225971925
160,0.11393443723105612
161,0.12907971110055183
162,0.19307372727004535
163,0.135161494441628
164,0.10713535418767867
165,-0.38876898458209397
166,0.1665693592380893
167,0.31795915510039263
168,0.5608886627287732
169,-0.26975578894237373
170,-0.11272140219852567
171,0.06859328569073464
172,0.4453710443472589
173,0.08053679914747558
174,0.1846089756330342
175,0.326642522214712
176,0.4528254383637248
177,-0.18486407791012494
178,0.27415639882755394
179,-0.31116295936431215
180,0.2750561094852585
181,-0.031787539066781
182,0.07968687509683936
183,0.2548263398544687
184,-1.3165184446131073
185,0.08454072218066766
186,0.23845815173773394
187,0.44134251250622025
188,0.5030494206245285
189,0.5734267044180507
190,0.36373187873651475
191,0.11538037331291562
192,0.5394898687634514
193,-0.3255399564577163
194,0.5224765905892521
195,0.28000660040421926
196,0.1666875705917571
197,0.19431291176924292
198,0.2220746475101164
199,0.1203393213247338
200,0.021928370157755173
201,-0.5315934660120731
202,0.44912416606650185
203,0.5799417970422316
204,-0.4871294446115191
205,0.22250791484579002
206,0.024394868495997257
207,0.37301464128989414
208,0.33526449040476886
209,0.005584471690267545
210,-0.24493890521147388
211,0.1506757845269862
212,0.14106599367187067
213,0.4947202445357927
214,0.01584640708067242
215,-0.44846485876849407
216,0.07264758285704831
217,-0.01627741683779127
218,-0.14927456002667394
219,-0.007370829269097157
220,-0.013155028727634632
221,0.24300269055443607
222,0.35798876613179786
223,0.26506858446330006
224,-0.2575873861112771
225,0.18720944775363196
226,0.6897088026675144
227,-0.12093152013389186
228,-0.33469842734538024
229,-0.5137437707769686
230,-0.03311954577906606
231,0.2818355969959585
232,0.4280990733088943
233,0.5741213042607592
234,0.5067507805049223
235,0.24652177703425227
236,0.2841418507892359
237,0.4290484982198954
238,0.09987250561144834
239,0.17941545858061347
240,0.3644880642818453
241,0.5541269790538652
242,0.03883241247115382
243,-0.27971572359169494
244,0.0550868120483905
245,0.30260503786606796
246,0.20849321091654605
247,-0.7209733420557427
248,0.4478981067520857
249,0.17758051454115376
250,0.4841919741894441
251,0.724704825544644
252,0.18438301315435707
253,-0.2867792015978624
254,0.3184516428514182
255,0.11560504342274652
256,0.24929843070506674
257,-0.11563896574760424
258,0.08556611060963293
259,0.5190374551744806
260,0.007048783496341249
261,0.2680902891154116
262,0.35762054919170094
263,0.20319821855995152
264,0.4249373292489161
265,-0.02966041765916483
266,0.302596812334443
267,0.391395163078712
268,-0.089320128417395
269,0.16347675889458962
270,0.08556611060963293
271,0.46877171757516295
272,0.02981294554577335
273,0.3016600825014719
274,-0.2998139626493438
275,0.09744426264118328
276,-0.0941530786764726
277,-0.2330559593170176
278,-0.03734431759986878
279,-0.9309433771504352
280,0.311847830287465
281,0.19847299172455624
282,0.132650612913235
283,-0.11646660823765276
284,0.07334375826124018
285,0.14182453010331963
286,0.058689705925497826
287,0.10078189176018493
288,0.1666849293111411
289,-0.040079401282736016
290,0.2622495628599505
291,0.018710701103765937
292,0.46833096679387876
293,0.18607110496015328
294,-0.35586967353638155
295,0.24360090917595478
296,0.45291717743893833
297,-0.0070958445805115455
298,0.28170739245646836
299,0.25154571570786954
300,-0.37432250504777287
301,0.10072063233573203
302,0.5887409045803725
303,0.5692243847945616
304,-0.013869633543724835
305,-0.20843620707816846
306,0.35052387025095955
307,-0.13143491663098616
308,0.2868702855257394
309,-0.24032274806308773
310,0.09490762950376491
311,0.34137998256871077
312,0.2319768906185818
313,0.29796809646579586
314,0.3231620881083889
315,-0.028316797368577395
316,0.29412178533062716
317,0.35446662185515565
318,0.14129108873715868
319,-0.2464634146386515
320,0.22367884771666077
321,0.3574483156931451
322,0.10966766358021374
323,0.08234568747897253
324,-0.5892241603493237
325,0.06772665210633366
326,0.5384547346761073
327,0.28666072970334816
328,0.28170739245646836
329,0.3439594874058094
330,0.14369881549668906
331,0.1645786041533427
332,0.1676033205019013
333,0.03438404508931037
334,-0.002966815980347537
335,-0.45497134264125083
336,-0.5382122983030209
337,0.2343736810522974
338,0.054856962845051704
339,-0.0004729809580081845
340,0.035351101133820007
341,-0.0701653723434208
342,0.4124963493522239
343,0.21422809685778688
344,0.18207820994756224
345,0.11147855090549552
346,-0.11994221173490072
347,0.22325418563934213
348,0.17606762652689145
349,0.06696010835549204
350,0.1276612077546695
351,0.024200021070566402
352,0.22292686602572007
353,-0.0875208320119043
354,-0.40105270332405596
355,0.39604432410765017
356,0.13827184998687647
357,0.17893816314013755
358,0.4566602985530265
359,0.13242748647399616
360,0.08699997369218337
361,0.13967405566953783
362,-0.460013520092761
363,0.5901634327767891
364,0.7708914592539885
365,0.3583453159864678
366,-0.17198558943176045
367,-0.4888923585443766
368,0.37375576276663214
369,0.2811141562670571
370,-0.14335052708714924
371,-0.6558264789658582
372,-0.19928335739819036
373,0.38128405604101656
374,0.009579304278649337
375,0.40042713435938754
376,-0.281993217191428
377,-0.13853257279214737
378,0.059343223417664126
379,0.12022704713652521
380,0.2768815916866223
381,0.41601715496527253
382,0.2303972982461397
383,0.0552881338375395
384,-0.8221373612752293
385,0.015138587506489443
386,0.4954826118551891
387,-0.07286084059790587
388,-0.6190527098366072
389,0.18591883519899433
390,0.4328496045117098
391,0.3513077493712652
392,0.3430599232303551
393,0.0066087149556646185
394,0.3266287465369537
395,0.034903537348724645
396,0.30208830762654276
397,0.3253979465946689
398,0.4404426627155156
399,0.08074322013143209
400,0.06934084631897636
401,0.3707034172755235
402,0.052224932744032726
403,0.13842878275109438
404,0.9393703006098992
405,-0.1031031430704541
406,-0.24250849172970623
407,0.06947394659184469
408,-0.01809930443451624
409,0.14659324802108797
410,0.32085335605499354
411,-0.265187288740628
412,0.19888209014703517
413,0.4387055684988794
414,0.3628258608133065
415,0.14992922250462226
416,-0.04009182078050921
417,0.29461997562628484
418,-0.06660240036199061
419,0.05823280452662172
420,-0.17483132652596156
421,0.026981282970386378
422,-0.2919641076060152
423,-0.16377381213693742
424,-0.06621162370049039
425,-0.31448381649398904
426,-0.2979826518416735
427,0.11070596892665596
428,0.48576637285283286
429,0.04832001479381409
430,0.30364542876191936
431,-0.44648763562275207
432,-0.08940608060281297
433,0.8810484194611734
434,0.8032779530320955
435,-0.6501797079688746
436,-0.0074135288070449334
437,0.029067125547354022
438,0.1292412174336659
439,-0.16493051429433647
440,0.2704506291984745
441,0.06454595512254341
442,0.492784813191658
443,-0.2350187980104783
444,0.060495150223338956
445,0.4379088003977141
446,0.18920621072745475
447,0.04359574268289951
448,-0.3141997319316109
449,0.11935444438161869
450,0.12339485209308126
451,0.2908144436597637
452,-0.27329168571358586
453,0.06818486552883174
454,0.21244818977050073
455,0.18029765383141882
456,0.388042613155789
457,0.5105348043454023
458,0.19129262530079538
459,-0.18631883177378394
460,0.13365797459267126
461,0.4219525016392558
462,0.3112623332821962
463,-0.05077331176971833
464,0.3010671451085355
465,0.22528250481971113
466,0.049228471835955245
467,-0.09917608311124526
468,-0.04650685202947791
469,0.2723914314296262
470,0.5360510180574924
471,-0.13020167383407222
472,-0.27255534640714185
473,0.23845815173773394
474,0.07991108094149191
475,0.30223796957471133
476,0.036270995228681935
477,0.3052134423880726
478,-0.011191162084037032
479,0.17060277201234597
480,-0.3056561699720183
481,0.07286714373646902
482,0.07732905801901452
483,-0.42208338033512427
484,-0.3602312729987366
485,0.022017694330319748
486,0.3659536349825924
487,0.2510489591279745
488,0.15254686644618393
489,0.3573006224367502
490,0.4363567230276284
491,0.5057329013344243
492,-0.047958441086222936
493,0.37581028040605213
494,0.06400258617030086
495,0.2619902086713144
496,0.10078130109343353
497,-0.039511450532341175
498,0.16095535832725943
499,0.036890289968879
500,-0.06907726452665297
501,0.6047277820550402
502,0.0068839964638138795
503,0.06500130062146992
504,-0.06746908519483386
505,0.08951136051331365
506,0.12940258772152424
507,-1.0070835348175446
508,0.2637050516774234
509,-0.003879052813646533
510,0.2040589229247477
511,0.22923517869064136
512,0.0674444513392981
513,-0.11509784962717817
514,0.32911750842623566
515,0.192431644208637
516,0.22255458469582812
517,-0.083930341996316
518,0.21538516066487212
519,0.15717774550522268
520,0.13078942906362367
521,0.09289285664298869
522,0.496100857123183
523,0.2366268945131356
524,0.09830596439917805
525,-0.062140933684851185
526,0.012087028609698902
527,0.45345947895530575
528,0.1817251342505748
529,-0.5699229162006254
530,-0.05525748786452356
531,-0.1786215231591025
532,0.12028920166725687
533,0.2938152996157434
534,0.3197766374506296
535,-0.12357864845927868
536,0.23298673577813211
537,0.23851347232612213
538,-0.17343400269086517
539,-0.0748592786133162
540,0.3029349970162513
541,0.1388434349089439
542,0.7525449980029981
543,0.020434614212922364
544,-0.3384010368014442
545,0.059343223417664126
546,-0.03388400444051276
547,0.08925645233261259
548,0.5529068969214088
549,0.07360325652130556
550,0.08330203183760843
551,-0.05792033422290255
552,0.10951330419258565
553,0.6785129814685236
554,0.2862916257911854
555,-0.27574259558516445
556,-0.14913631133558924
557,0.5292390897557999
558,-0.2831895423629175
559,0.22991345351921533
560,-0.13605235360668422
561,0.4405701277361107
562,0.6516338583575592
563,0.11619523353239236
564,0.3452265668025797
565,-0.07416021386887028
566,0.039862976107595816
567,-0.08332788417161219
568,-0.8193208799741797
569,0.1757790533222705
570,0.37636795737477163
571,0.5529442661550076
572,0.28081759964406106
573,-0.06600341200285509
574,0.07783423047910909
575,0.2739662237853281
576,0.4419652634371231
577,-0.3712497272516383
578,-0.21883324638070878
579,-0.18534489547116795
580,0.3385324488519113
581,-0.9560311578534827
582,0.37978899852814785
583,0.050671256580598234
584,0.07320130791809454
585,0.32223630442035034
586,0.4259296986161214
587,0.3315834869417895
588,0.23719067360104884
589,0.3436939063005633
590,0.11803662896110556
591,0.34392722023354205
592,0.6749503568485711
593,0.20780781045089908
594,0.3810743616243182
595,0.4122480172643632
596,0.233602789874498
597,-0.43838866142313593
598,-0.030584435152867684
599,-0.3048081725679621
600,-0.0263874699404133
601,0.339620982473532
602,-0.13733721862012083
603,0.4724898677632522
604,-0.07128818038190199
605,0.1292636706108517
606,0.22528250481971113
607,0.4265754256145192
608,-0.25375333702943925
609,0.3268902391937525
610,-0.3865545565578342
611,0.27204605376606467
612,-0.3520445940673256
613,0.02667956353734413
614,0.5370004905241405
615,-0.07559653057457394
616,0.2774866882988304
617,0.39464670810376623
618,0.12080250991101832
619,-0.4220246668885209
620,0.5758272882478155
621,0.22923517869064136
622,0.14335191005660763
623,0.053899984266332246
624,0.002139533895210599
625,-0.28979944763234966
626,0.5275942224683109
627,0.35845482256309985
628,-0.014840013277926167
629,0.05614699379528154
630,0.14413734751405594
631,0.11675710878891055
632,0.19786687756388122
633,0.3372993774896814
634,-0.013653217746549706
635,0.4455031399516092
636,-0.36043794164750287
637,0.12671408705741982
638,0.73032868706005
639,0.17408055862628646
640,0.13690115936184621
641,0.5513130860468896
642,0.17867446337623316
643,0.049738178225733065
644,-0.033015188678912955
645,0.3697986130073371
646,-0.06765403948404458
647,-0.018908452965993305
648,0.21771372481985107
649,0.6065218629252667
650,-0.3985846282192166
651,0.3100245574482955
652,0.0987985932101304
653,0.1336337606110004
654,0.20849321091654605
655,-0.36175115958536397
656,-0.1997442656490962
657,0.45615063178518356
658,-0.5659214237806964
659,-0.044465950624070216
660,-0.014829930162967186
661,-0.0941530786764726
662,0.5334066087151705
663,-0.11272140219852567
664,0.2839647176711585
665,0.4193827949733099
666,-0.19659847794446383
667,0.6077811481496384
668,0.37049100775259225
669,0.18738646845928109
670,0.18030485513071143
671,0.6248395233945545
672,-0.011252363161259382
673,0.25483726666284123
674,0.06659109811886238
675,0.7835572604649889
676,0.15738976591765808
677,-1.196980606672463
678,-0.12244768391711136
679,0.1495679152105302
680,0.5119298725501491
681,-0.07286084059790587
682,0.31559962958971133
683,0.2531204143168432
684,0.35024387131372803
685,-0.6579735579347571
686,-0.32196343993106347
687,0.013798683028179104
688,0.1909370139648925
689,0.045242484874274846
690,-0.09720417878779852
691,0.28879974324730245
692,0.14398620434397857
693,-0.031191707976799044
694,0.1655179033789751
695,0.6146767633476969
696,-0.16621474754645305
697,0.5196472619515045
698,-0.3069567057051691
699,0.12601925686399884
700,0.21591154809180835
701,-0.10141079679357523
702,-0.27324233263481534
703,0.35924472961464315
704,0.037632143347962554
705,-0.513886207828406
706,0.033163107764932864
707,-0.13357363286661572
708,0.21005772659633326
709,0.37123687315461174
710,0.07743168145414653
711,0.1383743351640384
712,0.27964120640141304
713,0.20447659653486222
714,-0.2605975834457893
715,-0.3164806402402406
716,-0.4530679019701416
717,0.21132908787977178
718,0.24785322287970213
719,0.04577634935720254
720,-0.5342457856212179
721,0.48056595037463057
722,-0.13877925882202014
723,0.42762495032353365
724,-0.23512094131271521
725,0.09920044710313491
726,-0.04740156419761643
727,0.04745986103808186
728,-0.21910238511031288
729,-0.24368013572861957
730,0.23348362194671812
731,-0.1818875974560219
732,0.39748926982505917
733,0.2220746475101164
734,-0.14693723660847358
735,0.21887705079483943
736,-0.45245528336682106
737,0.1868554861591536
738,-0.22495333396430472
739,0.20262423035353705
740,-0.0004729809580081845
741,-0.19203219738538546
742,0.015334513185563003
743,0.2622495628599505
744,-1.0525166990600203
745,-0.19986694847689201
746,0.3843357425039924
747,-0.1200788893475575
748,0.09312312571435688
749,0.03437259815071947
750,0.3485779274154246
751,0.3500534417377219
752,-0.32429711764796854
753,0.15704902224404688
754,0.2883108669683442
755,0.01673017740826277
756,0.3986239003109971
757,-0.24280425392833682
758,0.22642709599242167
759,0.11419526211476738
760,0.4941415523945299
761,0.5313342340818458
762,-0.07317583155947738
763,-0.48809047571356445
764,-0.1029238704270955
765,0.3430599232303551
766,0.025801461000670156
767,0.3361317524534121
768,-0.13621440523113215
769,0.1989368401128021
770,0.4948867533276461
771,0.3191361269887259
772,-0.1558934930304463
773,-0.2811076340696642
774,0.03883241247115382
775,0.5100880187181722
776,0.10472950166804651
777,0.21325519472186516
778,0.3746872319489707
779,0.3270197856755291
780,-0.07499034812840077
781,0.5579410470319353
782,0.1584237372108407
783,-0.18724833467409863
784,-0.222791591867333
785,0.12089854040269243
786,0.11833341582860335
787,0.23737050427350248
788,0.22442337814553193
789,0.4693528157125486
790,0.1735444850908906
791,0.07644599916797346
792,-0.2736455080382949
793,-0.04797712262242726
794,0.327126789749251
795,0.35734834297018003
796,-0.6714839134364189
797,-0.21996253742892158
798,-0.29777689897701354
799,0.27014260406944735
800,0.017256557022248153
801,-0.12644662833963616
802,0.35770955124474135
803,0.06795422925815275
804,0.12427023644034707
805,0.4198705941644908
806,0.21105974957014734
807,0.3020799454161712
808,-0.20375803905102363
809,0.16799281931991195
810,-0.021161658844039533
811,-0.02483767065893605
812,-0.11379797166872108
813,-0.22173991538434956
814,0.20228738430449755
815,-0.4343251425052612
816,0.3631978363177189
817,-0.42957689374292285
818,-0.00606552618819689
819,-0.07797676273392029
820,-0.2517844839489818
821,-0.030847349569714355
822,-0.05040465625270385
823,0.18600621579743876
824,-0.3947515923997126
825,0.08556611060963293
826,0.08602909366017725
827,-0.02761116628631166
828,0.10550998952666324
829,0.059603168815609564
830,0.4456156901523418
831,0.3843880751391635
832,-0.17088283034691532
833,0.6925821612486551
834,0.12034369277466073
835,0.17495887040409924
836,-0.18689982632983604
837,-0.22097359394265248
838,-0.36582309711879457
839,-0.13395387916629797
840,0.11847846592117683
841,0.022591039948586134
842,0.5150558668266311
843,-0.8991729190238679
844,-0.45799618719436086
845,0.12782293927814847
846,0.16955927049001984
847,0.1177783731708843
848,0.2474165547778645
849,0.2207871306463084
850,-0.3657423810040076
851,-0.3069567057051691
852,0.7384647340246528
853,0.5691662583811969
854,0.4127039555244031
855,-0.0026894964984617298
856,0.38583652100895954
857,0.5498452515288391
858,0.05046812131949774
859,0.39953644806088595
860,0.040931682297253524
861,0.6441115139860227
862,-0.10931053977801708
863,0.2477617294402396
864,-0.25773237410827654
865,-0.002541365238311055
866,0.6353549089725519
867,0.2655842084250545
868,0.16456113267638317
869,0.18344469776261496
870,-0.09639197512345254
871,0.23662007035694652
872,0.1512971136501466
873,0.41749367791651093
874,0.27541378478463907
875,0.40962589406934885
876,0.2412549371701891
877,-0.17773085135455702
878,0.42330069896598355
879,0.07256241451241208
880,0.30093466245613676
881,-0.24130434157046776
882,0.017994561229338624
883,0.45480352394536716
884,0.10550998952666324
885,0.21615705131444574
886,0.4409902660622058
887,0.29832897180190454
888,0.25267835555254614
889,-0.09555955676384331
890,0.32651667612558405
891,0.46875465467142774
892,0.0624134226822507
893,0.14969555207290108
894,0.09289285664298869
895,0.029973037603110042
896,0.22518927601072558
897,0.015529069176788202
898,0.318725469818211
899,0.1757117527201294
900,-0.06993654000386029
901,0.21463492323118089
902,-0.06201773021316537
903,0.3944397013655675
904,0.2291301794461955
905,0.2750473074626836
906,0.2388823570805042
907,0.31825980641112467
908,0.016507557451651445
909,0.08602137241970897
910,0.4301762656079258
911,0.04174403576618557
912,0.26674340096937965
913,0.2506852604042955
914,0.19814426366410115
915,0.10691621304846444
916,0.13987684107566284
917,0.5533660185074507
918,0.31800056443209107
919,-0.1436058999968599
920,0.06159744135785461
921,0.317028491349927
922,0.4887531954709796
923,-0.44905163711905793
924,0.07670011554759815
925,0.08008481092426212
926,0.053143572491347935
927,-0.00012329379477193925
928,0.022988001318004936
929,0.22435058959955184
930,0.6223725290397909
931,0.18854354793881412
932,0.34871664725200185
933,0.09534934935483508
934,0.18132721605253077
935,-0.04290659154308318
936,-0.1833989200431213
937,0.5229366140060056
938,0.06838615275690585
939,0.1243128980980619
940,0.30093466245613676
941,-0.00023676716853926472
942,0.17724620721883177
943,0.1906636414528724
944,-0.4837635562200039
945,0.8717510661034059
946,-0.07099152635422878
947,0.5454242683093657
948,-0.21999210153505366
949,0.34974192914070557
950,0.2048492201157952
951,-0.044509384217289893
952,-0.3582577134297601
953,-0.10413007050562961
954,0.16706246807304936
955,0.4489785774310713
956,0.5152531984560655
957,0.3523478682879936
958,0.22698463154952248
959,-0.6852724608110234
960,0.044836244657503355
961,0.1261246975939989
962,-0.6444334038839121
963,-0.005500338271413607
964,0.27148794570401674
965,0.6238690349226643
966,0.05428304895987174
967,0.22233310860058852
968,0.06365770599365173
969,0.29171623575104066
970,0.3912081133252018
971,-0.13631426239091682
972,-0.052373636179901206
973,-0.11064748517841017
974,0.29754575612942513
975,0.1865043664460787
976,-0.024591163478452027
977,0.1661762110107839
978,0.5513635321198797
979,0.24949852049140747
980,0.19585126020827742
981,0.31146874749752435
982,-0.05898077221037401
983,0.5600709495221305
984,0.517608249534143
985,-0.1251092523187215
986,0.36884387402777624
987,0.21482494809456643
988,0.35770955124474135
989,0.10248936535476505
990,-0.15947583500717266
991,-0.43837084046410546
992,0.27204605376606467
993,0.3732675101467704
994,0.020140302981932312
995,0.4880321054969817
996,0.7588284469700228
997,0.5994944806636914
998,-0.12526143475306817
999,0.13409092357117425
1000,-0.025499109578355106
1001,0.10967021143454786
1002,0.3278123086575763
1003,-0.1982472083107396
1004,0.11759481132428173
1005,-0.4034441275503834
1006,0.28304550115708893
1007,-0.47641725389957257
1008,-0.774998552252225
1009,-0.15198137131987743
1010,0.377372825542786
1011,0.4086489479820312
1012,0.24392260968221022
1013,0.10863199804896839
1014,0.40852797839918453
1015,0.16229171258870045
1016,0.4146020175333458
1017,-0.14677566342550818
1018,0.4267557779488746
1019,0.0741652435347343
1020,0.34295296208068016
1021,0.3374387080080238
1022,0.024702938390667617
1023,-0.29543725638316676
1024,0.4025516924991286
1025,0.1334412726340818
1026,-0.024961348961822782
1027,0.1296949592830955
1028,0.21105974957014734
1029,0.10966766358021374
1030,0.29330835661309607
1031,0.16438169135699804
1032,-0.15468796498471626
1033,-0.10838943305070214
1034,0.3890667994853803
1035,0.6869168178469225
1036,0.25680668051824124
1037,-0.13240626265382693
1038,0.6630026585309783
1039,-0.10534932355082449
1040,0.24275699383183003
1041,0.18591883519899433
1042,0.1659663830595393
1043,0.36325682572334295
1044,0.4675677343727451
1045,0.007714785582950245
1046,0.37088866590439107
1047,0.2807163423397284
1048,0.03418315462371235
1049,0.2862916257911854
1050,-0.2420605580947225
1051,0.12339485209308126
1052,0.15101071410602862
1053,0.17758051454115376
1054,0.06345918521897065
1055,0.2713338886109861
1056,0.21448001981586745
1057,0.2751082564965882
1058,0.15230329583801394
1059,0.16135313582733224
1060,-0.033030585246823785
1061,-0.5013876862624381
1062,0.38034929721231536
1063,0.2320534565546465
1064,0.06421329001773024
1065,0.34030271708935156
1066,0.043102295100124643
1067,0.034447210139030404
1068,0.14057926773701046
1069,-0.27122556963369704
1070,0.2591738522148921
1071,0.0522360699403166
1072,0.1491564440920733
1073,-0.031006809039328842
1074,0.3655186857644999
1075,-0.14116721726765102
1076,-0.05351697762995922
1077,0.13209539326455472
1078,0.37143017231096
1079,0.24407730648680237
1080,-0.7281066282235411
1081,-0.5005738010888133
1082,0.038582849278369524
1083,-0.013869633543724835
1084,0.33964073689438473
1085,0.489869032319267
1086,0.03060705173132494
1087,0.4572379516063416
1088,-1.0172012316208001
1089,0.3257231581603529
1090,-0.049454381100207945
1091,0.27204605376606467
1092,0.11914103543329102
1093,-0.22159346111706746
1094,0.6451922599058277
1095,0.19864064287064698
1096,0.35967321535486374
1097,0.12023959877661805
1098,0.21848196818574983
1099,0.1550317268514929
1100,0.1665019534955221
1101,0.08541008087089247
1102,0.781630787188682
1103,-0.4598009995136715
1104,-0.14807424324357865
1105,0.3539760165069531
1106,-0.48715034314721517
1107,-0.13585763990276023
1108,0.18309559960342803
1109,-0.05915192041096051
1110,0.37013267985245496
1111,0.005548122217757079
1112,-0.4673558151919077
1113,-0.532088505678176
1114,-0.6736464170004067
1115,0.22797514904643296
1116,0.080298878666202
1117,0.5213586531490829
1118,0.5690879668967599
1119,0.4586190295890205
1120,0.24600424611640195
1121,-0.17737216768194042
1122,0.2141730279041782
1123,-0.11777354274103569
1124,0.061363494153885145
1125,0.045363282266083216
1126,-0.40251964908623006
1127,0.05498885622521499
1128,0.12808220222731836
1129,0.20623686884721248
1130,0.9021492678457798
1131,-0.42698632241129875
1132,0.04198799215968374
1133,-0.14682212377684722
1134,0.10966766358021374
1135,0.10196296157680573
1136,-0.01711568222146065
1137,0.15893660985674474
1138,-0.7583648911731756
1139,0.2588420670388058
1140,0.1448245393322185
1141,0.17412040725247885
1142,0.029284151534739178
1143,0.0810267498740187
1144,0.46725112260289947
1145,0.006817940049584026
1146,-0.07585560504180466
1147,0.11349354360458441
1148,-0.17474084245927612
1149,0.11252428440013174
1150,0.2992235892638182
1151,0.2480912380504099
1152,0.1132079385646429
1153,0.1091185336114201
1154,0.29661911578024136
1155,0.548748564889943
1156,0.4065780786512161
1157,0.2051556803559329
1158,-0.11423205341730114
1159,0.42588808064258526
1160,-0.047958441086222936
1161,0.12023959877661805
1162,0.39191912481781144
1163,0.201868134998194
1164,-0.4104251679031643
1165,-0.014435179335331894
1166,-0.05932415283811632
1167,0.6585508146114636
1168,0.18375797275562822
1169,0.0629637664142485
1170,0.18352865907074611
1171,0.36476135985591907
1172,0.5497037987558147
1173,0.00970197579770371
1174,-0.1310732407776235
1175,0.01655177134097896
1176,-0.2706077909891724
1177,0.4959307062960465
1178,0.32223630442035034
1179,0.2854600265432914
1180,-0.11532227544984308
1181,0.5427166117461699
1182,-0.0263874699404133
1183,0.34421484297422444
1184,-0.6777532744107352
1185,0.2673409298539067
1186,0.5108617989791366
1187,0.5907999889865372
1188,0.11922656670532261
1189,-0.4012888947850888
1190,-0.8354770037071154
1191,0.3870177043720641
1192,-0.17982902604918627
1193,0.3637293463134311
1194,-0.17681586479048206
1195,-0.20100139086948965
1196,0.07048765506927829
1197,-0.023823721397397746
1198,0.1698028779508779
1199,0.1177783731708843
1200,0.2974369350419953
1201,0.11935444438161869
1202,-0.3069567057051691
1203,0.3439594874058094
1204,-0.2181896415473612
1205,0.08053679914747558
1206,-0.17963969549428171
1207,0.22650727812737037
1208,0.5186304000372195
1209,0.20417995781064768
1210,-0.2036184456790735
1211,0.16258301054254387
1212,-0.7809924088417023
1213,0.2930259580540032
1214,0.16018709940397213
1215,-0.8879669696271966
1216,0.1360081196568521
1217,0.10276604447877846
1218,0.08900612872948654
1219,0.25105604495544265
1220,0.22997882861118224
1221,-0.21012703952309209
1222,-0.2564067380111865
1223,-0.48981947840096496
1224,0.2595860390956459
1225,-0.050829230248256585
1226,0.234360058789713
1227,0.17714622064665397
1228,0.12176755397659422
1229,-0.26363189744426174
1230,-0.5122919664449532
1231,0.11914103543329102
1232,0.6175044029898947
1233,0.22554922723564574
1234,0.4519768644390002
1235,-0.5202687839188259
1236,0.15451948776669716
1237,0.12821645894891753
1238,-0.06463182726363292
1239,0.09285392588098862
1240,0.48368210627135
1241,0.2582928269389847
1242,-0.13821626975470003
1243,0.23285623228399183
1244,-0.2430437889475754
1245,0.504833573834809
1246,0.6445999098466664
1247,0.027100822842035854
1248,0.3001513352023367
1249,0.29035846295776213
1250,-0.06401606501586177
1251,0.10056775787664485
1252,0.13629269982612824
1253,0.3137022010750859
1254,0.24910299157860205
1255,0.07110713897928489
1256,0.5792735594508314
1257,-0.6816913650717383
1258,-0.12866103427158238
1259,0.1598937503516894
1260,0.2899591613138238
1261,-0.01908032206831245
1262,0.047809022193151085
1263,-0.04878419728778938
1264,-0.8994681091384602
1265,-0.06995137917512717
1266,0.24910299157860205
1267,0.28674960920334763
1268,0.1656699095764803
1269,0.239052751365897
1270,-0.32907585041279985
1271,0.44754092028766274
1272,-0.3031207494157766
1273,-0.2256094609421606
1274,-0.3644982940629208
1275,-0.05974292858910368
1276,0.3191361269887259
1277,0.5005205869834515
1278,-0.05005250476198653
1279,-0.7641422079175152
1280,0.0938180251826094
1281,0.2655589754695574
1282,0.10967021143454786
1283,-0.13296208736182036
1284,-0.0019448790015194062
1285,0.5278245812368967
1286,0.18935114386761315
1287,-0.15037440113804457
1288,-0.20665919070923733
1289,0.005621729364236716
1290,-0.22615188576419665
1291,0.4236795161810994
1292,-0.3747964768057469
1293,0.3179638088556489
1294,0.13215129955801863
1295,0.12201957967465527
1296,0.05040305067080403
1297,0.08523922928359506
1298,0.09664026059415842
1299,0.1477108606291142
1300,-0.014829930162967186
1301,0.30383829487246494
1302,0.06461502513606099
1303,-0.3647246123929737
1304,0.41669461159632
1305,0.4926590144050983
1306,0.6369914306209821
1307,-0.49558194691864454
1308,0.12800075572788716
1309,0.23962747855874422
1310,-0.6534295919054758
1311,-0.14117081497402495
1312,0.41599403475787866
1313,0.19847299172455624
1314,0.006266974053204422
1315,-0.14738214280462514
1316,0.03805353050191107
1317,0.6229532761599315
1318,0.20606155060492398
1319,0.2725319561966745
1320,-0.2564067380111865
1321,-0.007338339614441969
1322,0.3236706954137107
1323,0.830085598418557
1324,-0.02719525789788657
1325,-0.09720417878779852
1326,0.09434340547291631
1327,-0.14560330661390408
1328,-0.026481492581451604
1329,-0.22323479999948626
1330,-0.7888733109366804
1331,0.2974804241569686
1332,0.20419939429185546
1333,-0.1415490157975533
1334,0.21731019335616708
1335,0.2619902086713144
1336,0.45618560941111597
1337,0.05740653241643212
1338,-0.40433277461569317
1339,0.20814618471691065
1340,-1.0929172575198374
1341,-0.25124545495428596
1342,0.1562548430495896
1343,0.2892124904046052
1344,0.1624065382694455
1345,0.46404272627023646
1346,-0.1979274711646828
1347,-0.42693611552262445
1348,0.3439594874058094
1349,0.6199556790968199
1350,-0.023283106148218158
1351,0.4486174653889825
1352,-0.5322759526156505
1353,0.01459597744596014
1354,0.39922834028003473
1355,0.10981549441634197
1356,0.3010671451085355
1357,0.2303972982461397
1358,0.20486043320107067
1359,0.1487410340776163
1360,0.2427306334657783
1361,0.37893067884719905
1362,0.36310518070504366
1363,-0.13240626265382693
1364,-0.21989010183524293
1365,0.23458679477957334
1366,0.347053929698083
1367,0.2654722773519385
1368,0.23153285299330356
1369,0.015336584160831834
1370,0.19213044578288496
1371,-0.2555134108567092
1372,-0.3603384229501916
1373,0.04188619711502828
1374,0.046803773981189956
1375,0.2016516408734056
1376,-0.08119430159741436
1377,0.20032349951724238
1378,0.16347675889458962
1379,0.33525945206547597
1380,-0.07720617536199226
1381,-0.19195466825635565
1382,0.2575264746203737
1383,0.0068839964638138795
1384,0.5439838550935627
1385,0.27230942583798035
1386,0.4765875972895989
1387,0.30845200476615175
1388,-0.8722472645570015
1389,0.294494859137586
1390,0.2635080701451846
1391,0.1900677722175801
1392,0.35000059121382904
1393,0.015529069176788202
1394,0.25719720911080185
1395,-0.07626503701255682
1396,0.4180390882213411
1397,-0.11207613318616394
1398,0.413673589369574
1399,-0.00764828772295445
1400,0.11070342710238479
1401,-0.43085391156935227
1402,-0.20293381737309824
1403,0.38367005178965596
1404,0.3954305912608773
1405,0.18685519495418168
1406,0.5038398540184803
1407,-0.8034730868113549
1408,-0.2826634629792055
1409,-0.0037043019565643487
1410,0.5115924316476133
1411,-0.3109130958075159
1412,-0.1572681105048821
1413,0.2253018070864521
1414,0.016507557451651445
1415,0.2178479046440533
1416,-0.10856842471924222
1417,0.8803974725101218
1418,0.32565647462628283
1419,-0.3990454280827779
1420,-0.3698177428200944
1421,-0.150344839197054
1422,-0.047958441086222936
1423,0.14510921136778476
1424,0.2366171049347694
1425,0.013798683028179104
1426,0.12306682157587168
1427,-0.02270388184254335
1428,0.42246618068448444
1429,0.22038384839467928
1430,-0.10481650320858249
1431,0.181974953143834
1432,0.1358175035454231
1433,0.10785038713601325
1434,0.20478689926142746
1435,-0.6670115977126528
1436,-0.050829230248256585
1437,0.4026060988449251
1438,-0.20447469510357852
1439,-0.058710322344036614
1440,0.03123186827304214
1441,0.0454524412345641
1442,0.09289285664298869
1443,0.40042713435938754
1444,0.33802478559924937
1445,0.08420127432421615
1446,-0.10908964154637912
1447,0.4193914849931898
1448,-0.1251092523187215
1449,0.5205520849583357
1450,0.35296110236074363
1451,0.15528320578902644
1452,0.2416794176737218
1453,0.24244983646566687
1454,0.153850347818827
1455,0.39416201394339556
1456,-0.015098207571081934
1457,0.009579304278649337
1458,0.34779561106479406
1459,0.4750045392302501
1460,-0.519472925205115
1461,-0.8337706261740542
1462,0.5676248253927771
1463,0.4198880490679155
1464,-0.18937016379794058
1465,0.20486043320107067
1466,0.592187419688156
1467,0.25748722419228465
1468,0.19495036371701108
1469,0.5786082390001026
1470,0.015529069176788202
1471,-0.9447687498739097
1472,0.20961667741735462
1473,0.266232465910879
1474,0.21737108368665137
1475,0.03690858202285563
1476,0.2313756601050506
1477,-0.20053030810008154
1478,0.3236706954137107
1479,0.08330203183760843
1480,-0.04118409229343012
1481,-0.46205365825647016
1482,0.17244479836511528
1483,-0.16816562206513597
1484,-0.38585611734703507
1485,0.059343223417664126
1486,0.5798286240576269
1487,0.28947858631524953
1488,-0.08021073327401962
1489,-0.013869633543724835
1490,-0.17790271765822507
1491,0.21725570040228037
1492,0.30345933786467016
1493,0.08053679914747558
1494,-0.1636977434146687
1495,0.343354944412515
1496,0.0640825831212502
1497,0.3948438781541852
1498,-0.5260114759623528
1499,-0.06297092819502115
1500,0.1740867748690334
1501,0.2811141562670571
1502,0.4277455395460226
1503,0.2839647176711585
1504,-0.044465950624070216
1505,0.23191698429364938
1506,-0.03510879349747664
1507,-0.19582947418107732
1508,0.1459270365142531
1509,0.008150962720190225
1510,0.06159744135785461
1511,0.5422258056491496
1512,0.4297745991377091
1513,-0.37681913412989154
1514,-0.024073199084582497
1515,-0.5037464759770246
1516,0.17588202848695644
1517,-0.0965275317327966
1518,0.11641557443997852
1519,0.5101489342119552
1520,-0.3212447929490181
1521,0.21132908787977178
1522,0.3813390167540453
1523,-0.23907406969709677
1524,-0.659102445351985
1525,0.07644599916797346
1526,0.04420633689836306
1527,-0.4480035161518555
1528,-0.1957385535965973
1529,0.0613348506041399
1530,0.41539221118716996
1531,0.13592023081103355
1532,-0.25860334957779973
1533,0.4498661262606989
1534,-0.150344839197054
1535,-0.06306282678504138
1536,-0.0814521237815573
1537,-0.2091599102178756
1538,0.3310827234007322
1539,-0.2679934141667214
1540,-0.1626992250348207
1541,0.23700899926192467
1542,0.4193827949733099
1543,-0.01867730852009708
1544,-0.10324279150073057
1545,0.21980715839785248
1546,0.17352701172797913
1547,0.016507557451651445
1548,-0.0458460581170651
1549,0.3627202611565816
1550,-0.12325144557083056
1551,0.10655557271550903
1552,-0.15857322187324696
1553,-0.1290544983877604
1554,0.10602606668847592
1555,0.4884977802766133
1556,-0.8538767552038282
1557,-0.46533389950334325
1558,0.30093466245613676
1559,-0.8128655980005003
1560,-0.49732100090662346
1561,-0.06427294477126888
1562,0.01655177134097896
1563,-0.5671769414708204
1564,0.42599365520990684
1565,0.33450353260887244
1566,0.11560504342274652
1567,-0.15804381613766638
1568,0.22668671221404996
1569,0.428152318857956
1570,0.48576637285283286
1571,0.1749650709583327
1572,-0.060115943457614174
1573,0.3613632763059338
1574,-0.18539072713197846
1575,-0.2757773970623756
1576,-0.106081280266214
1577,0.29615245160751447
1578,0.2748362274412947
1579,-0.04471296297577898
1580,0.3678254260461253
1581,-0.039261722652459974
1582,0.07838751550101275
1583,0.2291301794461955
1584,0.522293691002621
1585,0.16865567057854458
1586,-0.6797848269703823
1587,-0.32633102682920356
1588,0.5585471874557718
1589,-0.5681834494318186
1590,-0.23504888694599302
1591,0.13686308190736085
1592,0.1812743111877479
1593,-0.08226415576049062
1594,0.3810743616243182
1595,-0.12801888204919953
1596,0.26668124659526915
1597,0.21887705079483943
1598,0.03627253192342983
1599,0.12815266071191395
1600,0.21225560483342154
1601,0.2678620175536094
1602,0.2800035993926122
1603,0.16347675889458962
1604,0.3086040881307494
1605,-0.20339941664746974
1606,-0.22236032112937076
1607,0.22255458469582812
1608,-0.16908921657008436
1609,0.103250508578838
1610,-0.10183308579559913
1611,0.5222299553339615
1612,0.6458796130766783
1613,-0.44866597998580415
1614,-0.1597108591547577
1615,0.17005322908630066
1616,0.27332803202648076
1617,0.1330798884155316
1618,-0.0554845178645359
1619,0.06392729797619678
1620,0.2999459380472689
1621,0.2978850947875395
1622,0.3052134423880726
1623,-0.05739061217200003
1624,0.5357089126909347
1625,0.37975582871945057
1626,-0.4821088233356492
1627,0.20776576526448348
1628,-0.33522770864283
1629,0.11560504342274652
1630,0.14510921136778476
1631,-0.07531404674209585
1632,0.32783917197764334
1633,0.010329216481529846
1634,-0.22052748782973253
1635,0.5927091700163823
1636,0.2562158165475806
1637,0.4802927032796539
1638,0.1551419146631211
1639,0.22099607630433404
1640,0.0659483132152151
1641,0.4211229118295039
1642,0.544613313655396
1643,0.05559597973921615
1644,0.3647782190974241
1645,-0.036323491745417935
1646,-0.4613622504485929
1647,0.2761260650111481
1648,-0.12801888204919953
1649,-0.1939882260088841
1650,-0.19436331793149642
1651,0.3368237730850439
1652,0.5706018214819681
1653,0.0794051837914107
1654,0.21482494809456643
1655,0.04837524195974918
1656,0.3890667994853803
1657,-0.18025311323286375
1658,0.038695010015133646
1659,0.15443123142203685
1660,-0.14562183436160914
1661,0.15341287802959286
1662,-0.4795787033811264
1663,-0.08756214142684349
1664,0.19180629517004566
1665,0.1171306084464726
1666,-0.19820093828725038
1667,0.319473778424111
1668,0.2562158165475806
1669,0.3667157161830935
1670,0.30456093322544653
1671,0.5172510978449313
1672,0.2561566976032598
1673,0.1276612077546695
1674,-0.4343251425052612
1675,0.614346489513452
1676,-0.0052247142961746595
1677,0.16838314906484203
1678,0.5947656290805555
1679,0.4207804690905881
1680,0.19694296362445118
1681,-0.0875208320119043
1682,0.6491656484247851
1683,0.10444798810789757
1684,-0.17758663290756393
1685,0.07164462036946795
1686,0.7114174739737227
1687,0.09967113018272389
1688,-0.07201843055305379
1689,0.06625817615353735
1690,-0.09908603867381449
1691,-0.333951887824114
1692,-0.04938666344096165
1693,0.26455915351480785
1694,0.3775108883530189
1695,0.17992382666777396
1696,0.04231939447642519
1697,0.4163022689218621
1698,0.018625254336575026
1699,-0.2032076623212492
1700,0.1726428611099694
1701,-0.15578987245683318
1702,0.0597696523731408
1703,0.4097315366581536
1704,-0.2430437889475754
1705,0.22518927601072558
1706,-0.6951187613259588
1707,0.20478689926142746
1708,0.2559220890114282
1709,0.4085879269196323
1710,0.023041129257187376
1711,-0.011001844388388249
1712,0.1388954866150346
1713,0.18846584456770565
1714,0.3606319345015344
1715,0.1358920196475123
1716,0.2419148784289057
1717,-0.1848895946184681
1718,0.23478749214606515
1719,0.20600128152504477
1720,-0.1678187905525781
1721,0.5309578515353158
1722,0.007600030215374198
1723,-0.024455414693857314
1724,0.45815188668714324
1725,0.583512916838837
1726,0.43536960053900275
1727,0.3908898007555667
1728,0.19172429694821375
1729,-0.24049581039464374
1730,-0.28436714259496154
1731,0.2412549371701891
1732,0.5565132501458043
1733,0.47838251095632633
1734,0.29378666626140604
1735,0.28948576455799857
1736,0.15625257267835635
1737,0.26211434710152837
1738,-0.006019734565885004
1739,0.24910299157860205
1740,0.0243660688389018
1741,0.015302863842800773
1742,-0.06048570918163054
1743,-0.6100239409270866
1744,-0.2940400041409382
1745,-0.1578680274073626
1746,0.197307672664716
1747,-0.14035587419616935
1748,-0.09249547258797763
1749,0.13731387081608837
1750,0.19431291176924292
1751,0.4670340842575634
1752,0.307292294171771
1753,0.0907382696370741
1754,0.1243979037420132
1755,0.051727290436938134
1756,-0.3961377388116968
1757,-0.06536441642538293
1758,0.10560245045200667
1759,-0.050829230248256585
1760,0.5194351924706685
1761,0.1952111039187323
1762,0.3428611887421519
1763,0.5455917180473279
1764,0.22991036062122416
1765,-0.013869633543724835
1766,0.20486043320107067
1767,0.5243091456770859
1768,-0.21469166210871882
1769,0.3606261867892993
1770,-0.15560070419092653
1771,-0.18859189884493144
1772,0.3832515939567861
1773,0.26644398160969796
1774,0.2974369350419953
1775,-0.12208138737582763
1776,0.2825644389185453
1777,0.037632143347962554
1778,0.3673913394955197
1779,0.29330835661309607
1780,0.3700426811770602
1781,-0.015751179028483886
1782,-0.14698180857022491
1783,0.0002521000273599805
1784,0.1707045432636034
1785,0.03119011229164531
1786,0.2789517263480596
1787,0.27154066314326863
1788,0.19400298411114492
1789,0.2768815916866223
1790,0.0025421150402114012
1791,0.675286329244551
1792,-0.21892489568568163
1793,0.23355416816032926
1794,0.3491801084832307
1795,0.012633580722237192
1796,-0.2565749177164647
1797,0.09523684928289211
1798,0.19858852388043063
1799,0.2844683251751203
1800,-0.20900396457797255
1801,-0.09139457697956088
1802,-0.01604825840137858
1803,0.0810267498740187
1804,0.10305687544259484
1805,-0.06463182726363292
1806,0.18735112810965643
1807,0.415492950715977
1808,0.2634861742688308
1809,-0.5211288017120562
1810,-0.21152558922647224
1811,-0.13846135472744836
1812,0.05495998583430456
1813,0.5980935021745015
1814,0.24173928638923053
1815,0.012633580722237192
1816,0.42987844237735584
1817,0.2862902020230692
1818,0.2302802425709634
1819,0.2730118941261013
1820,0.28596393028756906
1821,0.06296897849332028
1822,0.04467408536697115
1823,0.358481049422082
1824,0.1689767313948516
1825,-0.03992566690559329
1826,-0.17803340217520436
1827,0.056870741612556897
1828,0.25105604495544265
1829,-0.06543228110825194
1830,-0.31448381649398904
1831,0.4373303472800446
1832,0.3052134423880726
1833,0.0876341023725673
1834,-0.02966041765916483
1835,0.1667297269647421
1836,0.20280032508722218
1837,-0.11483770843748953
1838,0.09936489375558588
1839,0.14753998947136387
1840,-0.3227147388588719
1841,-0.5614873802650618
1842,-0.33654893547066556
1843,0.15254686644618393
1844,0.3022506488931943
1845,0.13392563598858798
1846,-0.23226925848021973
1847,0.09595302189365695
1848,0.12106287974975827
1849,-0.2564067380111865
1850,-0.2852442342805733
1851,0.29247053604893614
1852,-0.09908603867381449
1853,0.3552038289457913
1854,0.11618263716353255
1855,-0.20581845006428334
1856,0.5214284870733654
1857,0.04399078935898426
1858,0.022505785751535168
1859,0.240975694611834
1860,0.0451524865074826
1861,0.12176951988032114
1862,0.0048634421808714245
1863,0.048231768931394914
1864,0.31341345930424513
1865,0.06727583730370046
1866,0.23838269084217256
1867,0.1155324501407054
1868,-0.01149257136530446
1869,0.6646925077028932
1870,0.5516077842202316
1871,0.23826205732916506
1872,0.5725078270162162
1873,0.18579260597947844
1874,0.47988876094093924
1875,-0.028316797368577395
1876,-0.2583427105535857
1877,0.07110713897928489
1878,0.2761309535794838
1879,0.3255225546052925
1880,0.3123399075842748
1881,0.4333530164907158
1882,0.25105604495544265
1883,0.42277255282894877
1884,-0.8079534340958406
1885,0.3137022010750859
1886,-0.17956471274968566
1887,0.4752614384516739
1888,-0.40159195174593354
1889,-0.3320186838176128
1890,0.04426683408742055
1891,0.1926001876733746
1892,-0.06117294942763629
1893,-0.2836841499055063
1894,0.3572313707178927
1895,0.30116421897243784
1896,0.2393891197146665
1897,-0.7910168915897163
1898,0.3501441613865903
1899,0.3315834869417895
1900,0.7373978672294944
1901,0.4426130012985463
1902,0.18438301315435707
1903,-0.11423205341730114
1904,0.38167197037581096
1905,-0.758539924035168
1906,-0.3870351095515071
1907,0.22255458469582812
1908,-0.6409021875720712
1909,0.33169272527698335
1910,0.015529069176788202
1911,-0.7986852939053398
1912,-0.045639340902185466
1913,-0.2597829624742408
1914,0.15528320578902644
1915,0.1353232803955221
1916,-0.29884995759063315
1917,0.29076290750336226
1918,0.5941961761045065
1919,-0.8327083126754701
1920,0.24908788264454296
1921,0.5344567901100012
1922,0.15528320578902644
1923,0.04331831243035755
1924,-0.49588761481165144
1925,-0.3884596352786637
1926,0.25731298743760167
1927,0.33132064838549363
1928,0.2748519808174943
1929,0.1491564440920733
1930,0.3549566354240508
1931,-0.16488617415961704
1932,-0.23129738067200278
1933,-0.09992433751845353
1934,0.09672000419830995
1935,0.32717956100820855
1936,0.012633580722237192
1937,0.21390030806353688
1938,0.0455609513445826
1939,-0.3631248270708288
1940,0.14322753309241298
1941,0.01653471545926244
1942,-0.4910487817675476
1943,-0.008382606392120184
1944,0.03557337211534228
1945,-0.08332788417161219
1946,-0.2730103943587284
1947,-0.9325543796304168
1948,0.1550802808229741
1949,0.5780725757197213
1950,0.12815266071191395
1951,0.29367880130431306
1952,0.024394868495997257
1953,-0.2918338452189576
1954,0.422170473540603
1955,-0.10539601897328776
1956,-0.40630147489801616
1957,0.3100245574482955
1958,0.32409339390393654
1959,-0.02968873255306015
1960,0.12815266071191395
1961,0.17060306712348206
1962,0.026414976586437322
1963,0.01862793099289095
1964,0.02369910683342663
1965,-0.958391485959306
1966,0.31549203053907743
1967,0.23510084281614196
1968,0.23252943969466078
1969,-0.01627741683779127
1970,0.16347675889458962
1971,-0.6300527006822702
1972,0.2412549371701891
1973,0.310620471239836
1974,0.011854063289925887
1975,-0.10873349935751009
1976,0.28564883758748205
1977,-0.6499006262134843
1978,0.27448391426136615
1979,-1.1063586649220598
1980,-0.02225732470768177
1981,0.1055932444136709
1982,0.31042267749995833
1983,0.4349876866299809
1984,0.3439594874058094
1985,-0.44730730853121836
1986,0.3016917099364644
1987,-0.09908603867381449
1988,-0.3326931576907527
1989,-0.09960354976104369
1990,-0.6515805782081422
1991,-0.1699741349668339
1992,0.25494169470438505
1993,-0.46205365825647016
1994,-0.20164355016783986
1995,0.7794090778575751
1996,0.3402322759110912
1997,-0.4970206347172844
1998,0.18609623067523373
1999,-0.7343795551500173
2000,0.4783165674269611
2001,0.19307372727004535
2002,-0.047958441086222936
2003,0.48708490064829896
2004,0.18029765383141882
2005,-0.8653051329474777
2006,0.1330798884155316
2007,-0.9006580380049477
2008,-0.0263874699404133
2009,-0.105067167934499
2010,0.25949715609170243
2011,0.418998573883835
2012,0.17167498218807908
2013,-0.15642899633915208
2014,0.31053542878258894
2015,0.4346334869661752
2016,0.5298415447369422
2017,0.043683662140240775
2018,0.4220486738759152
2019,0.24697506653651208
2020,0.2674589676656915
2021,0.30710452295902313
2022,0.17835825641090974
2023,0.11056149801730608
2024,0.2970008852209549
2025,-0.28157547073905365
2026,-0.2611647266841731
2027,0.2460900017095853
2028,0.37143017231096
2029,0.46068794010433156
2030,-0.150344839197054
2031,0.5150558668266311
2032,0.1916134385097309
2033,-0.27945609114476455
2034,-0.5582985728293243
2035,0.3518181177502821
2036,0.2538719251458247
2037,0.2313756601050506
2038,0.3638766205091576
2039,0.23826205732916506
2040,0.2542440493062309
2041,0.5016230359960305
2042,0.20909170834383417
2043,0.30427251541837474
2044,0.20724685449347835
2045,-0.8879669696271966
2046,-0.32160113397651324
2047,-0.11639979244749843
2048,-0.16370721443399405
2049,-0.1387974413031542
2050,-0.30947719084000325
2051,0.16135313582733224
2052,0.1251563810945011
2053,0.46874658548105375
2054,-0.033224407764214314
2055,-0.1699741349668339
2056,0.23958958193585778
2057,0.2908144436597637
2058,-1.0878844531304888
2059,-0.0731028043476547
2060,0.5470514885613557
2061,0.13931540293822808
2062,0.2755565449171063
2063,-1.4924649236982344
2064,0.5413863067309084
2065,0.13233264804200273
2066,-0.7175004363804506
2067,0.13553234943575132
2068,0.1668208918942229
2069,0.2639180405618573
2070,0.35959680149990875
2071,0.39989683258295006
2072,-0.2790284819727622
2073,0.16062051819576795
2074,0.26341150573145794
2075,-0.02285037137530499
2076,0.4328080034656857
2077,0.4644753427004181
2078,0.18008328458135286
2079,0.6976280085377995
2080,0.43137912271920686
2081,0.4905046733826127
2082,0.1864303179762452
2083,0.18093356359009255
2084,0.23714540254016356
2085,0.9026226868273135
2086,0.2979839601538796
2087,0.19099174298851396
2088,0.6953665546038676
2089,-0.07398747367290026
2090,0.08577869385932296
2091,0.11837721545295177
2092,-0.7954783131423265
2093,0.25416937428632336
2094,0.1879468059734814
2095,0.4893803948142994
2096,-0.040861910839781745
2097,0.2734444508976087
2098,0.261123171444018
2099,0.27661209671993625
2100,-0.0031941735601456744
2101,-0.01833887635096043
2102,-0.04658592440895559
2103,0.23734232487748236
2104,-0.005533834790271808
2105,0.30356245350665106
2106,0.2732756350461115
2107,0.22255458469582812
2108,0.549956204606247
2109,-0.930936253006156
2110,0.32223630442035034
2111,-0.04543238945761641
2112,0.04798641633950995
2113,-0.10417683612543116
2114,-0.18025311323286375
2115,-0.5495594214363356
2116,0.3153895512665922
2117,-0.02926002300264574
2118,-0.008258442722037573
2119,0.10550998952666324
2120,0.16750039410362205
2121,0.12170981220124732
2122,0.36428016519712914
2123,0.24659000099628947
2124,-0.1831462619346489
2125,-0.7170036021489519
2126,0.5162485729037424
2127,-0.3246352596617348
2128,0.12659593443752049
2129,-0.8805914260035741
2130,0.09565048843260116
2131,0.0324045250573628
2132,0.00912552388973109
2133,0.3774528640465604
2134,-0.513179823039738
2135,0.5130831250852422
2136,0.1720255681157638
2137,0.5778459056725251
2138,0.037632143347962554
2139,-0.1683608543049927
2140,-0.08776771108126258
2141,0.2106162701715001
2142,0.07581448925502426
2143,-0.34640233912495466
2144,0.08180197893096175
2145,0.2531204143168432
2146,0.31183427146437437
2147,0.06772665210633366
2148,0.2925401610759353
2149,0.4948867533276461
2150,-0.308141480379471
2151,0.3236695360785647
2152,0.12489250692095688
2153,0.11566655882024734
2154,0.40460177543108483
2155,0.05090195096518507
2156,0.4391025437143661
2157,0.2073470133037943
2158,-0.6074017654054263
2159,-0.05525748786452356
2160,0.24708405569895708
2161,0.5651861725452146
2162,-0.6087114709816416
2163,0.24708405569895708
2164,-0.22286816762031247
