,pve
0,-0.15843397934581205
1,0.29617212846720814
2,-0.2873440409415312
3,0.2674155006301463
4,0.13304483565134595
5,-0.30439872889511344
6,-0.1975753868522565
7,0.09169399611324058
8,-0.05337758075535992
9,0.12333488086889866
10,-0.3341905661110697
11,0.10202870769724803
12,-0.007322726324068385
13,0.33751757218578515
14,0.4423627612134504
15,-0.07186504375560598
16,0.19312419348767096
17,0.2816366507967209
18,-0.4466065542633625
19,-0.03140655234224288
20,0.00037140187797557456
21,-0.054600458493658466
22,0.20646234116940843
23,0.0809609844698479
24,0.2511461112780178
25,-0.07091920020910014
26,0.3271367374596139
27,0.6038156579678565
28,-0.742894201251222
29,-0.07273218557740146
30,0.10056580111392566
31,-0.5639068883874591
32,-0.28620688221303003
33,0.3105035431749139
34,-0.17488224751627313
35,0.5954252604992071
36,0.31211996796165153
37,0.21746199072561517
38,0.14741533364423898
39,-0.4631014463109552
40,0.21732475259461592
41,0.20253110863237767
42,0.2669636608557428
43,-0.2884690653121348
44,-0.11503554768335855
45,-0.04571992148692694
46,0.22991348482223373
47,0.3492876732230422
48,-0.10842108405039574
49,0.7102115203836876
50,-0.07626413198577708
51,0.2581155790130695
52,-0.8505868841186349
53,-0.25942100140899826
54,-0.1901033926036234
55,0.1925488511812843
56,0.06888624354556894
57,0.2761560081549717
58,0.16598740777926624
59,0.08458547611114942
60,0.21300815997389888
61,-0.48412459709549516
62,-0.2409386255054019
63,-0.008851518808858705
64,0.006019125551268378
65,0.45489023896494424
66,0.3995607463946996
67,0.2587557632456734
68,0.25916495857346544
69,0.10866030462493365
70,0.11124173349713984
71,0.29128399963796486
72,0.18928901169815626
73,-0.16765265439232935
74,0.12261083880225038
75,-0.34916239392185366
76,0.24864216246855753
77,-0.1567320106189488
78,0.46846880800027274
79,0.03753134809088288
80,-0.38601588480949534
81,0.6960928328628881
82,-1.0232532113988175
83,0.1623957427841592
84,0.09435489100672101
85,-0.49918386121040015
86,0.406631661633221
87,0.3383183612575008
88,-0.1872316676728768
89,-0.3768067667500551
90,0.6389230065415793
91,-0.13174935254987663
92,0.2295006244523184
93,0.446909767028149
94,0.05715248685328611
95,0.1928434231813732
96,-0.47828715772851005
97,0.25480093534743253
98,0.7847554545610476
99,0.29128399963796486
100,0.08714152131430741
101,-0.18803075463774044
102,-0.04856016451877887
103,0.41158847860600034
104,0.3776474466049141
105,0.2092201121530467
106,-0.2575788383732486
107,0.1487696382590168
108,0.20386117032661077
109,0.21341045458996344
110,0.5226300069796759
111,0.08878683858610537
112,-0.190125164703162
113,0.649102810443361
114,0.3808481920765765
115,0.32562446740927575
116,-0.7047860300648298
117,0.24471432899908196
118,-0.1099980680422672
119,0.0020024288351563335
120,0.2807956521867051
121,-0.01344464108285115
122,0.6165394469537534
123,0.19327868039734725
124,0.06714720900922655
125,0.17207478688487954
126,0.37876713465595446
127,-0.41987196332887267
128,-0.42335663571006543
129,-0.2936831295074943
130,-0.4185061175105499
131,-1.0032562054863843
132,0.19319773904942833
133,0.16240473517353077
134,-0.3668801097911699
135,0.6207778137716644
136,-0.1932713866397734
137,0.18386667616980107
138,0.0677887031144041
139,0.27190594719295336
140,-0.7714064685560661
141,0.28929519087161454
142,-0.045366356355148185
143,-0.847640011131806
144,0.10736252086392173
145,-0.0014586325261005673
146,0.1557376190738496
147,0.21378005970619995
148,-0.20765049790008183
149,0.1243320059075671
150,-0.010825164556350297
151,0.10202870769724803
152,-0.3942592730695197
153,0.09230692674433283
154,0.3682821486434954
155,0.08699207835690259
156,-0.3305760864163886
157,0.32008175006551176
158,0.20790366522986486
159,0.24980838807403238
160,-0.022468000193564097
161,-0.007322726324068385
162,0.3080845358569215
163,0.2501723030285042
164,0.22214616277455485
165,-0.24089421876778083
166,0.2815801678249655
167,0.4329699636872688
168,0.7087634285430864
169,-0.15474498035549755
170,0.0022894063883505122
171,0.21646805150504778
172,0.30896860692263867
173,0.22841156496178872
174,0.29961978421991037
175,0.16136716013557384
176,0.2875500762845866
177,-0.32126651533474515
178,0.13775396140293372
179,-0.16328819354999902
180,0.39006691807213467
181,0.08322326952009518
182,0.2275616409111525
183,0.4027011056687818
184,-1.4817938066922456
185,0.2324154879949808
186,0.3534689603246101
187,0.30494007508160004
188,0.3666469831999083
189,0.7213014702323638
190,0.22732944131189453
191,-0.021022064111704597
192,0.4030874313388312
193,-0.2105291478708401
194,0.35720122851011393
195,0.14360416297959905
196,0.0014122085126189177
197,0.3093237203561191
198,0.3370854560969926
199,0.26821408713904693
200,0.13693917874463135
201,-0.6968688280912113
202,0.31272172864188164
203,0.4435393596176114
204,-0.6524048066906573
205,0.08610547742116981
206,0.13940567708287344
207,0.23661220386527393
208,0.483139256219082
209,-0.15969089038887063
210,-0.41021426729061206
211,0.2656865931138624
212,0.2889407594861838
213,0.32944488245665454
214,0.1308572156675486
215,-0.6137402208476322
216,-0.09262777922208987
217,0.13159734897652187
218,-0.0013997942123608054
219,0.14050393654521598
220,0.1347197370866785
221,0.3908774563687492
222,0.505863531946111
223,0.09979322238416188
224,-0.1425765775244009
225,0.3350842135679451
226,0.5244334405883762
227,-0.28620688221303003
228,-0.1868236615310671
229,-0.3658690049626555
230,0.08189126280781012
231,0.11656023491682033
232,0.2628237112297561
233,0.40884594218162107
234,0.6546255463192354
235,0.11011933960963205
236,0.432016616603549
237,0.29264606079527516
238,0.24774727142576147
239,0.014140096501475297
240,0.5123628300961585
241,0.388851616974727
242,0.15384322105803
243,-0.16470491500481876
244,-0.11018855003074768
245,0.13732967578692978
246,0.04321784883740787
247,-0.8862487041348809
248,0.3114956693274655
249,0.29259132312802993
250,0.3477895367648239
251,0.5594294634655058
252,0.29939382174123325
253,-0.17176839301098623
254,0.43346245143829437
255,0.2306158520096227
256,0.08402306862592857
257,0.0322358000667089
258,-0.05083632681498729
259,0.6669122209887938
260,0.12205959208321743
261,0.3831010977022878
262,0.5054953150060141
263,0.3182090271468277
264,0.28853489182429587
265,0.08535039092771135
266,0.4176076209213192
267,0.22611980099957385
268,0.05855463739691813
269,0.2784875674814658
270,-0.05083632681498729
271,0.33236928015054273
272,0.14482375413264953
273,0.44953484831578505
274,-0.1848031540624676
275,0.21245507122805946
276,-0.2594284407556108
277,-0.11804515073014143
278,0.0776664909870074
279,-1.0962187392295735
280,0.1465724682083268
281,0.06207055429993602
282,0.24766142150011117
283,-0.252869045662273
284,-0.091931603817898
285,0.2568353386901958
286,0.173700514512374
287,-0.03562054566443529
288,0.31455969512545423
289,0.07493140730414016
290,0.12584712543533028
291,0.16658546691807907
292,0.6162057326081919
293,0.30108191354702946
294,-0.24085886494950537
295,0.10719847175133457
296,0.28764181535980016
297,0.10791496400636463
298,0.39671820104334454
299,0.3665565242947457
300,-0.2593116964608967
301,0.24859539815004517
302,0.7366156703946857
303,0.7170991506088747
304,0.10114117504315134
305,-0.37371156915730663
306,0.4983986360652727
307,-0.2678373540556064
308,0.4018810941126156
309,-0.12531193947621155
310,0.2099184380906411
311,0.4892547483830239
312,0.34698769920545797
313,0.445842862280109
314,0.1867596506837687
315,0.08669401121829878
316,0.40913259391750334
317,0.21806418443053543
318,0.25630189732403486
319,-0.4117387767177897
320,0.338689656303537
321,0.5053230815074583
322,0.22467847216708992
323,-0.054056749945647686
324,-0.44134939453501054
325,0.18273746069320984
326,0.37317937259696904
327,0.4345354955176613
328,0.39671820104334454
329,0.17868412532667122
330,0.2915735813110022
331,0.028176166728722474
332,0.31547808631621443
333,0.14939485367618655
334,0.1449079498339656
335,-0.33996053405437465
336,-0.703487660382159
337,0.34938448963917357
338,0.20273172865936484
339,0.114537827628868
340,-0.10105133629080021
341,0.04484543624345538
342,0.560371115166537
343,0.32923890544466305
344,0.3299529757618754
345,0.25935331671980866
346,-0.2852175738140389
347,0.3382649942262183
348,0.29107843511376763
349,-0.06944232906912817
350,0.27553597356898263
351,0.17207478688487954
352,0.3379376746125963
353,0.06035393380240883
354,-0.2860418947371798
355,0.25964188668302995
356,0.25328265857375265
357,0.29394897172701373
358,0.6045350643673396
359,0.2803022522883093
360,-0.0782753883869548
361,-0.025601306409600344
362,-0.5964159575173812
363,0.7380381985911022
364,0.6056160971748503
365,0.22194287856184758
366,-0.02411082361744732
367,-0.3410175927300635
368,0.20848040068749396
369,0.3961249648539333
370,-0.02833971850027306
371,-0.5079517131515451
372,-0.05140859158387723
373,0.21600869396187838
374,0.12459011286552552
375,0.2640246969347673
376,-0.4183956546160482
377,0.009342193022165768
378,0.1743540320045403
379,-0.016175390288095004
380,0.3918924002734985
381,0.5638919207795856
382,0.34540810683301587
383,0.20316289965185264
384,-0.6742625954609162
385,0.13014939609336562
386,0.6433573776695023
387,-0.2092632780225261
388,-0.7843280719157454
389,0.33379360101330746
390,0.29644716708708957
391,0.21490531194664497
392,0.49093468904466825
393,-0.1297937224689556
394,0.44163955512382985
395,-0.10149890007589557
396,0.4499630734408559
397,0.1889955091700487
398,0.30404022529089536
399,0.22861798594574523
400,0.18435165490585254
401,0.2054280551963853
402,0.1672357413309089
403,0.2863035485654075
404,0.7740949385307611
405,0.011907665516422083
406,-0.0946337259153931
407,-0.09580141548729348
408,-0.15450174185913645
409,0.26160405660796415
410,0.4358641646418697
411,-0.15017648015375185
412,0.06247965272241496
413,0.30230313107425916
414,0.1975504987341683
415,-0.015346139574515916
416,0.10778294503380392
417,0.12934461354714666
418,0.08127236545232253
419,0.20610757034093485
420,-0.05982051793908538
421,-0.1382940791087518
422,-0.17695329901913903
423,-0.048763003550061246
424,0.048799184886385794
425,-0.1666090506796759
426,-0.18297184325479732
427,0.22571677751353214
428,0.3204910107736947
429,0.16333082338069027
430,0.16724299133729914
431,-0.6117629977018902
432,-0.25468144268195114
433,0.7157730573820352
434,0.6380025909529573
435,-0.5023049421545615
436,0.10759727977983125
437,-0.13620823653178415
438,0.27711598324797904
439,-0.33020587637347465
440,0.1340481917738543
441,0.1795567637094196
442,0.6406595790059711
443,-0.12000798942360213
444,0.17550595881021513
445,0.3015063629730939
446,0.3042170193143309
447,0.1586065512697757
448,-0.1991889233447347
449,-0.01704799304300153
450,0.23840566067995744
451,0.4058252522466399
452,-0.12541691989927273
453,-0.09709049655030644
454,0.36032295558481386
455,0.04389521640679861
456,0.5359173789701022
457,0.34525944226626415
458,0.05489018787617517
459,-0.32272126919840416
460,-0.0027444628319489572
461,0.2566771395601176
462,0.4262731418690724
463,0.06423749681715785
464,0.16466470768391528
465,0.08888006739509091
466,0.16423928042283142
467,0.048698682703067875
468,0.06850395655739827
469,0.13598899400500597
470,0.3707756559783543
471,-0.01519086524719604
472,-0.15754453782026567
473,0.3534689603246101
474,0.1949218895283681
475,0.4172487781615875
476,0.1512818038155581
477,0.1399380803089344
478,-0.1764665241631752
479,0.005327409933207794
480,-0.1906453613851421
481,0.1878779523233452
482,0.1923398666058907
483,-0.5873587424142624
484,-0.4966337104233568
485,-0.11438474309430047
486,0.5138284007969056
487,0.3989237249422876
488,0.2675576750330601
489,0.22089818501213
490,0.2710813609484902
491,0.3693304639098041
492,-0.18436087851084315
493,0.23940784298143192
494,0.211877351984614
495,0.3770010172581906
496,-0.06449406098570465
497,-0.1759138879569614
498,0.2759661669141356
499,0.15190109855575518
500,0.04593354406022321
501,0.7526025478693533
502,0.12189480505069006
503,-0.10027406145766826
504,0.04754172339204232
505,0.20452216910018983
506,0.2772773535358374
507,-0.8592087690032314
508,0.09842968959828524
509,-0.14028149023826675
510,0.3190697315116239
511,0.3771099445049545
512,-0.06895798608532211
513,-8.704104030199389e-05
514,0.4769922742405488
515,0.3074424527955132
516,0.3375653932827043
517,0.031080466590560185
518,0.3303959692517483
519,0.27218855409209886
520,-0.005613008360996541
521,0.20790366522986486
522,0.33082549504404485
523,0.35163770310001174
524,-0.03809647302544217
525,-0.1985433711094714
526,0.12709783719657508
527,0.31705704153068553
528,0.04532269682595458
529,-0.7351982782797636
530,0.09261727794978958
531,-0.06361071457222633
532,-0.044986160411881304
533,0.15741286219112316
534,0.1833742000260094
535,-0.2599810858838989
536,0.06771137369899394
537,0.38638823814043527
538,-0.058423194103988996
539,0.040151529973559974
540,0.45080976283056445
541,-0.02643192717019427
542,0.58726963592386
543,-0.1448407478662158
544,-0.4748034742260644
545,0.1743540320045403
546,0.08112680414636342
547,0.23713121814692573
548,0.700781662735722
549,0.18861406510818174
550,0.23117679765192156
551,0.05709047436397363
552,-0.05576205788655253
553,0.5132376193893853
554,0.40130243437806157
555,-0.44101795766430263
556,-0.034125502748713066
557,0.39283665233117976
558,-0.13531477654860435
559,0.37778821933352846
560,-0.3013277156858224
561,0.27529476565697253
562,0.4863584962784209
563,0.23120604211926854
564,0.4931013326168928
565,0.040850594718005895
566,0.154873784694472
567,0.06454688164270095
568,-0.6714461141598665
569,0.2907898619091467
570,0.5242427231890847
571,0.41654182873038736
572,0.39582840823093723
573,-0.2024058494274753
574,-0.08744113160002909
575,0.4218409895996412
576,0.5898400292514363
577,-0.2562389186647621
578,-0.355235683805329
579,-0.03747012965685481
580,0.2021300114272911
581,-0.8081563920391696
582,0.24338656110352763
583,0.19854602239491137
584,0.18821211650497072
585,0.15696094234121216
586,0.5738044644304345
587,0.1951810495171693
588,0.385065439415362
589,0.20729146887594307
590,0.2659113947754187
591,0.17865185815440388
592,0.5096749947694329
593,0.32281861903777526
594,0.21579899954518
595,0.275845579839743
596,0.09720035244987779
597,-0.5747910988477561
598,-0.19585979723200586
599,-0.4700835346471003
600,-0.16278990736503351
601,0.2032185450489118
602,-0.022326410033244648
603,0.307214505684114
604,0.04372262820497419
605,0.24427447919772788
606,0.08888006739509091
607,0.290172988189899
608,-0.13874252844256307
609,0.44190104778062866
610,-0.23867979074352108
611,0.38705686235294084
612,-0.5173199561464638
613,0.1416903721242203
614,0.6848752563384536
615,0.03941427801230224
616,0.39249749688570656
617,0.258244270679146
618,0.2358133184978945
619,-0.30701385830164474
620,0.41055192616867736
621,0.3771099445049545
622,0.2583627186434838
623,0.16891079285320842
624,-0.13426290352940962
625,-0.17478863904547348
626,0.3623188603891727
627,0.47346563114997603
628,-0.18011537535706434
629,-0.10912836828385664
630,0.29201211332836907
631,-0.04851825329022763
632,0.061464440139261
633,0.17202401541054324
634,0.13422154806776343
635,0.30910070252698896
636,-0.21256317583318973
637,0.27458885287173296
638,0.5650533249809119
639,0.28909136721316264
640,0.28477592517615935
641,0.3860377239677514
642,0.3265492291905463
643,0.16474898681260924
644,0.11485957713540018
645,0.5176733788216502
646,0.0473567691028316
647,0.12896631284831983
648,0.08131128739523086
649,0.44124650084612843
650,-0.25070986240490345
651,0.42503536603517167
652,-0.03760384421448981
653,0.24864456919787659
654,0.04321784883740787
655,-0.5270265216645021
656,-0.3650196277282344
657,0.6040253975994967
658,-0.7311967858598346
659,0.07054485796280596
660,0.13304483565134595
661,-0.2594284407556108
662,0.6812813745294837
663,0.0022894063883505122
664,0.3989755262580347
665,0.28298035754868966
666,-0.361873840023602
667,0.7556559139639515
668,0.20521564567345407
669,0.3352612342735942
670,0.2953156637175876
671,0.7727142892088676
672,0.1037584454256168
673,0.3698480752497174
674,0.18160190670573856
675,0.6182818983858507
676,0.02098732849303786
677,-1.3622559687516014
678,0.025427081897201775
679,0.2645787237974064
680,0.37552743512552883
681,-0.2092632780225261
682,0.15032426751057315
683,0.36813122290371936
684,0.2138414338891078
685,-0.510098792120444
686,-0.4583658773556837
687,-0.12260375439644111
688,0.02566165188575431
689,-0.12003287720486333
690,-0.23360661621241874
691,0.15239730582268224
692,0.25899701293085475
693,0.08381910061007714
694,0.31339266919328823
695,0.7625515291620101
696,-0.01833998173213991
697,0.3543718998723663
698,-0.1919458971182929
699,-0.010383180560621375
700,0.05063618601267017
701,0.013600011793300948
702,-0.40964477005943556
703,0.22284229219002294
704,0.15264295193483873
705,-0.3988753992415298
706,0.14817391635180904
707,-0.2988489949457539
708,0.32506853518320944
709,0.20596151107547356
710,0.1924424900410227
711,0.0019718977394181936
712,0.14323876897679283
713,0.35235136234917536
714,-0.14558677485891314
715,-0.4528830776648608
716,-0.6183432640492798
717,0.07492665045515157
718,0.39572798869401526
719,0.19365111517151568
720,-0.6995211477003561
721,0.6284407161889437
722,0.009095506992293001
723,0.26234958824439547
724,-0.37152337873733543
725,-0.0372019903214853
726,0.06760924438925975
727,-0.08894257638653835
728,-0.3555048225349331
729,-0.3800825731532398
730,0.38135838776103126
731,-0.06687678886914572
732,0.5453640356393723
733,0.3370854560969926
734,0.0009375292058395601
735,0.08247461337021922
736,-0.5888577207914413
737,0.021580124080015417
738,-0.36135577138892494
739,0.06622179292891683
740,0.114537827628868
741,-0.044157431571072325
742,0.16320927899987614
743,0.12584712543533028
744,-0.9375058904731443
745,-0.08485613989001584
746,0.49934655109086856
747,-0.2564813267721777
748,0.24099789152867002
749,-0.1309027639284187
750,0.21217548999080438
751,0.18477807965858373
752,-0.4895724797271067
753,0.27205983083092306
754,0.123035504889206
755,0.1646049432225759
756,0.5464986661253102
757,-0.37920669135295704
758,0.3743018618067348
759,0.2620700279290805
760,0.3577391149699097
761,0.6792089998961589
762,0.07469893425483576
763,-0.6533658377927026
764,0.04495089538721764
765,0.49093468904466825
766,-0.13947390107846802
767,0.4840065182677252
768,-0.27261684265575237
769,0.3139476486996783
770,0.3584843159030259
771,0.18273368956410568
772,-0.3211688551095845
773,-0.13323286825535108
774,0.15384322105803
775,0.6579627845324854
776,-0.06054586041109167
777,0.32826600330874134
778,0.2094118698698325
779,0.19061734825090887
780,-0.211392785553021
781,0.421538609607315
782,0.022021299786220472
783,-0.07223752608722245
784,-0.10778078328045682
785,-0.015503897021927782
786,0.2662081816429165
787,0.3852452700878156
788,0.08802094072091171
789,0.6172275815268617
790,0.008269123011752422
791,0.19145680775484963
792,-0.4389208701174331
793,-0.18437956004704747
794,0.16185142767011285
795,0.4723591515570562
796,-0.5564731048495427
797,-0.38523789950805976
798,-0.4630522610561517
799,0.4180173698837605
800,-0.11914588040237206
801,-0.29172199041877434
802,0.19243418916560318
803,-0.09732113282098542
804,-0.012132200984273145
805,0.2545952320853526
806,0.3260705581570235
807,0.165677507991551
808,-0.34016047647564385
809,0.03159038189529173
810,0.1267131069702736
811,-0.16124010808355627
812,0.03407679414559206
813,-0.3581423528089698
814,0.31729819289137373
815,-0.5996005045843994
816,0.511072602132032
817,-0.5659793311675431
818,-0.17134088826733507
819,-0.24325212481305847
820,-0.1367736753621056
821,-0.19612271164885253
822,-0.21568001833184203
823,0.3338809816117519
824,-0.5311540298243328
825,-0.05083632681498729
826,0.20103990224705343
827,-0.16401360371093188
828,0.22052079811353942
829,-0.07679926860901065
830,0.3092132527277216
831,0.5322628409534766
832,-0.02300806453260218
833,0.527306799169517
834,0.26821845858897386
835,0.2899696789909754
836,-0.07188901774295986
837,-0.3573760313672727
838,-0.2508122885319184
839,-0.018943070579421795
840,-0.01792397150344338
841,0.17046580576289927
842,0.37865342940201085
843,-1.0355753564484882
844,-0.5943986246189811
845,0.2756977050924616
846,0.03315683306539963
847,0.23278918175776048
848,0.39529132059217764
849,0.3357979392331846
850,-0.21786761518969444
851,-0.1919458971182929
852,0.5731893719455148
853,0.4327638209565767
854,0.5605787213387162
855,-0.1679648585775999
856,0.5337112868232727
857,0.6977200173431523
858,0.19834288713381087
859,0.23426108598174777
860,-0.09547075512736669
861,0.4788361519068845
862,0.038564226036296056
863,0.3627725380271158
864,-0.1098576082939634
865,-0.16781672731744923
866,0.783229674786865
867,0.1003088463459163
868,-0.0007142294027550067
869,0.3313194635769281
870,-0.2616673372025907
871,0.3516308789438227
872,0.26630792223702276
873,0.25221831583737275
874,0.1101384227055009
875,0.27322345664472864
876,0.07597957509105091
877,-0.31413328877917723
878,0.25802533688684537
879,-0.06384002291220814
880,0.13565930037699858
881,-0.12629353298359158
882,-0.11840787619528159
883,0.289528161866229
884,0.22052079811353942
885,0.3311678599013219
886,0.27571490398306764
887,0.13305360972276636
888,0.4005531213668593
889,-0.23196199418846353
890,0.19011423870096383
891,0.6166294204857409
892,-0.07398901474236952
893,0.2975703178872142
894,0.20790366522986486
895,0.14498384618998622
896,0.08878683858610537
897,-0.12087336824783201
898,0.43373627840508716
899,0.039309315295509184
900,-0.2063389774284805
901,0.362509689045494
902,0.08585703560114777
903,0.5423144671798806
904,0.3441409880330717
905,0.13864487003806336
906,0.38675712289481734
907,0.18185736898650445
908,0.16438232326596458
909,0.20103218100658515
910,0.2937738281833056
911,0.1896188015804987
912,0.38175420955625583
913,0.39856002621860864
914,0.31315507225097733
915,-0.05835914903067374
916,0.254887649662539
917,0.3880906564283126
918,0.18159812700747086
919,0.004268865817453227
920,0.20947220717216775
921,0.46490325716424014
922,0.3523507580463594
923,-0.33404082853218175
924,0.19171092413447433
925,-0.08519055115487606
926,-0.08325886493327228
927,-0.16539865587391012
928,-0.11341443610661528
929,0.372225355413865
930,0.770247294854104
931,0.33641831375312725
932,0.21231420982738164
933,0.21036015794171126
934,0.29633802463940695
935,0.10496817427122995
936,-0.03552415422880817
937,0.6708113798203187
938,-0.09688920932223233
939,0.23932370668493808
940,0.13565930037699858
941,0.11477404141833691
942,0.04084376979421156
943,0.33853840726718554
944,-0.33588879040569075
945,0.7064757040242677
946,-0.207393963778849
947,0.6932990341236789
948,-0.3563945389596739
949,0.4976166949550187
950,0.35272398593010834
951,-0.1809118216419101
952,-0.21038294761544696
953,-0.2694054325847678
954,0.3149372338873625
955,0.2837032153519331
956,0.6631279642703787
957,0.1870725062088554
958,0.34199544013639865
959,-0.8505478228901616
960,-0.09156619276711686
961,-0.039150664485139264
962,-0.8097087659630503
963,0.10951047031546257
964,0.4193627115183299
965,0.7717438007369775
966,0.16929385754674792
967,0.08593067117596831
968,-0.07274473143096849
969,0.1264408736719025
970,0.5390828791395149
971,-0.301589624470055
972,-0.18877607360452142
973,0.004363323408466013
974,0.4125565647163013
975,0.3015151750329549
976,-0.16099360090307224
977,0.28118701959766007
978,0.3860881700407415
979,0.3973732863057206
980,0.3108620687951536
981,0.4593435133118375
982,0.08889399360393913
983,0.3947955874429923
984,0.38120581210952276
985,0.02276551349559164
986,0.23244143660315603
987,0.07842251066994621
988,0.19243418916560318
989,-0.06278599672437313
990,-0.2958782724317929
991,-0.5747732778887257
992,0.38705686235294084
993,0.5211422759610835
994,0.1351511115688085
995,0.3516296680723615
996,0.5935530848908847
997,0.7473692464780045
998,-0.2616638721776884
999,-0.03118443850796393
1000,0.12237565623595803
1001,0.22468102002142404
1002,0.4428231172444525
1003,-0.3635225703898778
1004,-0.01880762610033848
1005,-0.2884333189635072
1006,0.3980563097439651
1007,-0.6416926159787107
1008,-0.9114009896768452
1009,-0.004106605505564298
1010,0.2409703881181658
1011,0.272246510557411
1012,0.3589334182690864
1013,0.22364280663584457
1014,0.24325261632004636
1015,-0.002983649490437723
1016,0.24932665545420762
1017,-0.31205102550464636
1018,0.2903533405242544
1019,0.22204000934904744
1020,0.45796377066755634
1021,0.20103627058340356
1022,-0.1116994990339526
1023,-0.18042644779629058
1024,0.5504264583134417
1025,0.2813160384483949
1026,-0.19023671104096096
1027,0.2775697250974086
1028,0.3260705581570235
1029,0.22467847216708992
1030,0.15690591918847585
1031,0.2793924999438742
1032,-0.039677156397840085
1033,0.0066213755361740345
1034,0.2526643620607601
1035,0.5216414557677843
1036,0.4046814463325544
1037,-0.017395454066950755
1038,0.4977272964518401
1039,-0.27062468562996267
1040,0.10635455640720981
1041,0.33379360101330746
1042,0.31384114887385245
1043,0.19798146364420477
1044,0.3311652969481249
1045,0.15558955139726338
1046,0.48589947449126725
1047,0.11544098026059024
1048,-0.13109220745542582
1049,0.40130243437806157
1050,-0.1270497495078463
1051,0.23840566067995744
1052,-0.014264647973109557
1053,0.29259132312802993
1054,-0.07294325220564957
1055,0.41920865442529925
1056,0.32949082840274363
1057,0.138705819071968
1058,0.3001780616523271
1059,0.2763639444142084
1060,-0.19830594732596196
1061,-0.353512920448125
1062,0.24394685978769515
1063,0.34706426514152267
1064,0.21208805583204338
1065,0.45531352567622774
1066,0.19097706091443778
1067,0.18232197595334354
1068,0.2884540335513236
1069,-0.1233508038193839
1070,0.12277141479027187
1071,0.16724687852719278
1072,0.012754006667453077
1073,0.08400399954754734
1074,0.4805294943513761
1075,-0.3064425793467892
1076,0.06149383095691696
1077,0.2471062018514309
1078,0.2061548102318218
1079,0.35908811507367855
1080,-0.8933819903026793
1081,-0.38556299250193715
1082,-0.12669251280076865
1083,0.10114117504315134
1084,0.4546515454812609
1085,0.35346659489464677
1086,0.17848181754563808
1087,0.6051127174206548
1088,-1.1824765936999384
1089,0.16044779608121473
1090,-0.21472974317934612
1091,0.38705686235294084
1092,0.26701580124760416
1093,-0.10658265253019128
1094,0.4799168978266895
1095,0.06223820544602676
1096,0.4746840239417399
1097,0.23525040736349423
1098,0.36635673400006297
1099,-0.010243635227645265
1100,0.31437671930983524
1101,0.20042088945776865
1102,0.6163554251095438
1103,-0.3447901909267953
1104,-0.31334960532271683
1105,0.5018507823212662
1106,-0.33927557733290203
1107,-0.3011330019818984
1108,0.2981064081903042
1109,-0.2244272824900987
1110,0.23373024242783474
1111,0.12055893080463326
1112,-0.6326311772710459
1113,-0.38421373986386287
1114,-0.5257716511860936
1115,0.34298595763330914
1116,-0.056103558758418215
1117,0.35608329106994474
1118,0.40381260481762177
1119,0.3222165921644003
1120,0.3610150547032781
1121,-0.3426475297610786
1122,0.32918383649105437
1123,-0.0027627341541595074
1124,0.17637430274076132
1125,-0.091039155158537
1126,-0.2546448832719169
1127,-0.08141358119940523
1128,0.24309301081419454
1129,0.3541116346615256
1130,0.7368739057666416
1131,-0.2791115565969856
1132,0.15699880074655992
1133,-0.3120974858559854
1134,0.22467847216708992
1135,0.24983772739111887
1136,0.1307590835928525
1137,0.2739474184436209
1138,-0.8947673285977958
1139,0.373852875625682
1140,0.2598353479190947
1141,0.321995173066792
1142,0.14429496012161536
1143,0.19603755846089488
1144,0.6151258884172126
1145,0.1218287486364602
1146,-0.24113096712094284
1147,-0.022908893820035803
1148,-0.02686607664496299
1149,0.22753509298700791
1150,0.162821151839198
1151,0.395966003864723
1152,0.22821874715151907
1153,0.25699329942573323
1154,0.13134375370110318
1155,0.38347320281080477
1156,0.2413027165720779
1157,0.039880318276794724
1158,0.0007787551695750405
1159,0.5737628464568985
1160,-0.18436087851084315
1161,0.23525040736349423
1162,0.5397938906321246
1163,0.34974290081250714
1164,-0.5757005299823025
1165,-0.17971054141447007
1166,0.05568665574875986
1167,0.49327545253232535
1168,0.047355535331008
1169,-0.10231159566488968
1170,0.2985394676576223
1171,0.22835892243129885
1172,0.4133013613311945
1173,0.12471278438457989
1174,-0.016062432190747322
1175,0.13156257992785514
1176,-0.15559698240229625
1177,0.3595282688714263
1178,0.15696094234121216
1179,0.12018466446415321
1180,-0.0003114668629669026
1181,0.3774412496670318
1182,-0.16278990736503351
1183,0.4920896087885376
1184,-0.8141557118353554
1185,0.1020655677747685
1186,0.3744593615545165
1187,0.42552462690739906
1188,0.2342373752921988
1189,-0.2862780861982126
1190,-0.6876022378928023
1191,0.5348924701863773
1192,-0.3162314634738065
1193,0.2273269088888109
1194,-0.34209122686962024
1195,-0.33740382829410986
1196,0.18549846365615447
1197,-0.16022615882201796
1198,0.31767764376519103
1199,0.23278918175776048
1200,0.4124477436288715
1201,-0.01704799304300153
1202,-0.1919458971182929
1203,0.17868412532667122
1204,-0.10317883296048502
1205,0.22841156496178872
1206,-0.06462888690740554
1207,0.09010484070275016
1208,0.6665051658515326
1209,0.3520547236249608
1210,-0.055743679864760365
1211,0.310457776356857
1212,-0.6331176430273892
1213,0.44090072386831636
1214,0.023784661979351918
1215,-1.0532423317063349
1216,-0.00039431776776810423
1217,0.2506408102930916
1218,0.23688089454379968
1219,0.08578068287630447
1220,0.06470346653204406
1221,-0.0951162309362159
1222,-0.4216821000903247
1223,-0.3748086698140888
1224,0.3745968476825221
1225,-0.1872316676728768
1226,0.06908469671057482
1227,0.04074378322203376
1228,-0.014634883448025993
1229,-0.4289072595233999
1230,-0.6775673285240914
1231,0.26701580124760416
1232,0.7653791688042079
1233,0.3405600358225219
1234,0.31557442701438
1235,-0.3723940181045128
1236,0.26953029635357334
1237,-0.008185978475702682
1238,0.050378981323243255
1239,0.24072869169530176
1240,0.3472796688467298
1241,0.12189038951436448
1242,-0.02320546116782385
1243,0.09645379485937161
1244,-0.1280329803606992
1245,0.3395582117556708
1246,0.4793245477675282
1247,0.174975588656349
1248,0.4151621437892129
1249,0.4053692715446383
1250,0.05099474357101441
1251,0.21557856646352103
1252,0.2841674656404414
1253,0.17729976365046568
1254,0.11270055415398184
1255,0.18611794756616107
1256,0.41399819737169313
1257,-0.5338165992574252
1258,-0.013650225684706196
1259,0.023491312927069186
1260,0.43783392712813696
1261,-0.15548275949293267
1262,0.19568378800746422
1263,0.0662266112990868
1264,-1.0647434712175983
1265,-0.23522674125426535
1266,0.11270055415398184
1267,0.15034717177872742
1268,0.2806807181633565
1269,0.3869275171802101
1270,-0.21406504182592367
1271,0.5954156861019759
1272,-0.18810994082890042
1273,-0.11059865235528443
1274,-0.21662352824860764
1275,0.08813183722520945
1276,0.18273368956410568
1277,0.6483953527977646
1278,0.09782226105232661
1279,-0.649131399330639
1280,0.20882883376948558
1281,0.3805697840564336
1282,0.22468102002142404
1283,0.014912678452492778
1284,-0.13834731642613962
1285,0.39142214381227647
1286,0.3372259096819263
1287,-0.31564976321718274
1288,-0.34306162813385754
1289,0.1206325379511129
1290,-0.3914272478433348
1291,0.2872770787564792
1292,-0.22692171099143377
1293,0.4329746174425251
1294,-0.033124062521119546
1295,-0.04325578240448291
1296,0.1654138592576802
1297,0.2331139950979082
1298,0.24451502640847156
1299,-0.017564501450023973
1300,0.13304483565134595
1301,0.4188491034593411
1302,-0.07178741228855923
1303,-0.5299999744721119
1304,0.28029217417169977
1305,0.3273836523259601
1306,0.47171606854184395
1307,-0.6319843843432648
1308,-0.008401681696733054
1309,0.38750224437305736
1310,-0.818704953984614
1311,-0.27757325239864516
1312,0.5638688005721918
1313,0.06207055429993602
1314,0.15414173986751756
1315,0.000492623009687998
1316,0.1859282963162242
1317,0.4576779140807932
1318,0.3539363164192371
1319,0.4204067220109876
1320,-0.4216821000903247
1321,0.14053642619987117
1322,0.43868150400058686
1323,0.6648102363394188
1324,0.12067950791642656
1325,-0.23360661621241874
1326,-0.04205903195170391
1327,-0.2820057440385243
1328,-0.19175685466058978
1329,-0.07536003418517312
1330,-0.6738625023498043
1331,0.13220506207783045
1332,0.3520741601061686
1333,-0.2779514532221735
1334,0.33232100194304326
1335,0.3770010172581906
1336,0.2909102473319778
1337,-0.0789959050081881
1338,-0.5407352120403134
1339,0.32315699330378683
1340,-0.9450424917055243
1341,-0.13623464636740978
1342,0.27126565163646577
1343,0.43708725621891836
1344,-0.0028688238096926666
1345,0.6119174920845496
1346,-0.36320283324382097
1347,-0.31192530693574827
1348,0.17868412532667122
1349,0.45468031701768175
1350,0.09172770243865802
1351,0.5964922312032956
1352,-0.41726514402877435
1353,0.12960678603283632
1354,0.23395297820089656
1355,0.2576902602306551
1356,0.16466470768391528
1357,0.34540810683301587
1358,0.31987124178794685
1359,0.29661579989192943
1360,0.35774144205265446
1361,0.24252824142257884
1362,0.47811598929191984
1363,-0.017395454066950755
1364,-0.10487929324836676
1365,0.09818435735495312
1366,0.2106514922734628
1367,0.1290698399273183
1368,0.09513041556868335
1369,0.16321134997514497
1370,0.3400052115971981
1371,-0.14050260226983302
1372,-0.5256137850293298
1373,0.15689700570190446
1374,-0.11847158809794822
1375,0.06524920344878538
1376,0.033816506989461814
1377,0.31533430810411855
1378,0.2784875674814658
1379,0.19885701464085576
1380,0.07066859045232088
1381,-0.07694385966947948
1382,0.3725372832072499
1383,0.12189480505069006
1384,0.6918586209078759
1385,0.3873202344248565
1386,0.34018515986497866
1387,0.17204956734153154
1388,-1.0086497019816218
1389,0.4095056677244622
1390,0.1271056327205644
1391,0.05366533479295987
1392,0.4650113998007052
1393,-0.12087336824783201
1394,0.37220801769767803
1395,-0.241540399091695
1396,0.2816366507967209
1397,0.002934675400712239
1398,0.2772711519449538
1399,0.10736252086392173
1400,0.22571423568926097
1401,-0.28297914575503913
1402,-0.0550590515587851
1403,0.2183946897105178
1404,0.5433053570751905
1405,0.021579832875043503
1406,0.33856449193934207
1407,-0.968748448890493
1408,-0.16765265439232935
1409,-0.14010673938118456
1410,0.6594671974619264
1411,-0.4761884578866541
1412,-0.3225434725840203
1413,0.08889936966183187
1414,0.16438232326596458
1415,0.33285871323092947
1416,-0.2738437867983804
1417,0.7151221104309836
1418,0.47353124044059597
1419,-0.25117066226846474
1420,-0.5350931048992326
1421,-0.002470073382740856
1422,-0.18436087851084315
1423,0.26012001995466094
1424,0.10021466751014918
1425,-0.12260375439644111
1426,-0.0422085405032665
1427,0.09230692674433283
1428,0.5703409464987976
1429,0.3682586142089924
1430,0.043058262605730646
1431,0.32984971895814713
1432,-0.029457858533715076
1433,0.2557251529503264
1434,0.06838446183680724
1435,-0.803414035137273
1436,-0.1872316676728768
1437,0.5504808646592383
1438,-0.05659992928926538
1439,0.056300486242839565
1440,-0.10517056915157807
1441,0.16046324982144028
1442,0.20790366522986486
1443,0.2640246969347673
1444,0.4858995514135625
1445,0.19921208291109233
1446,0.03878512426793401
1447,0.5672662508075029
1448,0.02276551349559164
1449,0.35527672287919754
1450,0.2165586649361234
1451,0.01888076836440622
1452,0.356690226260598
1453,0.10604739904104665
1454,0.30172511363314014
1455,0.5420367797577087
1456,-0.1803735696502201
1457,0.12459011286552552
1458,0.46280641965167024
1459,0.3097291771511119
1460,-0.3715981593908019
1461,-0.9701730635986744
1462,0.7154995912070903
1463,0.2834856116432953
1464,-0.0743593552110644
1465,0.31987124178794685
1466,0.4269120576090179
1467,0.12108478676766443
1468,0.30996117230388726
1469,0.4422058015754824
1470,-0.12087336824783201
1471,-1.110044111953048
1472,0.35749144323166776
1473,0.10095710383174084
1474,0.3652458495009645
1475,0.18478334783716877
1476,0.3463864686919268
1477,-0.05265554228576841
1478,0.43868150400058686
1479,0.23117679765192156
1480,0.10669067352088302
1481,-0.314178892442157
1482,0.036042360940495066
1483,-0.3045680594897562
1484,-0.23798135153272193
1485,0.1743540320045403
1486,0.4145532619784888
1487,0.15307614889062932
1488,0.03480007531285656
1489,0.10114117504315134
1490,-0.030027951843911938
1491,0.33226650898915655
1492,0.138183975785532
1493,0.22841156496178872
1494,-0.32897310549380687
1495,0.2069525069878948
1496,0.17909339170812638
1497,0.22956851607504702
1498,-0.3781367101480396
1499,0.05203988039185503
1500,0.2890975834559096
1501,0.3961249648539333
1502,0.2913431021214024
1503,0.3989755262580347
1504,0.07054485796280596
1505,0.3797917501079625
1506,-0.17151123092209686
1507,-0.08081866559420114
1508,0.2609378451011293
1509,0.1231617713070664
1510,0.20947220717216775
1511,0.4058233682245293
1512,0.2644992370585709
1513,-0.26180832554301536
1514,0.12380156672973064
1515,-0.6401489134016448
1516,0.3237567943012696
1517,0.051347234081516535
1518,0.2314263830268547
1519,0.344873572132817
1520,-0.2062339843621419
1521,0.07492665045515157
1522,0.24493657932942509
1523,-0.09119930388278363
1524,-0.5112276795376719
1525,0.19145680775484963
1526,0.1920811027126762
1527,-0.3001287503375424
1528,-0.3321409910212175
1529,-0.07506758682048031
1530,0.27898977376254974
1531,0.2837949966253467
1532,-0.1107285837634866
1533,0.597740892075012
1534,-0.002470073382740856
1535,-0.1994652642096616
1536,-0.24672748586069548
1537,-0.3744352722970138
1538,0.44609353198760837
1539,-0.12011864835240826
1540,-0.047688416447944526
1541,0.3520198078488008
1542,0.28298035754868966
1543,0.12919745729421606
1544,0.04463197431358257
1545,0.33481796698472865
1546,0.2885378203148553
1547,0.16438232326596458
1548,0.10202870769724803
1549,0.19744489907744345
1550,0.02462332024348257
1551,0.2215663813023852
1552,-0.32384858395238514
1553,-0.2654569358123806
1554,-0.030376370736144298
1555,0.6363725460909264
1556,-1.0191521172829665
1557,-0.6017363369279635
1558,0.13565930037699858
1559,-0.9492680354251205
1560,-0.6337234383312437
1561,-0.22954830685040706
1562,0.13156257992785514
1563,-0.45216613288394425
1564,0.2895912177852866
1565,0.4495143411957486
1566,0.2306158520096227
1567,-0.2944462535622866
1568,0.3745614780283631
1569,0.5760270846722692
1570,0.3204910107736947
1571,0.28997587954520887
1572,0.054894865129262005
1573,0.5092380421202469
1574,-0.07037991854510228
1575,-0.12790263124806245
1576,0.008929528320662183
1577,0.41116326019439065
1578,0.1384337900166745
1579,-0.1811154004003992
1580,0.23142298862150507
1581,-0.1756641600770802
1582,0.22626228131532589
1583,0.3441409880330717
1584,0.6701684568169342
1585,0.032253233153924366
1586,-0.8450601890495205
1587,-0.17845626101489043
1588,0.39327182537663363
1589,-0.4203086836175055
1590,-0.4003242490251312
1591,0.0004606444827406353
1592,0.2962851197746241
1593,-0.2475395178396288
1594,0.21579899954518
1595,0.019855883765113602
1596,0.38169205518214533
1597,0.08247461337021922
1598,0.151283340510306
1599,0.24316346929879012
1600,0.07585316740880133
1601,0.4157367833679225
1602,0.143601161967992
1603,0.2784875674814658
1604,0.45647885394506255
1605,-0.08838860806059357
1606,-0.358762758553991
1607,0.3375653932827043
1608,-0.05407840798320818
1609,-0.03315192884578222
1610,-0.2671084478747373
1611,0.35695459325482337
1612,0.4806042509975401
1613,-0.6139413420649423
1614,-0.011836093340444553
1615,0.28506403767317684
1616,0.4212027978407939
1617,0.24809069700240777
1618,0.09239024794977724
1619,0.17893810656307296
1620,0.1346705759681307
1621,0.44575986060185263
1622,0.1399380803089344
1623,0.0904841536423131
1624,0.37043355061179656
1625,0.2144804666403124
1626,-0.367098014748773
1627,0.3556405310787966
1628,-0.22021690005595385
1629,0.2306158520096227
1630,0.26012001995466094
1631,-0.24058940882123403
1632,0.4757139377919565
1633,-0.12607322094309037
1634,-0.10551667924285635
1635,0.42743380793724417
1636,0.11981337912296036
1637,0.3438902658550337
1638,0.30301668047743424
1639,0.3360068848912102
1640,0.18095912180209128
1641,0.2558475497503657
1642,0.6924880794697091
1643,0.2034707455535293
1644,0.47978902768430026
1645,-0.17272592917003815
1646,-0.34635144186171674
1647,0.3911368735980243
1648,0.019855883765113602
1649,-0.046113460194570965
1650,-0.33076575535611663
1651,0.2004213356604237
1652,0.40532645940282996
1653,-0.08587017828772747
1654,0.07842251066994621
1655,-0.116900120119389
1656,0.2526643620607601
1657,-0.06524230464598757
1658,0.15370581860200982
1659,0.30230599723635
1660,0.002252931452703999
1661,0.26842368661646904
1662,-0.3645678947942502
1663,-0.25283750350598166
1664,0.055403857745425444
1665,0.23214141703334878
1666,-0.0831901297003742
1667,0.1830713409994908
1668,0.11981337912296036
1669,0.20144035410395533
1670,0.45243569903975966
1671,0.3519757357657931
1672,0.1197542601786396
1673,0.27553597356898263
1674,-0.5996005045843994
1675,0.44907112743431393
1676,-0.14162715172079487
1677,0.31625791487915517
1678,0.42949026700141735
1679,0.28437803166596787
1680,0.31195377221132736
1681,0.06035393380240883
1682,0.7970404142390982
1683,0.2523227539222107
1684,-0.3428619949867021
1685,-0.06475781705515227
1686,0.5461421118945844
1687,0.24754589599703702
1688,-0.208420867977674
1689,-0.07014426127108286
1690,0.015924769913061687
1691,-0.4703543252487342
1692,0.06562414514591453
1693,0.37956996210168403
1694,0.24110845092839867
1695,0.29493463525465013
1696,0.19019416029073832
1697,0.2798998314972419
1698,-0.14665010774256315
1699,-0.08819685373437303
1700,0.03624042368534919
1701,-0.2921923098814534
1702,-0.10550570970599737
1703,0.2733290992335334
1704,-0.1280329803606992
1705,0.08878683858610537
1706,-0.860394123405097
1707,0.06838446183680724
1708,0.119519651586808
1709,0.2721854894950121
1710,-0.1422342328219508
1711,-0.14740428181300846
1712,0.2867702524293477
1713,0.30347665315458183
1714,0.19535657242239624
1715,0.28376678546182543
1716,0.07663951634976751
1717,-0.3501649566976063
1718,0.3826622579603783
1719,0.32101209011192094
1720,-0.33309415263171627
1721,0.3945554141106956
1722,0.12261083880225038
1723,0.09055539389301887
1724,0.321749449262523
1725,0.7313876826531501
1726,0.29896716311438254
1727,0.25448736333094646
1728,0.3067351055350899
1729,-0.0926210445803306
1730,-0.1364923767806484
1731,0.07597957509105091
1732,0.7043880159601175
1733,0.6262572767706395
1734,0.4416614320757192
1735,0.40449657314487475
1736,0.27126338126523253
1737,0.09683898502239019
1738,-0.17129509664502318
1739,0.11270055415398184
1740,0.13937687742577798
1741,0.13031367242967695
1742,-0.19688814660625076
1743,-0.4950131323402104
1744,-0.43044244156555844
1745,-0.04285721882048643
1746,0.3123184812515922
1747,-0.02534506560929317
1748,0.0553792932263355
1749,0.2851886366304015
1750,0.3093237203561191
1751,0.6149088500718765
1752,0.1708898567471508
1753,0.23861303545138723
1754,0.23940871232888938
1755,0.1667380990238143
1756,-0.24826297299738365
1757,0.0825103493889302
1758,-0.030799986972613547
1759,-0.1872316676728768
1760,0.3830327550460483
1761,0.058808666494112094
1762,0.20645875131753166
1763,0.40918928062270765
1764,0.09350792319660395
1765,0.10114117504315134
1766,0.31987124178794685
1767,0.672183911491399
1768,-0.09968085352184264
1769,0.2242237493646791
1770,-0.29200314161554675
1771,-0.32499433626955165
1772,0.5311263597710992
1773,0.10116861953055978
1774,0.4124477436288715
1775,-0.25848382480044785
1776,0.11728907683940715
1777,0.15264295193483873
1778,0.20211597741638154
1779,0.15690591918847585
1780,0.204767319097922
1781,-0.18102654110762206
1782,-0.28338424599484513
1783,0.11526290861423616
1784,0.005429181184465226
1785,0.1462009208785215
1786,0.14254928892343938
1787,0.13513822571864842
1788,0.0576005466865247
1789,0.3918924002734985
1790,0.15041688085452454
1791,0.5100109671654127
1792,-0.35532733311030185
1793,0.06827880608119108
1794,0.2127776710586105
1795,0.12764438930911337
1796,-0.10870015190215154
1797,0.2102476578697683
1798,0.3135993324673068
1799,0.39947913376199645
1800,-0.06112919876365941
1801,-0.2277970144041811
1802,0.13182650741293456
1803,0.19603755846089488
1804,0.21806768402947102
1805,0.050378981323243255
1806,0.3023619366965326
1807,0.5633677165302902
1808,0.1270837368442106
1809,-0.3732540358977431
1810,-0.3768009513056104
1811,-0.02345054614057218
1812,0.16997079442118074
1813,0.4616910647498813
1814,0.3567500949761067
1815,0.12764438930911337
1816,0.577753208191669
1817,0.4013010106099454
1818,0.37815500838527655
1819,0.38802270271297745
1820,0.40097473887444524
1821,-0.07343345893129993
1822,0.1925488511812843
1823,0.22207861199746176
1824,0.0037013693157134098
1825,0.07508514168128289
1826,-0.030158636360891222
1827,0.20474550742687003
1828,0.08578068287630447
1829,0.049578527478624235
1830,-0.1666090506796759
1831,0.5852051130943577
1832,0.1399380803089344
1833,-0.048768335052052914
1834,0.08535039092771135
1835,0.0014543648856039093
1836,0.31781113367409836
1837,0.03303705737682361
1838,0.24723965956989902
1839,0.26255079805824005
1840,-0.45911717628349213
1841,-0.6978898176896821
1842,-0.18867416965635242
1843,0.2675576750330601
1844,0.45012541470750744
1845,0.2818004018029011
1846,-0.11725844989334355
1847,-0.04044941553096326
1848,-0.015339557674861948
1849,-0.4216821000903247
1850,-0.17023342569369715
1851,0.15606809862431592
1852,0.015924769913061687
1853,0.21880139152117106
1854,0.23119344575040873
1855,-0.34222088748890356
1856,0.6693032528876786
1857,0.1918655551732974
1858,0.1703805515658483
1859,0.35598650319871017
1860,-0.12012287557165557
1861,-0.014632917544299073
1862,-0.1315389952437488
1863,-0.11704359314774326
1864,0.17701102187962492
1865,0.2151506031180136
1866,0.07310732876303438
1867,0.23054325872758158
1868,-0.17676793344444264
1869,0.49941714562375505
1870,0.6994825500345447
1871,0.35327286591604123
1872,0.7203825928305293
1873,0.04939016855485823
1874,0.6277635267552524
1875,0.08669401121829878
1876,-0.11046794473927257
1877,0.18611794756616107
1878,0.11085559150034563
1879,0.47339732041960564
1880,0.427350716171151
1881,0.29695057906609557
1882,0.08578068287630447
1883,0.2574971907498106
1884,-0.6600786682815275
1885,0.17729976365046568
1886,-0.031689946935372526
1887,0.623136204265987
1888,-0.5379943891705538
1889,-0.2170078752307366
1890,0.15927764267429673
1891,0.0561977502487544
1892,-0.1975753868522565
1893,-0.1686733413186301
1894,0.22082893329327247
1895,0.13588885689329966
1896,0.35439992830154265
1897,-0.9274193290143365
1898,0.49801892720090346
1899,0.1951810495171693
1900,0.5721225051503562
1901,0.2773376392194081
1902,0.29939382174123325
1903,0.0007787551695750405
1904,0.24526953295119075
1905,-0.9238152861143062
1906,-0.2720243009646309
1907,0.3375653932827043
1908,-0.7773046249966914
1909,0.4467035338638595
1910,-0.12087336824783201
1911,-0.93508773132996
1912,0.10223542491212767
1913,-0.11190819665992768
1914,0.01888076836440622
1915,0.28319804620983524
1916,-0.46412531966977133
1917,0.15436047007874204
1918,0.42892081402536825
1919,-0.9691107501000903
1920,0.3969626484588561
1921,0.39805435268538103
1922,0.01888076836440622
1923,0.1911930782446707
1924,-0.38087680622477527
1925,-0.24058486946435054
1926,0.12091055001298145
1927,0.19491821096087342
1928,0.4227267466318074
1929,0.012754006667453077
1930,0.2185541979994306
1931,-0.30128861158423725
1932,-0.08342261485768965
1933,0.015086471068422647
1934,-0.039682433226310265
1935,0.4750543268225217
1936,0.12764438930911337
1937,0.07749787063891667
1938,0.19343571715889574
1939,-0.49952726449544904
1940,0.25823834167928916
1941,0.16440948127357558
1942,-0.3431740159532345
1943,0.106628202194756
1944,0.18344813792965542
1945,0.06454688164270095
1946,-0.1251356285444153
1947,-1.097829741709555
1948,0.018677843398353877
1949,0.7259473415340344
1950,0.24316346929879012
1951,0.15727636387969285
1952,0.13940567708287344
1953,-0.4282362826435778
1954,0.2857680361159828
1955,0.009614789613588415
1956,-0.258426709083703
1957,0.42503536603517167
1958,0.15881803182479837
1959,0.11818603326125299
1960,0.24316346929879012
1961,0.005327705044343878
1962,-0.1099874608381829
1963,-0.14664743108624723
1964,0.1387099154203028
1965,-0.8105167201449929
1966,0.1790895931144572
1967,0.35011165140301814
1968,0.3804042055089739
1969,0.13159734897652187
1970,0.2784875674814658
1971,-0.7664551381068904
1972,0.07597957509105091
1973,0.17421803381521578
1974,-0.12454837413469433
1975,0.00627730922936609
1976,0.40065964617435823
1977,-0.8151759882926225
1978,0.4223586800756793
1979,-0.9584838991077466
1980,0.09275348387919441
1981,-0.05968211766546727
1982,0.45829744331427147
1983,0.2697123245508427
1984,0.17868412532667122
1985,-0.2994325427169052
1986,0.4495664757507775
1987,0.015924769913061687
1988,-0.4690955951153729
1989,0.04827121605326945
1990,-0.503705812393829
1991,-0.05496332637995771
1992,0.11853925727976483
1993,-0.314178892442157
1994,-0.05376878435352672
1995,0.6141337157784369
1996,0.20382983848647096
1997,-0.3491458689029713
1998,0.33397099648954687
1999,-0.8707819925746375
2000,0.6261913332412743
2001,0.3080845358569215
2002,-0.18436087851084315
2003,0.3218095385691608
2004,0.04389521640679861
2005,-1.0305804950266158
2006,0.24809069700240777
2007,-1.037060475429568
2008,-0.16278990736503351
2009,0.04280759787981414
2010,0.3745079646785786
2011,0.2825961364592148
2012,0.03527254476345887
2013,-0.2928314337637723
2014,0.4255462373694651
2015,0.5825082527804883
2016,0.393439107312322
2017,-0.09271877528437944
2018,0.285646236451295
2019,0.3948498323508252
2020,0.3824697762525677
2021,0.14182916087988495
2022,0.013082894331771566
2023,0.22557230660418226
2024,0.44487565103526805
2025,-0.4468508328181918
2026,-0.14615391809729694
2027,0.36110081029646146
2028,0.2061548102318218
2029,0.32428550267971135
2030,-0.002470073382740856
2031,0.37865342940201085
2032,0.05521100108511068
2033,-0.13158132533045142
2034,-0.4432877642424481
2035,0.4668289263371583
2036,0.36888273373270086
2037,0.3463864686919268
2038,0.5117513863234707
2039,0.35327286591604123
2040,0.08896868722709272
2041,0.6494978018103437
2042,0.07268927091921396
2043,0.13899715333923657
2044,0.32225766308035453
2045,-1.0532423317063349
2046,-0.20659032538963706
2047,-0.2816751545266366
2048,-0.30010965185861427
2049,0.009077324511158946
2050,-0.44587962826462346
2051,0.2763639444142084
2052,0.2401671896813773
2053,0.6166213512953669
2054,0.08178640082266186
2055,-0.05496332637995771
2056,0.10318714451123756
2057,0.4058252522466399
2058,-1.253159815209627
2059,-0.23837816642679288
2060,0.6949262543756688
2061,0.002912965513607868
2062,0.13915410749248608
2063,-1.3774541151113584
2064,0.37611094465177014
2065,0.28020741385631587
2066,-0.6024896277935744
2067,0.28340711525006446
2068,0.314695657708536
2069,0.3789288491487335
2070,0.22319436407528853
2071,0.26349439515832984
2072,-0.13115371615844906
2073,0.024218080771147732
2074,0.4112862715457711
2075,0.12502439443900815
2076,0.26753264138654753
2077,0.3280729052757979
2078,0.29509409316822904
2079,0.5323526464586614
2080,0.2661037606400687
2081,0.6383794391969259
2082,0.05002788055162499
2083,0.3288083294044057
2084,0.35215621112703976
2085,0.7373473247481753
2086,0.4129947687407558
2087,0.02571638090937578
2088,0.5300911925247296
2089,0.04102333491397592
2090,0.20078950244619914
2091,0.2662519812672649
2092,-0.6476035473280134
2093,0.36918018287319954
2094,0.33582157178779454
2095,0.6372551606286125
2096,-0.17726434826440196
2097,0.10816908881847054
2098,0.37613398003089415
2099,0.39162290530681243
2100,0.1118166350267305
2101,-0.1836142384300986
2102,0.10128884140535754
2103,0.35235313346435854
2104,0.14234093102404133
2105,0.16716001608203085
2106,0.3882864436329877
2107,0.3375653932827043
2108,0.3846808425271088
2109,-1.096211615085294
2110,0.15696094234121216
2111,0.06957841912925977
2112,-0.08841602108511026
2113,0.043697929688881976
2114,-0.06524230464598757
2115,-0.4016846556220225
2116,0.43040035985346836
2117,0.08575078558423044
2118,0.1067523658648386
2119,0.22052079811353942
2120,0.031097956679001837
2121,0.26958457801556046
2122,0.19900480311799096
2123,0.36160080958316565
2124,-0.035271496120335755
2125,-0.88227896422809
2126,0.37984613547912216
2127,-0.17676049384742165
2128,0.24160674302439666
2129,-1.0458667880827122
2130,0.2435252542469143
2131,0.14741533364423898
2132,0.12413633247660727
2133,0.5253276298608736
2134,-0.6784551851188761
2135,0.6609578908995554
2136,0.28703637670264
2137,0.4125705435933869
2138,0.15264295193483873
2139,-0.05335004571811652
2140,0.06010705473305056
2141,0.32562707875837626
2142,0.19082529784190044
2143,-0.5116777012040928
2144,-0.054600458493658466
2145,0.36813122290371936
2146,0.42684508005125055
2147,0.18273746069320984
2148,0.15613772365131506
2149,0.3584843159030259
2150,-0.16026671456515784
2151,0.43868034466544087
2152,0.27276727273527
2153,0.2635413246345605
2154,0.552476541245398
2155,0.16591275955206125
2156,0.2738271816352279
2157,0.35522177911810743
2158,-0.4595269995911132
2159,0.09261727794978958
2160,0.11068161827433687
2161,0.39991081046607646
2162,-0.46083670516732844
2163,0.11068161827433687
2164,-0.07499340180599934
