,pve
0,0.1257609109633412
1,0.23885099971600776
2,-0.1976238251741822
3,-0.16313265258784337
4,0.06946760040242173
5,-0.02769861676789842
6,0.024518322649839885
7,0.19430336412981153
8,0.02908508722921288
9,0.1129860231642612
10,0.20580449231709297
11,0.045038296562103786
12,0.013992648948912279
13,-0.21660160696851938
14,0.4862486397414306
15,0.008753867062732956
16,0.1482044474447035
17,-0.4368164166280478
18,0.31261171518003855
19,-0.06495017825612281
20,0.07047076867087798
21,0.08676735291271809
22,0.03648370057267891
23,0.12302576339981053
24,-0.15462439008070328
25,-0.05063053020542785
26,-0.2784599773246542
27,0.44666363137758985
28,-0.2998195908075182
29,-0.03943108914939719
30,-0.08807633246646474
31,0.27101032074301856
32,0.08224175210576146
33,0.23885099971600776
34,-0.08165576595761759
35,0.32602749020636146
36,-0.23249320993924238
37,0.3537803780143112
38,0.08692839337600733
39,0.06780589255259561
40,-0.21660160696851938
41,-0.279444275425777
42,0.27778958764943923
43,-0.1430576496549244
44,-0.1293016325066373
45,-0.05817035354694333
46,0.1388896984955308
47,0.24361898595978604
48,-0.018537460294640318
49,0.44666363137758985
50,-0.009068333614223878
51,0.2124764932530241
52,0.24790677280536727
53,-0.12422626087054678
54,-0.13729160648794048
55,0.11408191661669609
56,0.09467442674588344
57,0.24694692601676627
58,0.15267895536712295
59,-0.07909452075963375
60,-0.2685567402753529
61,0.14790075294103744
62,0.15010951065124722
63,0.013992648948912279
64,0.01723314454268443
65,0.5038358580017871
66,0.42868248590522434
67,-0.31714343301845704
68,0.22580378359903053
69,0.050586113346081985
70,-0.2028200617791861
71,0.29630378027923604
72,-0.2977033927580516
73,-0.21271628009993726
74,0.06745352288864681
75,-0.17670178548639937
76,0.21198841933884804
77,-0.09522065772608823
78,0.257218317200715
79,-0.03205886705811167
80,0.15977058476269834
81,-1.4296592064051925
82,0.36595243823666457
83,0.12418354614066784
84,-0.19405498719184067
85,-0.022292789432411086
86,0.3137346319376846
87,0.31843129513376045
88,0.06780589255259561
89,0.018466214688574123
90,0.3943032970598797
91,0.12579052231419352
92,0.23357766197971264
93,0.3036041302548791
94,-0.03450677933140511
95,-0.32565141495550176
96,-0.4427904731520319
97,0.23596636666331416
98,0.5879697679212589
99,0.29630378027923604
100,0.1129860231642612
101,0.07164592606140185
102,-0.14371548984516203
103,0.44835486347950926
104,0.40065103108259564
105,-0.08807633246646474
106,0.10887612841212613
107,0.15164289192678881
108,0.16180214992712916
109,0.12481428167038655
110,0.23069407021717148
111,-0.07012173930746679
112,0.06327855821470607
113,0.4383520485202953
114,0.2905818006707309
115,-0.5503892002090088
116,0.27902568092498486
117,0.2024454578520437
118,-0.06433413486254047
119,0.05780574727604049
120,0.24928569073945667
121,0.04384097949785837
122,0.3585324773559302
123,-0.24381769810250375
124,0.050586113346081985
125,0.09950170992386143
126,0.1881782901636308
127,0.23067053120129455
128,0.2248354497103714
129,0.027374704497514113
130,-0.4417796770595196
131,-0.7550677779142633
132,0.14734895268996373
133,0.2024454578520437
134,-0.05496163297825141
135,0.3936869566837072
136,0.021573360003582787
137,-0.19848543086563852
138,0.0013689440423204635
139,0.16618401804832506
140,-0.5520498680234408
141,-0.2220099525281839
142,-0.007562630822259719
143,0.35535703661164997
144,0.050586113346081985
145,0.10410967161524576
146,0.1661867307142081
147,-0.19041762513276284
148,0.14671300178797342
149,-0.19638154044084677
150,-0.0730068184810797
151,0.045038296562103786
152,-0.26585066349592934
153,0.0013317108036919878
154,-0.4831868491510126
155,0.08238042479953411
156,0.22530978050493866
157,0.3112159687191116
158,0.15868471196213907
159,0.16080867434842339
160,-0.0067444356935810745
161,0.013992648948912279
162,0.2853780442673028
163,0.2084771920073255
164,0.1798409759568762
165,-0.10108533123265218
166,0.14734895268996373
167,0.41659890098429847
168,0.49738313558805336
169,-0.176245096688047
170,0.03644770586430668
171,0.12481428167038655
172,-0.49072755684858016
173,0.1388896984955308
174,0.33155649465658343
175,-0.2921544025076054
176,-0.39828652925476604
177,0.1322188762204265
178,-0.005451505226111153
179,-0.06825725447470232
180,0.4195728165633802
181,0.08402412376332091
182,0.14237633201733524
183,0.25291523105586006
184,0.4739601283603955
185,0.13087425447909007
186,0.3704575060487957
187,-0.2540479732171418
188,-0.6471413506894296
189,0.533384286721243
190,-0.11689905849111326
191,0.019224616120806393
192,-0.704257438608327
193,-0.13729160648794048
194,-0.312723827005308
195,-0.019288015232324707
196,0.10945044349394228
197,0.32297842010635386
198,0.35914557937482
199,0.2905818006707309
200,0.07989432473525815
201,0.28403236352840044
202,-0.5008222963520844
203,-0.9525039506322467
204,0.38728008176144535
205,-0.07012173930746679
206,0.07989432473525815
207,-0.3480644107998
208,0.3403334166532572
209,-0.1033077905998393
210,0.15220560349132295
211,0.23017886528830145
212,0.2285718694157971
213,-0.5801957580676086
214,0.07458269578983323
215,0.3311629332959824
216,-0.04617682465595074
217,0.16282210271863773
218,0.08463073072382654
219,0.005156364148121928
220,0.06946760040242173
221,0.23069407021717148
222,0.0605746560683641
223,-0.18365097483444504
224,-0.09488702673585869
225,0.21122301111477143
226,-0.46408554141993796
227,0.08224175210576146
228,-0.06504908872124127
229,-0.28080672594233813
230,0.023470730445716903
231,-0.21500109365046904
232,-0.3294010341155119
233,-0.42749997110140525
234,0.47136273473705825
235,-0.09847891183232416
236,0.31868992494018206
237,-0.4540615805497953
238,0.21028222961093235
239,-0.1033077905998393
240,0.37373155211347736
241,-0.463391795098132
242,0.09624283728113758
243,-0.18507117852720933
244,-0.1429015572134298
245,-0.13946250243580427
246,-0.050898475896251294
247,0.30791017416443034
248,-0.42785294727232526
249,0.15868471196213907
250,-0.6097827521999563
251,-0.4472699726540267
252,0.2696567848670216
253,-0.024891350374672716
254,0.41023023357682503
255,0.19535886916130207
256,-0.08888823223722997
257,0.10210548210562986
258,-0.035067164576196075
259,0.47991268536317266
260,0.06324928283389286
261,0.33155649465658343
262,0.2018638964811726
263,0.33439670328908017
264,-0.4715385816947243
265,0.019074808916167862
266,0.38510579972263814
267,-0.2740315799932763
268,0.11301617114713147
269,0.24361898595978604
270,-0.035067164576196075
271,-0.5486073001136197
272,0.17204836473411744
273,0.2940214144534661
274,-0.11743061346923567
275,0.22530978050493866
276,0.06563898498572895
277,-0.0629397825799265
278,0.040805086559519865
279,0.37194181272515
280,-0.13444411132338185
281,-0.018004019866053267
282,0.21198841933884804
283,0.07319063145350169
284,0.008369599999584643
285,0.2223642213668734
286,0.1974237317991241
287,0.07164592606140185
288,0.21950330778126603
289,-0.016671466881129526
290,-0.12156716844628301
291,0.10569470791582358
292,0.1794069991553141
293,0.18349689328566232
294,-0.13729160648794048
295,-0.08882394712503838
296,-0.21660160696851938
297,0.06627999105261007
298,0.31843129513376045
299,0.3112953873012525
300,-0.06433413486254047
301,0.1881782901636308
302,0.541249117230125
303,0.5197250627494345
304,0.03648370057267891
305,0.20649725156134768
306,0.3716242158097155
307,0.10350526458636078
308,0.35989595403776076
309,-0.08339216175381836
310,0.18349689328566232
311,0.06494963421403022
312,0.3704575060487957
313,0.28528583021325227
314,-0.29514153187889247
315,0.019074808916167862
316,0.44621814479933686
317,-0.11095296305056446
318,0.21645502254263171
319,0.17201643940245614
320,0.3537410905158724
321,0.32362030434097666
322,0.18349689328566232
323,-0.035067164576196075
324,-0.10108533123265218
325,0.12805255214759625
326,-0.318854750859228
327,0.32845495582181483
328,0.31843129513376045
329,-0.17495061485973573
330,0.1388896984955308
331,0.015231630170734811
332,0.21950330778126603
333,0.10835339229090812
334,0.07217482543862352
335,-0.012610671000798601
336,0.3217245095199166
337,0.43473661226475385
338,0.09838381049656719
339,0.05784236893378658
340,-0.036373694667570566
341,0.0535955165157711
342,0.4153882433375309
343,0.3066436886455527
344,0.23368570194178173
345,0.1388896984955308
346,0.15656479297722525
347,0.3564513702742329
348,0.3062129464411372
349,0.05780574727604049
350,0.16282210271863773
351,0.09950170992386143
352,0.3537410905158724
353,0.08238042479953411
354,0.048838066294409455
355,-0.3915048766587611
356,0.2233774214812021
357,0.2623244002533003
358,0.4081168365145575
359,0.2155253906624967
360,-0.08888823223722997
361,0.025391858474562712
362,0.16034149292820649
363,0.545742277384701
364,-0.9127608234200163
365,-0.33642902679542075
366,0.06946760040242173
367,-0.12291633825463621
368,-0.17495061485973573
369,0.31843129513376045
370,-0.0675801969305716
371,-0.36294946457085253
372,0.02908508722921288
373,-0.3126772537045367
374,0.06324928283389286
375,-0.32635219555864026
376,0.19953776748530827
377,-0.04139705836690766
378,0.11907614253996202
379,0.02734113057266485
380,0.4195728165633802
381,0.4097688725254396
382,0.23596636666331416
383,0.15164289192678881
384,-0.5721188817087818
385,0.1571412299205589
386,0.46393736681289627
387,0.08300077597319888
388,0.35063687217972966
389,0.21122301111477143
390,-0.40516789792974406
391,-0.09847891183232416
392,0.22042859205125137
393,0.09306577170035701
394,0.4881202628699451
395,0.11251503146083552
396,0.30541656647811866
397,-0.2069931849003559
398,-0.3255732142698239
399,0.19773292744880883
400,0.14244022507285792
401,-0.2904800939440185
402,0.12695682894961247
403,0.21028222961093235
404,-1.9653721241308522
405,0.11627665385677943
406,0.09838381049656719
407,-0.05085947912321098
408,0.11034707687831402
409,0.2223642213668734
410,0.5380650115168357
411,-0.1814123988509101
412,-0.1720033555241639
413,-0.26442440899619524
414,-0.256063092347222
415,-0.09849330229415676
416,0.1272988812194138
417,-0.12307249631706918
418,0.029118594279119114
419,0.10249832080687316
420,-0.016671466881129526
421,-0.005000724341504004
422,-0.20218522492418634
423,-0.08668856528386126
424,0.005839358821228102
425,-0.0638066898351689
426,-0.11743061346923567
427,0.06324928283389286
428,-0.4394862494395978
429,-0.012088793773214035
430,-0.18372447644003298
431,0.3217245095199166
432,0.09334512173028298
433,-0.19041762513276284
434,-0.48330177445330536
435,-0.13830505701393458
436,0.09108545441830218
437,-0.005000724341504004
438,0.16519735336616503
439,0.19991348275687082
440,-0.12957369146305175
441,0.07041033070421632
442,0.47279941611773396
443,-0.14933630618699678
444,0.11907614253996202
445,-0.3255732142698239
446,0.32092835996207075
447,0.10717383598150876
448,-0.1711700991757169
449,0.05623129712189101
450,0.19430336412981153
451,0.4375629961930416
452,-0.1083527153829229
453,-0.026347108134867292
454,0.2549156745767822
455,-0.036373694667570566
456,0.3957090404275203
457,-0.43940001773086046
458,-0.06259126949311855
459,0.11251503146083552
460,-0.005451505226111153
461,-0.35215225879965584
462,0.4030769540032925
463,0.005839358821228102
464,-0.1628510905687126
465,-0.09854517729771084
466,0.12023938260421974
467,0.07101653700572608
468,0.13858296083204946
469,-0.1248738949640883
470,-0.1682539138750151
471,-0.06625080984195286
472,0.1026860578481068
473,0.3704575060487957
474,0.15384641625321038
475,0.46025343951432746
476,0.18044377657881838
477,-0.13444411132338185
478,0.12480812461461266
479,-0.1596441837452055
480,-0.155903292748797
481,0.13470720348967702
482,0.019074808916167862
483,0.2378813208209979
484,0.2649798691871701
485,0.011127189423949746
486,0.4153882433375309
487,0.2984271512803196
488,0.23017886528830145
489,-0.33642902679542075
490,0.0254551389845159
491,-0.4773122747390933
492,0.07164592606140185
493,-0.13561450862744318
494,0.12481428167038655
495,0.40065103108259564
496,0.2572488056193253
497,0.12471253483604039
498,0.20448957524468792
499,0.15004425859691584
500,-0.0030551340076092615
501,0.37373155211347736
502,0.03644770586430668
503,-0.06974636217011243
504,-0.012088793773214035
505,0.1661867307142081
506,0.15167139481759373
507,-0.6150522078892248
508,-0.1329304251179394
509,0.0856304945973293
510,0.2945872475621322
511,0.2958529403855067
512,0.035267453946052796
513,-0.04745720964446698
514,0.3540770012354666
515,0.1798409759568762
516,0.31843129513376045
517,-0.06433413486254047
518,0.3427784562980745
519,0.12805255214759625
520,0.011092998010235777
521,0.15868471196213907
522,-0.24221873790212622
523,0.373067971953788
524,0.06780589255259561
525,0.055049949781033614
526,0.07458269578983323
527,-0.5143844561011851
528,-0.001237847975232964
529,0.3331713526399091
530,0.10569470791582358
531,-0.02710179767301335
532,-0.1180728626577181
533,-0.172564030250688
534,-0.1935231096528527
535,0.09681389515254513
536,-0.023702021407668195
537,0.2958529403855067
538,-0.006819682869020682
539,0.040805086559519865
540,0.32362030434097666
541,-0.08260103968796917
542,-0.7963612930707048
543,-0.014050515561810029
544,0.25363604669323964
545,0.11907614253996202
546,0.027847952755465477
547,0.18810463609591221
548,0.5229925706745907
549,0.1798409759568762
550,0.0872861132001238
551,0.10315013045459143
552,-0.05085947912321098
553,-0.7552894893995569
554,0.35989595403776076
555,0.0644631953184358
556,0.20099129790104864
557,-0.7383161678167104
558,-0.03450677933140511
559,0.23787244001154445
560,0.1224813823480172
561,-0.36354539388796525
562,-0.6502961173434926
563,0.33722043713894767
564,0.3585324773559302
565,-0.04887255597637541
566,0.11516543865508078
567,0.18815140042727507
568,-0.5340071289072329
569,0.2993446484140626
570,0.3862423828134877
571,-0.6364134557160662
572,0.4235004014699381
573,0.027374704497514113
574,-0.04151275167521373
575,0.19869457181476857
576,0.4129783675346257
577,-0.3553210876809404
578,0.09790336864875104
579,0.03192661816822151
580,-0.08035476854741408
581,-0.6089249917483514
582,-0.14848914986160155
583,0.1651208990850911
584,0.032206473881400965
585,-0.1596441837452055
586,0.2012715877407385
587,-0.07012173930746679
588,0.2285718694157971
589,-0.24381769810250375
590,0.11701941977907204
591,-0.23627400912302388
592,-0.33119306776944624
593,0.3564513702742329
594,-0.21660160696851938
595,-0.21200492841111873
596,-0.08035476854741408
597,0.07475310459862594
598,-0.06495017825612281
599,0.08108677502677619
600,0.05623129712189101
601,-0.08035476854741408
602,-0.015295358035525619
603,-0.3790941799835402
604,0.010291089148380617
605,0.2084771920073255
606,-0.09854517729771084
607,-0.2220099525281839
608,-0.08197613419440053
609,0.4862486397414306
610,-0.10108533123265218
611,0.33800695141153714
612,0.2701179905776395
613,0.09916636499092646
614,0.4385716032357967
615,-0.010756021869442911
616,0.4195728165633802
617,-0.4557679587835334
618,0.16833546464464122
619,-0.1727251295064841
620,-0.23785128169231895
621,0.2958529403855067
622,0.29630378027923604
623,0.13086935379182385
624,0.006969743602378786
625,-0.16596454661209303
626,-0.279444275425777
627,0.47866224351095854
628,0.018466214688574123
629,0.0007500628003583865
630,-0.1083527153829229
631,-0.02769861676789842
632,-0.049367085633824526
633,-0.056034599192747336
634,0.1307937359823731
635,-0.2681042620793549
636,-0.08291897743199828
637,0.06946760040242173
638,-0.8704106687653862
639,0.15868471196213907
640,0.16555566721092213
641,-0.312723827005308
642,0.15203729470114147
643,0.1984745908859712
644,0.14924592669448067
645,0.3666979055711674
646,-0.0030551340076092615
647,0.16618401804832506
648,-0.06252715461799063
649,-0.3561955823919166
650,0.004620013828046776
651,0.4628677254346335
652,-0.1574679564363809
653,0.09624283728113758
654,-0.050898475896251294
655,0.21047328222402062
656,0.13417046473401417
657,0.40020326773146797
658,0.2963215696846192
659,0.0013689440423204635
660,0.06946760040242173
661,0.06563898498572895
662,0.09841456353387101
663,0.03644770586430668
664,0.42868248590522434
665,-0.2184444133433544
666,0.008369599999584643
667,0.3658180361482755
668,-0.19563401381893264
669,0.2633854935192326
670,0.32586810482353895
671,0.5813212280451744
672,0.11856334317583761
673,0.39083155797991076
674,0.12805255214759625
675,-0.6511348580331874
676,0.09678307632326921
677,0.5200615193234913
678,0.07214300704981691
679,0.17356191861455394
680,-0.42785294727232526
681,0.08300077597319888
682,-0.36930831910417183
683,0.39331810627236596
684,-0.2474469705087482
685,-0.38916017275028836
686,0.21509913478562537
687,0.024518322649839885
688,-0.18011339869674303
689,0.01411299141336364
690,0.09790336864875104
691,-0.23652695525825929
692,0.27462879168313925
693,-0.10126515898125354
694,0.2225577256812032
695,0.5219063284917126
696,0.037053298155915404
697,-0.4039784799701941
698,-0.13729160648794048
699,0.013992648948912279
700,-0.2096427533510724
701,-0.044158999696240375
702,0.307581929236118
703,-0.2013544052844375
704,0.09624283728113758
705,-0.23234067219288057
706,0.09102636151842958
707,0.0892577436902674
708,0.2084771920073255
709,-0.12360278072879105
710,0.1661867307142081
711,0.011092998010235777
712,-0.2278379264224556
713,0.2717089919815774
714,-0.07858277790381263
715,0.18940820435942274
716,0.29892568609145354
717,-0.07591873991772102
718,0.2771642014805576
719,0.17180272118825624
720,0.28403236352840044
721,0.45934016713661524
722,0.04889666742025656
723,-0.3165562643104941
724,0.19953776748530827
725,0.03931868638997582
726,-0.02710179767301335
727,0.07048686676968907
728,0.2212398785167256
729,0.18903667866648333
730,0.1794069991553141
731,-0.02710179767301335
732,0.3410418805530024
733,0.35914557937482
734,0.03986875441145832
735,-0.08360892045726687
736,0.2089348228250112
737,-0.11661843488793289
738,-0.006683818467464575
739,-0.06572767520472012
740,0.05784236893378658
741,0.016906516346888
742,0.13427102681178316
743,-0.12156716844628301
744,-0.6162465208370275
745,-0.045570380102294195
746,0.5679159155119844
747,0.11251503146083552
748,0.1272988812194138
749,0.008369599999584643
750,-0.2526031870855704
751,-0.2522367795518139
752,0.0863609532194034
753,0.14627901349285866
754,-0.07975858815822678
755,0.150633739958701
756,0.4023767556143534
757,0.17468786250138352
758,0.2345868706416877
759,0.15267895536712295
760,-0.38835064028410404
761,0.43667454758266633
762,0.17836622116245027
763,0.30791017416443034
764,0.035820126913071015
765,0.22042859205125137
766,-0.00951628846563013
767,0.3190109939536434
768,0.08069099372163024
769,0.287569492050871
770,-0.6221461647700591
771,-0.19848543086563852
772,0.0686620480377148
773,-0.03450677933140511
774,0.09624283728113758
775,0.49076422570409584
776,-0.055492620882849786
777,0.23695862952483515
778,0.003395549657303376
779,-0.2220099525281839
780,0.14671300178797342
781,-0.8552460741588964
782,-0.00127250264620693
783,-0.10119453464285555
784,-0.14576645392709808
785,0.05623129712189101
786,0.16618401804832506
787,0.20350087431015884
788,0.04329347754043933
789,0.44941836954895764
790,-0.035571825750730146
791,0.15116412611690977
792,0.1672081367783279
793,0.04323616056195112
794,-0.1596441837452055
795,0.5276629099237534
796,-0.48482905028947976
797,0.02595866332342389
798,0.18191925579796364
799,0.2825946986282157
800,0.024518322649839885
801,-0.035571825750730146
802,-0.17343601921467222
803,-0.1581031035964494
804,-0.005512043044241799
805,-0.346439208385814
806,0.33800695141153714
807,-0.043777823407595395
808,0.11251503146083552
809,-0.16364739311829268
810,0.056770375684546015
811,0.12218898798600908
812,0.07101653700572608
813,0.2894345160837234
814,0.34002774558809007
815,0.2488288436779405
816,0.13783199403729807
817,0.24790677280536727
818,0.05600941745772958
819,0.08230142153834152
820,-0.07858277790381263
821,0.04325069206163956
822,0.12475129272204089
823,0.24539935616750064
824,0.18993919997200726
825,-0.035067164576196075
826,0.15004425859691584
827,0.018025074956133924
828,0.17356191861455394
829,0.16034149292820649
830,-0.5246750610768701
831,0.11045089037030653
832,0.13783199403729807
833,-0.40419693620261155
834,0.11301617114713147
835,0.15868471196213907
836,0.26190515622941324
837,0.18903667866648333
838,-0.2498988957931042
839,0.01903819474366064
840,-0.06515168649313496
841,0.09950170992386143
842,-0.6869065150492445
843,0.2089607675808587
844,0.3017316899377106
845,0.14924592669448067
846,-0.12433443082500528
847,0.1881483216056753
848,0.25578009995504464
849,0.2223642213668734
850,0.03192661816822151
851,-0.13729160648794048
852,-0.2702101859768188
853,-0.8977372087852274
854,0.3372858900742456
855,0.031605627654359814
856,0.3962925769755833
857,0.47279941611773396
858,0.19869457181476857
859,-0.17495061485973573
860,0.0856304945973293
861,-0.17703227929374643
862,0.06444925933118295
863,0.3062129464411372
864,-0.013221091562473641
865,0.003909794702866787
866,0.5382770183069001
867,-0.09996837666709579
868,-0.09706039036613834
869,0.17611565354957948
870,0.06563898498572895
871,0.3800530562394536
872,0.11907614253996202
873,-0.22554163487432766
874,-0.18365097483444504
875,-0.3480644107998
876,-0.08065885115771154
877,0.0708726540505853
878,-0.4513641000952847
879,0.04323616056195112
880,-0.13946250243580427
881,-0.07858277790381263
882,0.09678307632326921
883,-0.2921544025076054
884,0.17356191861455394
885,0.3427784562980745
886,-0.2702101859768188
887,-0.27936477455469266
888,0.2958529403855067
889,0.16034149292820649
890,-0.2069931849003559
891,0.1482044474447035
892,0.07048686676968907
893,0.15267895536712295
894,0.15868471196213907
895,0.08692839337600733
896,-0.07012173930746679
897,0.024518322649839885
898,0.47423079363384185
899,-0.018039293603148265
900,0.08676735291271809
901,0.23546178569366039
902,0.024985653361650595
903,0.39824017198853134
904,0.35989595403776076
905,-0.06252715461799063
906,0.23157546157108178
907,-0.05246389766512338
908,0.0872861132001238
909,0.03648370057267891
910,-0.31486519151898074
911,0.17511706463094273
912,0.33722043713894767
913,0.18588993914973073
914,0.3564513702742329
915,-0.08888823223722997
916,0.3372611291949111
917,-0.5180245259593893
918,-0.19848543086563852
919,0.08463073072382654
920,0.12837289113808348
921,0.3426378256067056
922,-0.6239820602478844
923,-0.3197477185214729
924,0.023470730445716903
925,0.06391811359857247
926,-0.05246389766512338
927,-0.023702021407668195
928,0.015231630170734811
929,0.11301617114713147
930,0.5713599591291623
931,0.21023721637526727
932,-0.2423087804814591
933,0.07047076867087798
934,0.27284472836697954
935,0.10827676046552626
936,0.03192661816822151
937,0.44829614631630127
938,0.0007500628003583865
939,0.28712335885004564
940,-0.13946250243580427
941,0.21992520071131583
942,-0.1350701789140728
943,0.2549156745767822
944,-0.19145582136568395
945,-1.4691708026416737
946,0.08300077597319888
947,0.48033586861852745
948,0.16136377211409758
949,0.2848053124024517
950,0.22347784506599128
951,0.05623129712189101
952,-0.08291897743199828
953,0.2407573100608723
954,0.31299566755407343
955,-0.3791780009077895
956,0.4400424417030379
957,-0.3070822542456618
958,0.27462879168313925
959,0.381504374620178
960,-0.049367085633824526
961,0.016661532244632404
962,0.364080864626548
963,0.10029831083572127
964,0.2983895101115894
965,0.5923319468107439
966,0.04510776966013341
967,-0.07909452075963375
968,0.04719264605560358
969,-0.18876882936685935
970,0.22651004364545918
971,0.10661922602922547
972,0.05107378668012419
973,-0.02710179767301335
974,0.4030769540032925
975,0.3083221393088959
976,0.05623129712189101
977,0.25258347072879594
978,-0.41762017548033403
979,0.15445249311608988
980,0.24220418519962017
981,0.264235041249897
982,0.1129860231642612
983,-0.274077155831394
984,-0.5143844561011851
985,0.06830537055087715
986,-0.22641897759065754
987,-0.035067164576196075
988,-0.17343601921467222
989,-0.06495017825612281
990,0.11251503146083552
991,0.15119759485077477
992,0.33800695141153714
993,0.2834100346570919
994,0.08692839337600733
995,-0.7448288664953496
996,-0.8362321657514774
997,0.5706603120980741
998,0.08676735291271809
999,-0.04617682465595074
1000,0.060663066119031606
1001,0.06324928283389286
1002,0.4862486397414306
1003,0.1886711234124231
1004,0.12218898798600908
1005,-0.288089719626215
1006,0.4309320520681498
1007,0.21695699909751864
1008,0.3706959203536869
1009,0.15164289192678881
1010,-0.28376491748704813
1011,-0.40835062423590485
1012,0.3975248042481965
1013,0.06324928283389286
1014,-0.475395071533559
1015,0.031605627654359814
1016,-0.19563401381893264
1017,0.10259294981001488
1018,-0.2681042620793549
1019,0.09950170992386143
1020,0.5078116086301123
1021,-0.2270760112917326
1022,0.015231630170734811
1023,-0.06433413486254047
1024,0.3956803266195018
1025,0.19773292744880883
1026,0.0863609532194034
1027,0.09950170992386143
1028,0.33800695141153714
1029,0.18349689328566232
1030,-0.15462439008070328
1031,0.24361898595978604
1032,-0.10126515898125354
1033,-0.03357232205676375
1034,-0.30491824924169475
1035,-0.5490210783218251
1036,0.15267895536712295
1037,0.01903819474366064
1038,-0.4760924129375653
1039,0.15550734495838803
1040,0.02734113057266485
1041,0.21122301111477143
1042,0.1129860231642612
1043,-0.13444411132338185
1044,-0.5546730663266729
1045,0.19043112423563002
1046,0.5008193815106748
1047,-0.15301777426678898
1048,0.0644631953184358
1049,0.35989595403776076
1050,-0.08339216175381836
1051,0.19430336412981153
1052,-0.09362647392385559
1053,0.15868471196213907
1054,0.04997462211191983
1055,0.3104724616996622
1056,0.4761831132374088
1057,-0.14511717644616928
1058,0.1891287987683271
1059,0.13470720348967702
1060,0.03154272801496638
1061,-0.3019974137030379
1062,-0.14371548984516203
1063,0.367094172471854
1064,0.18490724081101584
1065,0.5038358580017871
1066,0.11408191661669609
1067,0.0972414754959634
1068,0.20090750508969735
1069,-0.020452378770820623
1070,-0.11689905849111326
1071,0.11627665385677943
1072,-0.018100637967702893
1073,0.019074808916167862
1074,0.5399983784674868
1075,0.10945044349394228
1076,0.07580594961059761
1077,0.21548162012083782
1078,-0.13946250243580427
1079,0.2993446484140626
1080,0.38905248164748824
1081,-0.13729160648794048
1082,0.061487683872719634
1083,0.03648370057267891
1084,0.44621814479933686
1085,-0.6177434968176213
1086,0.09950170992386143
1087,0.429772680551216
1088,0.46804772565767416
1089,-0.2523150288249091
1090,0.12080980763587612
1091,0.33800695141153714
1092,0.16282210271863773
1093,-0.06433413486254047
1094,-0.4760924129375653
1095,-0.05686646260591954
1096,0.5354598058726464
1097,0.20145194140366396
1098,0.28528583021325227
1099,-0.08742585232371558
1100,0.16282210271863773
1101,0.2253593998409984
1102,-0.8498475113832841
1103,-0.2498988957931042
1104,0.09854805413589618
1105,0.3038999985883985
1106,-0.22996088751502364
1107,0.0892577436902674
1108,0.3083221393088959
1109,0.007793146987701505
1110,-0.35276404312061815
1111,0.12302576339981053
1112,0.1793346186882343
1113,-0.20983690404784394
1114,-0.36685722640351026
1115,0.36256967582846933
1116,0.030130142364939827
1117,-0.3710539711720492
1118,-0.3014238719875958
1119,-0.5486073001136197
1120,0.3975248042481965
1121,0.1456945449640522
1122,0.3455532992449672
1123,-0.10274339073329164
1124,0.14244022507285792
1125,0.06550700008849841
1126,-0.009068333614223878
1127,0.11136421328274959
1128,0.2521098597083419
1129,0.22768549001754596
1130,-1.2280719661079535
1131,-0.15261835428373083
1132,0.040805086559519865
1133,0.20295781487686115
1134,0.18349689328566232
1135,0.14924592669448067
1136,0.037053298155915404
1137,0.32586810482353895
1138,0.3806352448918616
1139,0.2822591727218586
1140,0.27238691306598145
1141,0.05603919601154905
1142,0.09102636151842958
1143,0.14351532652512544
1144,0.40216942095374414
1145,0.12302576339981053
1146,0.2636948149768908
1147,-0.022292789432411086
1148,0.13783199403729807
1149,0.10717383598150876
1150,-0.2674286212103614
1151,0.3010234850632456
1152,0.0787363839696732
1153,0.10249832080687316
1154,-0.1479505831543224
1155,-0.24854216281106767
1156,-0.4453740807645262
1157,-0.06495017825612281
1158,0.03644770586430668
1159,0.3386934739352287
1160,0.07164592606140185
1161,0.20145194140366396
1162,0.4021532686058436
1163,0.32289928085385333
1164,0.23211108692104954
1165,-0.04151275167521373
1166,0.10315013045459143
1167,-0.2756902786692269
1168,0.07319063145350169
1169,-0.06974636217011243
1170,0.2696567848670216
1171,-0.11689905849111326
1172,-0.8170823659601308
1173,0.13470720348967702
1174,-0.10130577258917406
1175,0.07041033070421632
1176,-0.1727251295064841
1177,-0.3827516831823755
1178,-0.1596441837452055
1179,-0.2044546450415904
1180,0.11066135744974759
1181,-0.33119306776944624
1182,0.05623129712189101
1183,0.2774783066523157
1184,0.32528983454221905
1185,-0.1033785297584322
1186,-0.5127166422107606
1187,-0.5992172103272128
1188,0.20145194140366396
1189,-0.24299561272851922
1190,-0.4940825183835146
1191,0.31197909761761944
1192,0.09790336864875104
1193,-0.2681042620793549
1194,0.18556481039326123
1195,0.20265686471672895
1196,0.15004425859691584
1197,0.1257609109633412
1198,0.2549156745767822
1199,0.1881483216056753
1200,0.44621814479933686
1201,0.05623129712189101
1202,-0.13729160648794048
1203,-0.17495061485973573
1204,-0.06433413486254047
1205,0.1388896984955308
1206,-0.20589438069720878
1207,-0.13561450862744318
1208,0.45150377929945695
1209,0.2345621184729984
1210,0.011660997838854437
1211,0.15267895536712295
1212,-0.4474701639470048
1213,0.10616899909770072
1214,-0.019288015232324707
1215,0.4299616851515926
1216,0.04052239605134833
1217,0.1388896984955308
1218,0.11408191661669609
1219,-0.08888823223722997
1220,-0.06974636217011243
1221,-0.04887255597637541
1222,0.16457198318534927
1223,-0.13228109217783768
1224,0.40788365043728403
1225,0.06780589255259561
1226,-0.1581031035964494
1227,-0.10572962289959287
1228,-0.05629531480596317
1229,0.17462670915020084
1230,0.34712176600893047
1231,0.16282210271863773
1232,0.5805140007483406
1233,0.23017886528830145
1234,-0.274796786302261
1235,-0.19633875594183636
1236,0.29634785272276065
1237,0.04332643537825509
1238,-0.012088793773214035
1239,0.19997588248719744
1240,-0.3480644107998
1241,-0.1309591108800181
1242,-0.04887255597637541
1243,-0.08487438687816351
1244,-0.07858277790381263
1245,-0.3808000620068209
1246,-0.4158840361296502
1247,0.15405954312025305
1248,0.4519680217495794
1249,0.4622984093841621
1250,-0.045570380102294195
1251,0.18456837675760396
1252,0.10509160022966768
1253,-0.18227958262177324
1254,-0.09847891183232416
1255,0.13858296083204946
1256,-0.4591889937387871
1257,-0.39072926003546915
1258,-0.06625080984195286
1259,-0.00127250264620693
1260,0.27478038259185134
1261,0.09939634084504922
1262,0.11408191661669609
1263,-0.02710179767301335
1264,0.36141620716362094
1265,0.04873937693616626
1266,-0.09847891183232416
1267,-0.11499483431411195
1268,0.14734895268996373
1269,0.3540770012354666
1270,-0.1574420064049309
1271,0.4292305038437922
1272,0.019074808916167862
1273,-0.10126515898125354
1274,-0.19927507039935588
1275,0.1388896984955308
1276,-0.19848543086563852
1277,0.2887666144250616
1278,0.1155423317485409
1279,-0.45546379827659866
1280,0.1762200254684887
1281,0.40478050125184284
1282,0.06324928283389286
1283,0.04384097949785837
1284,0.13737740274505805
1285,-0.5486073001136197
1286,0.1891287987683271
1287,0.09854805413589618
1288,0.05508244724668121
1289,0.09102636151842958
1290,0.22382448372044383
1291,-0.44997041025484064
1292,-0.09065861840729172
1293,0.41023023357682503
1294,-0.04617682465595074
1295,-0.06498963524578627
1296,0.12023938260421974
1297,0.19773292744880883
1298,0.19679619276890592
1299,-0.06974636217011243
1300,0.06946760040242173
1301,0.4546517660366955
1302,-0.018004019866053267
1303,0.13308286246479573
1304,-0.3661376480052275
1305,-0.25236002699815596
1306,-0.4513641000952847
1307,0.13976674925042187
1308,-0.09667119489733023
1309,0.2018638964811726
1310,0.2378813208209979
1311,0.07164592606140185
1312,0.4021532686058436
1313,-0.018004019866053267
1314,0.2285718694157971
1315,0.08463073072382654
1316,0.09841456353387101
1317,-0.49967524370848204
1318,0.3332301764728216
1319,0.16618401804832506
1320,0.16457198318534927
1321,0.0796533197328817
1322,0.4195728165633802
1323,-0.8498475113832841
1324,0.060663066119031606
1325,0.09790336864875104
1326,0.005694014404475145
1327,0.186751612542296
1328,-0.09362647392385559
1329,0.09467442674588344
1330,-0.4988806072579256
1331,-0.20816924108435897
1332,0.24044224794388058
1333,0.08927599442233047
1334,0.21645502254263171
1335,0.40065103108259564
1336,-0.2921544025076054
1337,0.05508244724668121
1338,0.17036497732129113
1339,0.40718075160163203
1340,-0.5101411749597881
1341,-0.17480365149439203
1342,0.12805255214759625
1343,0.2834100346570919
1344,-0.014088279067135723
1345,0.31868992494018206
1346,0.003909794702866787
1347,-0.17788013166269834
1348,-0.17495061485973573
1349,-0.3143722243871748
1350,0.03342167609100544
1351,0.4383520485202953
1352,-0.29199641402026943
1353,0.07458269578983323
1354,-0.3351455167435301
1355,0.12765637036904542
1356,-0.1628510905687126
1357,0.23596636666331416
1358,0.2945872475621322
1359,0.09510207945505933
1360,0.2567775302336833
1361,-0.3859772685957096
1362,0.4862486397414306
1363,0.01903819474366064
1364,-0.06433413486254047
1365,-0.12026019509461605
1366,-0.3380308945146028
1367,-0.11689905849111326
1368,-0.08487438687816351
1369,0.06102132420908979
1370,0.25487431307095754
1371,-0.08197613419440053
1372,0.09854805413589618
1373,0.17936623091574355
1374,0.0892577436902674
1375,0.03926110085654422
1376,-0.045570380102294195
1377,0.32954144975055033
1378,0.24361898595978604
1379,-0.21340936249251985
1380,0.09467442674588344
1381,-0.030351631026327097
1382,0.2822591727218586
1383,0.03644770586430668
1384,0.45150377929945695
1385,0.34831186651913754
1386,-0.5790033450223003
1387,-0.17392766047447838
1388,0.27902568092498486
1389,0.4412950992567743
1390,-0.12156716844628301
1391,-0.05375645038902499
1392,0.5174680441986529
1393,0.024518322649839885
1394,0.39506431645087875
1395,-0.055492620882849786
1396,-0.4368164166280478
1397,-0.04745720964446698
1398,-0.2069931849003559
1399,0.050586113346081985
1400,0.18349689328566232
1401,-0.24599588842454112
1402,-0.24455896799265187
1403,-0.3070822542456618
1404,0.3984951161107383
1405,-0.15814544522393692
1406,-0.13794330582081316
1407,0.2963215696846192
1408,-0.21271628009993726
1409,0.13737740274505805
1410,0.48810050935026195
1411,0.3360021999080401
1412,0.10945044349394228
1413,-0.005451505226111153
1414,0.0872861132001238
1415,0.3545396694750859
1416,-0.04151275167521373
1417,-0.8111049076607905
1418,0.35632803850856415
1419,-0.13837361627753253
1420,0.2040003985293498
1421,0.05673794476460714
1422,0.07164592606140185
1423,0.11229534645313732
1424,0.015138401234854326
1425,0.024518322649839885
1426,-0.11957005329784953
1427,0.0013317108036919878
1428,0.42086796248743474
1429,0.16618401804832506
1430,0.17511706463094273
1431,0.15167139481759373
1432,-0.08742585232371558
1433,0.11408191661669609
1434,-0.06128772298904206
1435,0.35532451409546173
1436,0.06780589255259561
1437,0.4078977925745628
1438,-0.07788962359573859
1439,-0.030351631026327097
1440,0.11499066552101511
1441,0.10315013045459143
1442,0.15868471196213907
1443,-0.32635219555864026
1444,0.3651574479479118
1445,0.15868471196213907
1446,0.06717347019200459
1447,0.4129783675346257
1448,0.06830537055087715
1449,-0.302225688166717
1450,-0.2423087804814591
1451,0.024518322649839885
1452,0.3749013984159151
1453,-0.19848543086563852
1454,0.2433786148888501
1455,0.37373155211347736
1456,0.021573360003582787
1457,0.06324928283389286
1458,0.5146136564138284
1459,-0.39072570555270014
1460,-0.05496163297825141
1461,0.3369249539081386
1462,0.5094531762272981
1463,-0.21340936249251985
1464,-0.03497088368785406
1465,0.2945872475621322
1466,-0.3463567583496411
1467,-0.10632725121866937
1468,0.3455532992449672
1469,-0.7559713407850793
1470,0.024518322649839885
1471,0.4516770056744945
1472,0.20401921341154994
1473,-0.055492620882849786
1474,0.21122301111477143
1475,0.1446979814816297
1476,0.3299529803442202
1477,-0.07788962359573859
1478,0.4195728165633802
1479,0.0872861132001238
1480,0.1378610919827704
1481,-0.23432093452236147
1482,0.07806780992841678
1483,0.13737740274505805
1484,-0.19423821388385232
1485,0.11907614253996202
1486,-0.3872821359127189
1487,-0.23142724965713757
1488,-0.03031331704157425
1489,0.03648370057267891
1490,0.11909582456635748
1491,0.2618583433106326
1492,-0.18876882936685935
1493,0.1388896984955308
1494,0.13027364001619202
1495,-0.2423087804814591
1496,0.1866120661513111
1497,-0.17331882015298106
1498,-0.06950487771833747
1499,0.17252781310266108
1500,0.2567775302336833
1501,0.31843129513376045
1502,-0.3827516831823755
1503,0.42868248590522434
1504,0.0013689440423204635
1505,0.1009914890324547
1506,0.11136421328274959
1507,-0.040104829218919225
1508,0.13086935379182385
1509,0.03644770586430668
1510,0.12837289113808348
1511,-0.7972335777212597
1512,-0.24854216281106767
1513,-0.01656779430294919
1514,0.10564175003439191
1515,0.19731959349313255
1516,0.2225577256812032
1517,0.07208767160084406
1518,0.07041033070421632
1519,-0.004935595883739707
1520,-0.22324159763756757
1521,-0.07591873991772102
1522,-0.14371548984516203
1523,0.08720063047801019
1524,-0.5000033025765448
1525,0.15116412611690977
1526,0.19869457181476857
1527,-0.24455896799265187
1528,0.20580449231709297
1529,0.023292189371977967
1530,-0.21340936249251985
1531,0.17611565354957948
1532,-0.013282128405698201
1533,0.2940214144534661
1534,0.05673794476460714
1535,0.08927599442233047
1536,0.0781638256805689
1537,0.14462237555628477
1538,0.4990605596248022
1539,-0.02471649280979127
1540,0.032206473881400965
1541,0.4546517660366955
1542,-0.2184444133433544
1543,0.2225577256812032
1544,0.08349071502933936
1545,0.3518180130223895
1546,0.30236848368811403
1547,0.0872861132001238
1548,0.045038296562103786
1549,-0.19563401381893264
1550,-0.011495207887982528
1551,0.17356191861455394
1552,0.10543730537157903
1553,0.07164592606140185
1554,0.030188340758463106
1555,0.44172110239046447
1556,0.4208848966322273
1557,0.16136377211409758
1558,-0.13946250243580427
1559,0.31793851156790515
1560,0.2741077027014789
1561,0.0644631953184358
1562,0.07041033070421632
1563,-0.13729160648794048
1564,-0.3827516831823755
1565,0.4375629961930416
1566,0.19535886916130207
1567,0.17363907728140915
1568,0.12481428167038655
1569,0.3010234850632456
1570,-0.4394862494395978
1571,0.2567775302336833
1572,0.007150247737698234
1573,0.02145262156322081
1574,-0.1110037029913915
1575,-0.12831419640267916
1576,-0.03486552066683102
1577,0.3749013984159151
1578,-0.06252715461799063
1579,0.12683728737463384
1580,-0.12957369146305175
1581,0.05898314090585788
1582,0.20090750508969735
1583,0.35989595403776076
1584,0.4916761864955268
1585,-0.2013544052844375
1586,0.3745433353896699
1587,0.05673794476460714
1588,-0.5242011309987932
1589,-0.1369796491327736
1590,0.03588540007279872
1591,0.011092998010235777
1592,0.3062129464411372
1593,0.05600941745772958
1594,-0.21660160696851938
1595,0.07214300704981691
1596,0.41259644173125076
1597,-0.08360892045726687
1598,0.10433515893235012
1599,0.2059875053276201
1600,0.04329347754043933
1601,0.24953401453139373
1602,-0.15809193191841608
1603,0.24361898595978604
1604,0.264235041249897
1605,-0.02710179767301335
1606,0.2181780714943909
1607,0.31843129513376045
1608,-0.10126515898125354
1609,0.04329347754043933
1610,0.08108677502677619
1611,-0.3733867675327641
1612,-0.41762017548033403
1613,0.1456945449640522
1614,0.12010065843964568
1615,0.334437633100807
1616,0.3495315686850121
1617,0.10029831083572127
1618,0.1129860231642612
1619,0.0013689440423204635
1620,-0.13794330582081316
1621,0.2044268106830504
1622,-0.13444411132338185
1623,0.06444925933118295
1624,-0.3351455167435301
1625,-0.3126772537045367
1626,-0.2678473831947302
1627,0.11408191661669609
1628,-0.23919925341135195
1629,0.19535886916130207
1630,0.11229534645313732
1631,0.14412529324383316
1632,0.3426378256067056
1633,0.024518322649839885
1634,-0.021130996775809208
1635,-0.17859350897266058
1636,-0.10632725121866937
1637,-0.41402679360236017
1638,0.15267895536712295
1639,0.34908019745957664
1640,0.13195989611593484
1641,-0.24854216281106767
1642,0.3190109939536434
1643,0.11408191661669609
1644,0.5429850622158554
1645,0.10302925507762795
1646,-0.0771323316626431
1647,0.43316725126265376
1648,0.07214300704981691
1649,-0.06767989169311861
1650,0.16034149292820649
1651,-0.08487438687816351
1652,-0.48146384370073714
1653,0.008369599999584643
1654,-0.035067164576196075
1655,-0.02769861676789842
1656,-0.30491824924169475
1657,-0.02710179767301335
1658,0.11229534645313732
1659,0.18588993914973073
1660,0.11655217552599817
1661,0.27462879168313925
1662,-0.2990992287787658
1663,0.18877578278958218
1664,-0.03943108914939719
1665,0.23885099971600776
1666,-0.045570380102294195
1667,-0.0804199595134849
1668,-0.10632725121866937
1669,-0.19041762513276284
1670,0.15203729470114147
1671,-0.5188234815729534
1672,-0.4732594640030442
1673,0.16282210271863773
1674,0.2488288436779405
1675,-0.5365101991651865
1676,0.04052239605134833
1677,0.23661755551484948
1678,-0.21131410493939484
1679,-0.21340936249251985
1680,0.3428186784083508
1681,0.08238042479953411
1682,0.6122359437350395
1683,0.20401921341154994
1684,0.005223057693857447
1685,0.1525813034664475
1686,-0.5676792290619282
1687,0.15267895536712295
1688,0.07164592606140185
1689,-0.018004019866053267
1690,-0.04883362590458851
1691,0.19352511869716255
1692,0.005839358821228102
1693,0.40718075160163203
1694,-0.3653404925135152
1695,0.30919812014565023
1696,0.1574183384628558
1697,-0.3606071021918599
1698,-0.13794330582081316
1699,-0.045570380102294195
1700,-0.026564984481474485
1701,0.180230560019484
1702,-0.035571825750730146
1703,-0.5323593423924603
1704,-0.07858277790381263
1705,-0.07012173930746679
1706,0.3789452273640251
1707,-0.06128772298904206
1708,-0.4598707892761106
1709,-0.19848543086563852
1710,0.012810718063258508
1711,0.10042872553344306
1712,0.23157546157108178
1713,0.32297842010635386
1714,-0.1596441837452055
1715,0.21341359993279319
1716,-0.15152597612161667
1717,0.12526032410853472
1718,0.22042859205125137
1719,0.2059875053276201
1720,-0.014050515561810029
1721,-0.7690853228151046
1722,0.06745352288864681
1723,0.03648370057267891
1724,-0.3803855488977025
1725,0.4208417023343568
1726,-0.4673281470658307
1727,-0.43689954582840207
1728,0.33439670328908017
1729,-0.012041199597979224
1730,-0.030200034030425926
1731,-0.08065885115771154
1732,0.5282869462823405
1733,0.31197909761761944
1734,0.2511571273846397
1735,0.36444763044886946
1736,0.2393347676065568
1737,-0.09996837666709579
1738,0.027244523599750714
1739,-0.09847891183232416
1740,0.14734895268996373
1741,0.07041033070421632
1742,0.11141675766089465
1743,-0.5100015218453612
1744,0.25367751171421554
1745,-0.10126515898125354
1746,0.3380475771241111
1747,0.0572934921067173
1748,0.04098117307759541
1749,0.17611565354957948
1750,0.32297842010635386
1751,0.3675873004017077
1752,-0.17392766047447838
1753,0.10564175003439191
1754,0.19430336412981153
1755,0.11229534645313732
1756,-0.22065734390380787
1757,0.09358026341741554
1758,0.0027678212896432575
1759,0.06780589255259561
1760,-0.5382955599209395
1761,0.07048686676968907
1762,-0.09262778168285446
1763,-0.8152186252251198
1764,-0.14371548984516203
1765,0.03648370057267891
1766,0.2945872475621322
1767,0.45983027122438647
1768,-0.1293016325066373
1769,-0.2681042620793549
1770,0.08300077597319888
1771,0.2669143036147378
1772,0.2717089919815774
1773,-0.13787072277763446
1774,0.44621814479933686
1775,0.12218898798600908
1776,-0.11957005329784953
1777,0.09624283728113758
1778,-0.19563401381893264
1779,-0.15462439008070328
1780,-0.18365097483444504
1781,0.03467316713356783
1782,0.10819251569817456
1783,0.0535955165157711
1784,-0.08877806460718562
1785,0.08692839337600733
1786,-0.13561450862744318
1787,-0.022292789432411086
1788,-0.035103057777426394
1789,0.4195728165633802
1790,0.1794069991553141
1791,-0.5427321509085449
1792,0.2212652544601979
1793,-0.06974636217011243
1794,-0.2474469705087482
1795,0.0787363839696732
1796,-0.017453308884841312
1797,0.07580594961059761
1798,0.3352286780041985
1799,0.4391440637376186
1800,0.09462067912141603
1801,-0.20199968487033038
1802,-0.009068333614223878
1803,0.14351532652512544
1804,0.0535955165157711
1805,-0.012088793773214035
1806,0.3083221393088959
1807,0.37376235645816813
1808,-0.2270760112917326
1809,-0.2703181912354983
1810,0.14462237555628477
1811,-0.11743061346923567
1812,0.14351532652512544
1813,-0.8552460741588964
1814,0.3957893585247011
1815,0.0787363839696732
1816,0.3779362121655829
1817,0.43473661226475385
1818,0.22555129720147066
1819,0.41425797116326113
1820,0.36256967582846933
1821,-0.018004019866053267
1822,0.11408191661669609
1823,-0.3255732142698239
1824,-0.2523150288249091
1825,0.10315013045459143
1826,0.045005405425541656
1827,0.1741443778345647
1828,-0.08888823223722997
1829,-0.007562630822259719
1830,-0.0638066898351689
1831,0.42086796248743474
1832,-0.13444411132338185
1833,0.02323353178052645
1834,0.019074808916167862
1835,-0.21492462225986875
1836,0.2976377078192153
1837,0.07484114172879153
1838,0.17180272118825624
1839,0.2223642213668734
1840,0.12683728737463384
1841,0.24790677280536727
1842,-0.08618076474068681
1843,0.23017886528830145
1844,0.3403334166532572
1845,0.2345621184729984
1846,-0.02710179767301335
1847,-0.20142641416116625
1848,-0.03943108914939719
1849,0.16457198318534927
1850,-0.11743061346923567
1851,-0.040707225323610374
1852,-0.04883362590458851
1853,-0.33642902679542075
1854,0.19176268811365293
1855,0.11251503146083552
1856,0.4997488065708561
1857,0.11045089037030653
1858,0.13778138953040064
1859,0.3749013984159151
1860,0.05545949440511866
1861,0.02734113057266485
1862,0.09306577170035701
1863,0.000814845889643645
1864,-0.07909452075963375
1865,0.18490724081101584
1866,-0.1733932292505419
1867,0.24220418519962017
1868,-0.014088279067135723
1869,-0.7954845348552876
1870,0.4869093774752743
1871,0.24928569073945667
1872,0.3386934739352287
1873,-0.026564984481474485
1874,-0.25698683773422915
1875,0.019074808916167862
1876,0.08615002249911397
1877,0.13858296083204946
1878,-0.10341920939178639
1879,0.3144930948235359
1880,0.4663189126309317
1881,-0.5546730663266729
1882,-0.08888823223722997
1883,-0.23684634616250755
1884,-0.47650221387663383
1885,-0.18227958262177324
1886,-0.1430576496549244
1887,0.40620704276936326
1888,0.2704731678425065
1889,-0.15235902986483196
1890,0.10315013045459143
1891,-0.035103057777426394
1892,0.024518322649839885
1893,-0.20744184355867512
1894,-0.13568291578907932
1895,-0.23087670879045274
1896,0.39013362959635767
1897,0.3465397395182561
1898,0.2940214144534661
1899,-0.07012173930746679
1900,-0.2539527205512836
1901,-0.2888533228821272
1902,0.2696567848670216
1903,0.03644770586430668
1904,-0.2958293214615655
1905,0.3167439767126897
1906,-0.27158439111864785
1907,0.31843129513376045
1908,0.2680951984967156
1909,0.4325115196260829
1910,0.024518322649839885
1911,0.13879000589071133
1912,0.039811205979506714
1913,-0.013221091562473641
1914,0.024518322649839885
1915,0.2345621184729984
1916,0.06563898498572895
1917,-0.16427442520654245
1918,-0.5865215926916875
1919,0.3321959148212099
1920,0.25291523105586006
1921,-0.7775041955968934
1922,0.024518322649839885
1923,0.17511706463094273
1924,-0.25161243838738645
1925,-0.12291633825463621
1926,0.006969743602378786
1927,-0.2321602099719553
1928,0.3211627372595895
1929,-0.018100637967702893
1930,-0.35438116970920286
1931,0.023292189371977967
1932,0.029118594279119114
1933,-0.08339216175381836
1934,0.035325308217370566
1935,0.3540770012354666
1936,0.0787363839696732
1937,-0.09396959956866169
1938,0.11045089037030653
1939,0.3321959148212099
1940,0.30236848368811403
1941,0.1482044474447035
1942,-0.181601442865167
1943,0.01903819474366064
1944,0.10210548210562986
1945,0.18815140042727507
1946,0.08349071502933936
1947,0.37637046676118097
1948,0.09306577170035701
1949,0.46241586278037733
1950,0.2059875053276201
1951,-0.19213902661138005
1952,0.07989432473525815
1953,0.12327084655592102
1954,-0.3700524154226471
1955,0.07041033070421632
1956,-0.13225076700941463
1957,0.4628677254346335
1958,-0.2523150288249091
1959,0.03304935967536715
1960,0.2059875053276201
1961,-0.1180728626577181
1962,0.015231630170734811
1963,-0.04211566099253716
1964,0.08402412376332091
1965,-0.3418360367800708
1966,-0.27782147016582937
1967,0.39013362959635767
1968,0.16282210271863773
1969,0.16282210271863773
1970,0.24361898595978604
1971,0.0856304945973293
1972,-0.08065885115771154
1973,-0.2069931849003559
1974,0.0856304945973293
1975,0.002685326244474817
1976,0.4375629961930416
1977,0.364080864626548
1978,0.3036041302548791
1979,-0.5297612798076042
1980,0.06745352288864681
1981,0.029760883019209206
1982,0.3403334166532572
1983,-0.13946250243580427
1984,-0.17495061485973573
1985,-0.22922905437478114
1986,0.3010234850632456
1987,-0.04883362590458851
1988,0.2564967565456988
1989,0.11408191661669609
1990,-0.28676159958445135
1991,-0.016671466881129526
1992,-0.10632725121866937
1993,-0.23432093452236147
1994,-0.0733988918017131
1995,-1.0316785175406147
1996,-0.2220099525281839
1997,-0.04747604094001534
1998,0.2633854935192326
1999,0.31793851156790515
2000,0.40847312078971876
2001,0.2853780442673028
2002,0.07164592606140185
2003,-0.4394862494395978
2004,-0.036373694667570566
2005,0.35063687217972966
2006,0.10029831083572127
2007,0.3749396372605304
2008,0.05623129712189101
2009,0.11408191661669609
2010,0.2822591727218586
2011,-0.4732594640030442
2012,-0.001237847975232964
2013,0.055049949781033614
2014,0.4628677254346335
2015,0.36975158866205526
2016,-0.7383161678167104
2017,0.06550700008849841
2018,-0.2321602099719553
2019,0.2018638964811726
2020,0.33155649465658343
2021,-0.22554163487432766
2022,-0.10821113106189273
2023,0.08287140163085183
2024,0.31865407231752624
2025,0.22382448372044383
2026,-0.10274339073329164
2027,0.3807682240364715
2028,-0.13946250243580427
2029,-0.2958293214615655
2030,0.05673794476460714
2031,-0.6869065150492445
2032,0.06664124872633903
2033,-0.07397935004396128
2034,-0.1881689463215641
2035,0.5292489519535144
2036,0.39506431645087875
2037,0.3299529803442202
2038,0.3800634672769588
2039,0.24928569073945667
2040,-0.2740315799932763
2041,0.4400424417030379
2042,-0.05246389766512338
2043,-0.13946250243580427
2044,0.2024454578520437
2045,0.4299616851515926
2046,-0.06433413486254047
2047,0.08224175210576146
2048,0.09790336864875104
2049,0.09103177195414991
2050,0.15119759485077477
2051,0.13470720348967702
2052,0.10029831083572127
2053,0.3779666195772
2054,0.2623244002533003
2055,-0.016671466881129526
2056,-0.08807633246646474
2057,0.4375629961930416
2058,0.4797556359922439
2059,0.0644631953184358
2060,0.34796552650682444
2061,-0.30957590148086267
2062,-0.21630973222314365
2063,-0.9565624443797721
2064,-0.2977033927580516
2065,0.1794069991553141
2066,-0.2716635364939407
2067,0.12481428167038655
2068,0.15267895536712295
2069,0.40718075160163203
2070,-0.2540479732171418
2071,-0.17392766047447838
2072,-0.03450677933140511
2073,-0.043840785665212545
2074,0.308681836374019
2075,0.056770375684546015
2076,-0.25236002699815596
2077,-0.5382955599209395
2078,0.17356191861455394
2079,-0.19409837221063786
2080,-0.25236002699815596
2081,0.3585324773559302
2082,-0.46158201671881594
2083,0.16618401804832506
2084,0.25258347072879594
2085,-1.1252826991821676
2086,0.44621814479933686
2087,-0.07779468914287868
2088,-0.6189214102035262
2089,-0.007562630822259719
2090,0.1798409759568762
2091,0.17511706463094273
2092,-0.45735835882155695
2093,0.39083155797991076
2094,0.26618965609531803
2095,0.46946084361349477
2096,0.05623129712189101
2097,-0.10832296799657204
2098,0.3200720677864325
2099,0.4235004014699381
2100,0.07458269578983323
2101,0.026678430768966033
2102,0.1155423317485409
2103,0.373067971953788
2104,0.13783199403729807
2105,-0.25185986724977805
2106,0.3455532992449672
2107,0.31843129513376045
2108,-0.5101434013588156
2109,0.4446889062667035
2110,-0.1596441837452055
2111,-0.11593581572729106
2112,0.10051272468964145
2113,-0.030262147995490762
2114,-0.02710179767301335
2115,-0.22131170169817382
2116,0.42868248590522434
2117,-0.09638788005695276
2118,0.32874116970582806
2119,0.17356191861455394
2120,-0.03943108914939719
2121,0.19773292744880883
2122,-0.19563401381893264
2123,0.2623244002533003
2124,0.056770375684546015
2125,0.38221707110544506
2126,-0.7171488218530856
2127,-0.07847250010283724
2128,0.20951147654410407
2129,0.43220308558231046
2130,0.150633739958701
2131,0.08692839337600733
2132,0.10433515893235012
2133,0.2924115099438324
2134,0.22382448372044383
2135,0.485397575554564
2136,0.15004425859691584
2137,-0.3710539711720492
2138,0.09624283728113758
2139,-0.016671466881129526
2140,0.012903181729641444
2141,0.3408096765628207
2142,0.22636801397608486
2143,0.10259294981001488
2144,0.08676735291271809
2145,0.39331810627236596
2146,0.4663189126309317
2147,0.12805255214759625
2148,-0.3255732142698239
2149,-0.6221461647700591
2150,-0.1424411863670748
2151,0.48383519664197083
2152,0.12837289113808348
2153,0.15885640024687597
2154,0.40598651773301403
2155,0.1347633532043656
2156,-0.23249320993924238
2157,0.22347784506599128
2158,-0.26585066349592934
2159,0.10569470791582358
2160,-0.103072855636552
2161,-0.44129084900258164
2162,-0.20483304128433
2163,-0.103072855636552
2164,0.012869057325364808
