,pve
0,0.24339241654954857
1,0.12592868754457254
2,-0.3105461373456174
3,-0.03413025013140236
4,-0.037010251201881283
5,0.10130378568854259
6,0.14214982823604727
7,0.0813810519583763
8,-0.07739276437509013
9,0.006508171559958198
10,0.32343599790330035
11,-0.06143955504219922
12,0.13162415453511966
13,-0.08759920451207837
14,0.3733263275699954
15,-0.09772398454157005
16,0.041726595840400504
17,-0.31918491104184044
18,0.43024322076624594
19,0.0640522242003182
20,-0.04245154350055724
21,0.20439885849892547
22,-0.07643861159875631
23,0.010103451228375304
24,-0.03699288449449589
25,-0.15710838180973086
26,-0.1494575748682132
27,0.34018577977328684
28,-0.4127419029789534
29,0.0782004164368102
30,0.02955517311974265
31,0.4000127231994596
32,0.21124415456220247
33,0.12592868754457254
34,-0.1881336175619206
35,0.21954963860205845
36,-0.10349080748280137
37,0.240858065842876
38,-0.025993918795427895
39,0.185437398138803
40,-0.08759920451207837
41,-0.15044187296933598
42,0.164867275478004
43,-0.2495355012592274
44,-0.2422239446780725
45,-0.17109266571837856
46,0.03241184689122778
47,0.13069667378835081
48,0.1104649421618007
49,0.34018577977328684
50,-0.11554618521852689
51,0.10599864164872108
52,0.36553827839157466
53,-0.2307041124748498
54,-0.2502139186593757
55,0.00760406501239308
56,-0.011803424858419564
57,0.13402461384533104
58,0.04620110376281994
59,0.03853698482657364
60,-0.1395543378189119
61,0.27690315539747845
62,0.2677410162374546
63,0.13162415453511966
64,0.14623554699912544
65,0.39091354583035187
66,0.3157601737337891
67,-0.19951192743224966
68,0.1128814714275953
69,-0.06233619882535324
70,-0.08518855619297871
71,0.18338146810780082
72,-0.16870099030161056
73,-0.3256385922713725
74,-0.04546878928278841
75,-0.2831796370907024
76,0.09906610716741282
77,-0.20169850933039124
78,0.15074046559641197
79,0.08557263852809571
80,0.28877298721913935
81,-1.3006568039487516
82,0.4949548406931056
83,0.01126123396923262
84,-0.06505258473539965
85,0.0953387161537963
86,0.20725678033338157
87,0.20550898296232523
88,0.185437398138803
89,0.14746861714501514
90,0.2878254454555767
91,0.2434220279004009
92,0.12065534980827741
93,0.19712627865057608
94,-0.14098463093570812
95,-0.20801990936929438
96,-0.5557127853234671
97,0.12304405449187894
98,0.48149191631695587
99,0.18338146810780082
100,0.006508171559958198
101,0.18927743164760924
102,-0.02608398425895464
103,0.33543255130807403
104,0.2877287189111604
105,0.02955517311974265
106,0.2265076339983335
107,0.045165040322485805
108,0.05532429832282615
109,0.018336430066083542
110,0.12421621861286847
111,0.047509766278740595
112,0.18091006380091346
113,0.3318741969159923
114,0.1841039490664279
115,-0.43275769462280145
116,0.39665718651119225
117,0.08952314568060848
118,-0.1772564470339757
119,0.17543725286224787
120,0.13636337856802144
121,-0.06263687210644464
122,0.2520546257516272
123,-0.12618619251629637
124,-0.06233619882535324
125,-0.006976141680441583
126,0.08170043855932779
127,0.35967293365773556
128,0.3538378521668124
129,0.1450062100837215
130,-0.5482575286638226
131,-0.8615456295185663
132,0.034426640518528506
133,0.08952314568060848
134,-0.16143948458255442
135,0.28720910507940417
136,0.1505757624600238
137,-0.08085392527943114
138,-0.11155336812911476
139,0.059706166444022046
140,-0.6585277196277438
141,-0.10437844694197651
142,-0.12048494299369494
143,0.47298854219785735
144,-0.06233619882535324
145,0.22174117720145314
146,0.05326441854277286
147,-0.06141522267632182
148,0.2643445073741808
149,-0.07875003485463938
150,0.05599558397536131
151,-0.06143955504219922
152,-0.37232851510023235
153,-0.11159060136774324
154,-0.36555534356480524
155,-0.024097426804768896
156,0.11238746833350344
157,0.2047381171148086
158,0.045762399790703845
159,0.05433082274412038
160,0.11088706989262631
161,0.13162415453511966
162,0.17245573209586756
163,0.09555487983589028
164,0.06691866378544098
165,-0.20756318283695518
166,0.034426640518528506
167,0.30367658881286325
168,0.39090528398375035
169,-0.2891674088594822
170,-0.07647460630712855
171,0.018336430066083542
172,-0.3730960512623728
173,0.03241184689122778
174,0.2186341824851482
175,-0.16315200005116437
176,-0.26928412679832503
177,0.24985038180663388
178,0.11218000036009623
179,-0.17473510607900533
180,0.30665050439194497
181,-0.02889818840811431
182,0.03589848041303223
183,0.14643737945155705
184,0.6029625308168365
185,0.02439640287478706
186,0.25753519387736046
187,-0.1364164676309344
188,-0.5295098451032222
189,0.4269064351169401
190,0.0007324470950941242
191,0.13685612170701378
192,-0.5866259330221196
193,-0.2502139186593757
194,-0.18372142454886697
195,0.09834349035388268
196,0.2384528459503833
197,0.21005610793491863
198,0.24622326720338478
199,0.1841039490664279
200,-0.033027987436177075
201,0.41303476598484146
202,-0.38319079076587703
203,-0.8348724450460393
204,0.5162824842178864
205,0.047509766278740595
206,-0.033027987436177075
207,-0.2304329052135926
208,0.23385556504895422
209,0.025694611856601712
210,0.28120800594776396
211,0.11725655311686622
212,0.1220940178114941
213,-0.4511933556111676
214,-0.03833961638160199
215,0.4601653357524234
216,0.08282557780049027
217,0.05634425111433472
218,-0.021847120880476467
219,-0.10132148745618108
220,-0.037010251201881283
221,0.12421621861286847
222,-0.04590319553593891
223,-0.05464857237800402
224,-0.20780933890729392
225,0.10474515951046842
226,-0.33508313896349695
227,0.21124415456220247
228,-0.17152694032554427
229,-0.38728457754664114
230,-0.08945158172571832
231,-0.08599869119402803
232,-0.2003986316590709
233,-0.29849756864496424
234,0.36488488313275524
235,0.01915259375388323
236,0.21221207333587905
237,-0.3364300749635879
238,0.10380437800662934
239,0.025694611856601712
240,0.26725370050917435
241,-0.334389392641691
242,-0.01667947489029764
243,-0.29799349069864456
244,-0.013899154756988774
245,-0.010460099979363258
246,0.07810392656018972
247,0.43691257662087135
248,-0.31022144168611787
249,0.045762399790703845
250,-0.49215124661374887
251,-0.31826757019758567
252,0.15673447269558638
253,-0.13781366254610794
254,0.2973079214053898
255,0.08243655698986685
256,0.04011417021921104
257,-0.004372369498673145
258,0.08256434101001131
259,0.37343483375886966
260,-0.04967302933754236
261,0.2186341824851482
262,0.09538604487686958
263,0.22147439111764494
264,-0.3539070761085169
265,-0.09384750325526736
266,0.2721834875512029
267,-0.1450291775368353
268,0.0065383195428284635
269,0.13069667378835081
270,0.08256434101001131
271,-0.4309757945274123
272,0.05912605256268222
273,0.18754356284916307
274,-0.2303529256406709
275,0.11238746833350344
276,0.19464138744216997
277,-0.17586209475136172
278,-0.07211722561191536
279,0.500944215181591
280,-0.005441708866940842
281,0.09962748572015412
282,0.09906610716741282
283,0.19082213703970907
284,0.13737200245602565
285,0.10944190919543817
286,0.08450141962768887
287,0.18927743164760924
288,0.11302545617696302
289,-0.12959377905256475
290,-0.003935662860075628
291,-0.0007831436884794263
292,0.0729291475510111
293,0.0705745811142271
294,-0.2502139186593757
295,0.028807558461169003
296,-0.08759920451207837
297,-0.04664232111882516
298,0.20550898296232523
299,0.19837307512981728
300,-0.1772564470339757
301,0.08170043855932779
302,0.43477126562582197
303,0.4132472111451315
304,-0.07643861159875631
305,0.3354996540177887
306,0.2651463642054125
307,0.22113677017256816
308,0.24697364186632553
309,-0.19631447392525359
310,0.0705745811142271
311,-0.04152821739027279
312,0.25753519387736046
313,0.17880797860894926
314,-0.17751002629268509
315,-0.09384750325526736
316,0.33329583262790163
317,0.0066785425356429284
318,0.10353271037119649
319,0.30101884185889716
320,0.24081877834443716
321,0.21714245273667365
322,0.0705745811142271
323,0.08256434101001131
324,-0.20756318283695518
325,0.01513023997616103
326,-0.18985234840278697
327,0.22197710421751182
328,0.20550898296232523
329,-0.04594821240329472
330,0.03241184689122778
331,0.1328631357569422
332,0.11302545617696302
333,-0.0045689198805271
334,-0.034303026165679484
335,-0.12553298317223383
336,0.4507269119763576
337,0.32181430009331863
338,-0.008094041107735817
339,-0.05507994323764864
340,0.08125781091863682
341,-0.05932679565566412
342,0.3089103917332279
343,0.19372137647411747
344,0.12720785033747872
345,0.03241184689122778
346,0.28556719543366627
347,0.24352905810279768
348,0.193290634269702
349,0.17543725286224787
350,0.05634425111433472
351,-0.006976141680441583
352,0.24081877834443716
353,-0.024097426804768896
354,-0.06408424587702577
355,-0.2738733710725537
356,0.11045510930976687
357,0.14940208808186506
358,0.3016389849102545
359,0.1090475390581937
360,0.04011417021921104
361,0.15439426093100372
362,0.27797299851441387
363,0.43926442578039804
364,-0.7837584209635753
365,-0.21879752120921336
366,-0.037010251201881283
367,-0.22939418985893922
368,-0.04594821240329472
369,0.20550898296232523
370,-0.18050250910200683
371,-0.46942731617515554
372,-0.07739276437509013
373,-0.18367485124809568
374,-0.04967302933754236
375,-0.20872068997243287
376,0.31716927307151566
377,-0.14787490997121067
378,0.0061538303685267914
379,0.14497263615887224
380,0.30665050439194497
381,0.3032910209211366
382,0.12304405449187894
383,0.045165040322485805
384,-0.6785967333130848
385,0.044218917749123676
386,0.35745951520859326
387,0.20063228155940627
388,0.4796392746361707
389,0.10474515951046842
390,-0.2875363923435367
391,0.01915259375388323
392,0.11395074044694836
393,0.2106972772865644
394,0.37519795069850986
395,0.2301465370470429
396,0.19893871487381565
397,-0.08936167931414851
398,-0.2079417086836165
399,0.09125507584450582
400,0.029517912901422694
401,-0.1614776914875775
402,0.014034516778177242
403,0.10380437800662934
404,-1.8363697216744113
405,0.0033543416853442087
406,-0.008094041107735817
407,0.07814292333323003
408,0.2279785824645214
409,0.10944190919543817
410,0.4251426993454005
411,-0.2943347110223453
412,-0.05437184993795652
413,-0.14679290340998785
414,-0.127060689890781
415,0.030509100162284253
416,0.020821029615110787
417,0.005929906139371832
418,-0.0773592573251839
419,-0.003979530797429853
420,-0.12959377905256475
421,0.12400167811493701
422,-0.31510753709562156
423,-0.1996108774552965
424,-0.10708295335020712
425,-0.17028454143947191
426,-0.2303529256406709
427,-0.04967302933754236
428,-0.3104838469831568
429,-0.12501110594464926
430,-0.0660929708538256
431,0.4507269119763576
432,0.222347524186724
433,-0.06141522267632182
434,-0.35429937199686434
435,-0.2447829086182376
436,-0.021836857753133043
437,0.12400167811493701
438,0.058719501761862025
439,0.32891588521331183
440,-0.011942185876844369
441,-0.04251198146721891
442,0.36632156451343095
443,-0.262258618358432
444,0.0061538303685267914
445,-0.2079417086836165
446,0.20800604779063553
447,-0.005748476189926466
448,-0.28409241134715213
449,0.1738628027080984
450,0.0813810519583763
451,0.3246406840216064
452,-0.2148305669872259
453,0.10265529432157372
454,0.1484378229724792
455,0.08125781091863682
456,0.2892311888232173
457,-0.31039761527441945
458,0.055040236093088835
459,0.2301465370470429
460,0.11218000036009623
461,-0.22314985634321483
462,0.2901546418318573
463,-0.10708295335020712
464,-0.04521958498250522
465,0.019086328288496546
466,0.0073170704327845115
467,-0.03546131459857693
468,0.025660648660614238
469,-0.007242389377880909
470,-0.03925151141857408
471,-0.1791731220133881
472,-0.01023625432332842
473,0.25753519387736046
474,0.04092410408177516
475,0.34733112734289223
476,0.06752146440738316
477,-0.005441708866940842
478,0.25381052707105367
479,-0.03064178128876449
480,-0.2688256049202322
481,0.021784891318241795
482,-0.09384750325526736
483,0.3668837232774389
484,0.3826113747733775
485,0.12875869501015713
486,0.3089103917332279
487,0.1919492996760166
488,0.11725655311686622
489,-0.21879752120921336
490,0.1544575414409569
491,-0.35968076915288594
492,0.18927743164760924
493,-0.01798300304123579
494,0.018336430066083542
495,0.2877287189111604
496,0.3862512080757663
497,0.24234404042224778
498,0.09156726307325269
499,0.03712194642548061
500,-0.11597744617904449
501,0.26725370050917435
502,-0.07647460630712855
503,0.05925604028632858
504,-0.12501110594464926
505,0.05326441854277286
506,0.04519354321329072
507,-0.7215300594935278
508,-0.003928022661498387
509,0.20326200018353668
510,0.181664935390697
511,0.18937508878120368
512,0.15289895953226018
513,-0.1603795218159022
514,0.24759914963116358
515,0.06691866378544098
516,0.20550898296232523
517,-0.1772564470339757
518,0.2298561441266393
519,0.01513023997616103
520,0.12872450359644316
521,0.045762399790703845
522,-0.11321633544568521
523,0.26014565978235277
524,0.185437398138803
525,0.172681455367241
526,-0.03833961638160199
527,-0.3967529505149777
528,0.11639365761097442
529,0.4621737550963501
530,-0.0007831436884794263
531,-0.14002410984444857
532,0.01092953979872291
533,-0.05493252466448062
534,-0.0758916040666453
535,0.2144454007387525
536,0.10530038104877282
537,0.18937508878120368
538,-0.1197419950404559
539,-0.07211722561191536
540,0.21714245273667365
541,0.04640136276847184
542,-0.6673588906142638
543,0.11495188689463098
544,0.371267552279447
545,0.0061538303685267914
546,-0.08507435941596975
547,0.0816267844916092
548,0.4165147190702877
549,0.06691866378544098
550,-0.019191738404179204
551,-0.009772181716843797
552,0.07814292333323003
553,-0.6262870869431159
554,0.24697364186632553
555,0.19346559777487682
556,0.08806898572961341
557,-0.620684662230503
558,-0.14098463093570812
559,0.13139458840724144
560,0.2514837848044582
561,-0.23454299143152424
562,-0.5212937148870516
563,0.22429812496751245
564,0.2520546257516272
565,-0.16179486814781063
566,0.0022431264836455522
567,0.08167354882297206
568,-0.6404849805115359
569,0.18642233624262738
570,0.2797645312091847
571,-0.5187819501298588
572,0.3105780892985029
573,0.1450062100837215
574,0.08748965078122728
575,0.09221672021046556
576,0.3065005159303227
577,-0.4682433998523756
578,0.21553487423495843
579,-0.0745512334360815
580,0.037276737038793306
581,-0.7154028433526544
582,-0.03085764427539417
583,0.05864304748078808
584,-0.08071583829003426
585,-0.03064178128876449
586,0.09479373613643549
587,0.047509766278740595
588,0.1220940178114941
589,-0.12618619251629637
590,0.010541568174769034
591,-0.10727160666658286
592,-0.20219066531300522
593,0.24352905810279768
594,-0.08759920451207837
595,-0.09437342282491135
596,0.037276737038793306
597,0.19238461018483333
598,0.0640522242003182
599,0.2100891774832172
600,0.1738628027080984
601,0.037276737038793306
602,-0.12821767020696084
603,-0.2500917775270992
604,-0.10263122302305461
605,0.09555487983589028
606,0.019086328288496546
607,-0.10437844694197651
608,-0.19489844636583575
609,0.3733263275699954
610,-0.20756318283695518
611,0.2250846392401019
612,0.39912039303408053
613,-0.013755947180508765
614,0.3320937516314937
615,-0.12367833404087814
616,0.30665050439194497
617,-0.338136453197326
618,0.055413152473205995
619,-0.28564744167791933
620,-0.10884887923587794
621,0.18937508878120368
622,0.18338146810780082
623,0.017947041620388626
624,0.12460124918858617
625,-0.27888685878352826
626,-0.15044187296933598
627,0.3657399313395233
628,0.14746861714501514
629,0.1297524652567994
630,-0.2148305669872259
631,0.10130378568854259
632,0.06826441995238286
633,0.07296780326369368
634,0.024315884378070085
635,-0.1504727564931475
636,-0.18939682903630128
637,-0.037010251201881283
638,-0.7414082663089452
639,0.045762399790703845
640,0.05907781560661912
641,-0.18372142454886697
642,0.04555944309683846
643,0.08555227871453597
644,0.04276807509017766
645,0.2602200539668644
646,-0.11597744617904449
647,0.059706166444022046
648,0.05510435096821675
649,-0.2271931799354756
650,-0.10185783777625623
651,0.3499454132631983
652,-0.03983645085017351
653,-0.01667947489029764
654,0.07810392656018972
655,0.33947568468046163
656,0.2631728671904552
657,0.29372541612716496
658,0.4253239721410602
659,-0.11155336812911476
660,-0.037010251201881283
661,0.19464138744216997
662,-0.008063288070431995
663,-0.07647460630712855
664,0.3157601737337891
665,-0.10081290775714702
666,0.13737200245602565
667,0.2593401845439725
668,-0.06663161136249163
669,0.15690764191492962
670,0.21294579265210373
671,0.4748433764408714
672,0.005641031004402386
673,0.27790924580847554
674,0.01513023997616103
675,-0.5221324555767464
676,0.2144145819094766
677,0.6490639217799323
678,-0.0343348445544861
679,0.06063960644311872
680,-0.31022144168611787
681,0.20063228155940627
682,-0.24030591664773082
683,0.28039579410093074
684,-0.1298154649225408
685,-0.49563802435459137
686,0.33273064037183275
687,0.14214982823604727
688,-0.05111099624030202
689,0.14311539386980465
690,0.21553487423495843
691,-0.1188954496720519
692,0.16170647951170403
693,-0.21418747115268877
694,0.11607987407690018
695,0.4154284768874096
696,-0.0694245534483876
697,-0.2749760775137531
698,-0.2502139186593757
699,0.13162415453511966
700,-0.0806403508946314
701,-0.1570813118676756
702,0.4252134348223254
703,-0.0837228996982301
704,-0.01667947489029764
705,-0.3452629843643158
706,-0.021895950653005647
707,0.2182601461467084
708,0.09555487983589028
709,0.005399621727649961
710,0.05326441854277286
711,0.12872450359644316
712,-0.11020642083624821
713,0.16523114037727438
714,-0.19150509007524785
715,0.3070397099456301
716,0.42792808854789455
717,0.04171276566848636
718,0.17068634987625458
719,0.06532486958395323
720,0.41303476598484146
721,0.35286231553231223
722,-0.05758118418404645
723,-0.1875538618540531
724,0.31716927307151566
725,0.1569501919761832
726,-0.14002410984444857
727,0.18811837235589646
728,0.338871384102933
729,0.3066681842526907
730,0.0729291475510111
731,-0.14002410984444857
732,0.23456402894869938
733,0.24622326720338478
734,-0.06660909719284469
735,0.03402258512894052
736,0.3265663284112186
737,0.012383967568508125
738,0.11094768711874281
739,0.05190383038148727
740,-0.05507994323764864
741,-0.08957133525741501
742,0.027793175207480147
743,-0.003935662860075628
744,-0.7291688330084627
745,-0.15849269227372942
746,0.4549936033405491
747,0.2301465370470429
748,0.020821029615110787
749,0.13737200245602565
750,-0.134971681499363
751,-0.12323437709537288
752,0.21536335567584441
753,0.03335670132142343
754,0.04924381429821423
755,0.04415588835439799
756,0.29589890401005037
757,0.2923193680875909
758,0.1281090190373847
759,0.04620110376281994
760,-0.27071913469789666
761,0.3301966959783633
762,0.07188836955814726
763,0.43691257662087135
764,-0.070657724691232
765,0.11395074044694836
766,0.11948611399081088
767,0.2125331423493404
768,0.19832249930783763
769,0.1746471798794358
770,-0.5045146591838517
771,-0.08085392527943114
772,0.19766445049415582
773,-0.14098463093570812
774,-0.01667947489029764
775,0.3842863740997928
776,0.07350978157359123
777,0.12403631735339993
778,0.1323979521137444
779,-0.10437844694197651
780,0.2643445073741808
781,-0.737614568572689
782,0.11635900294000046
783,-0.21411684681429077
784,-0.2586887660985333
785,0.1738628027080984
786,0.059706166444022046
787,0.09702302270585583
788,0.16092498312664671
789,0.34294051794465463
790,0.09343057670571087
791,0.038241813945474545
792,0.2962105392347689
793,0.1608676661481585
794,-0.03064178128876449
795,0.4147405977523182
796,-0.597751362460915
797,0.1549610657798649
798,0.31092165825440465
799,0.17611684702391267
800,0.14214982823604727
801,0.09343057670571087
802,-0.04443361675823121
803,-0.0291007011400084
804,0.11211946254196559
805,-0.21743680592937298
806,0.2250846392401019
807,0.07385368217861199
808,0.2301465370470429
809,-0.0460158875320853
810,-0.049707475919756994
811,0.23982049357221646
812,-0.03546131459857693
813,0.4070660216699308
814,0.22710543341665484
815,0.3778312461343815
816,0.03135414243299506
817,0.36553827839157466
818,0.1850118199141706
819,0.21130382399478254
820,-0.19150509007524785
821,0.17225309451808057
822,0.2537536951784819
823,0.13892150456319763
824,0.30757070555821464
825,0.08256434101001131
826,0.03712194642548061
827,0.1356565805423413
828,0.06063960644311872
829,0.27797299851441387
830,-0.40704355549066273
831,0.003973038766003523
832,0.03135414243299506
833,-0.27519453374617053
834,0.0065383195428284635
835,0.045762399790703845
836,0.14898284405797801
837,0.3066681842526907
838,-0.3628212079645394
839,-0.09388411742777458
840,0.05247981909307242
841,-0.006976141680441583
842,-0.5692750094630371
843,0.32659227316706607
844,0.419363195523918
845,0.04276807509017766
846,-0.006702925238797897
847,0.07522600943424007
848,0.14930224835074163
849,0.10944190919543817
850,-0.0745512334360815
851,-0.2502139186593757
852,-0.14120778352037777
853,-0.7801057031990201
854,0.23080803846994258
855,0.16060803011080083
856,0.2898147253712803
857,0.36632156451343095
858,0.09221672021046556
859,-0.04594821240329472
860,0.20326200018353668
861,-0.04802987683730542
862,-0.04202859227312006
863,0.193290634269702
864,-0.11969894316677665
865,0.1329121971593078
866,0.43179916670259705
867,0.02903402578934522
868,0.031942012090302674
869,0.06963780194527647
870,0.19464138744216997
871,0.2671307440680184
872,0.0061538303685267914
873,-0.09653923241788664
874,-0.05464857237800402
875,-0.2304329052135926
876,0.04834355129872947
877,0.18850415963679268
878,-0.3223616976388437
879,0.1608676661481585
880,-0.010460099979363258
881,-0.19150509007524785
882,0.2144145819094766
883,-0.16315200005116437
884,0.06063960644311872
885,0.2298561441266393
886,-0.14120778352037777
887,-0.15036237209825165
888,0.18937508878120368
889,0.27797299851441387
890,-0.08936167931414851
891,0.041726595840400504
892,0.18811837235589646
893,0.04620110376281994
894,0.045762399790703845
895,-0.025993918795427895
896,0.047509766278740595
897,0.14214982823604727
898,0.3613084814624066
899,0.09959221198305912
900,0.20439885849892547
901,0.12898393408935738
902,-0.08149219824265241
903,0.29176232038422834
904,0.24697364186632553
905,0.05510435096821675
906,0.12509760996677877
907,0.065167607921084
908,-0.019191738404179204
909,-0.07643861159875631
910,-0.19723368593277335
911,0.06863921302663972
912,0.22429812496751245
913,0.07941208754542772
914,0.24352905810279768
915,0.04011417021921104
916,0.22433881702347586
917,-0.3890221235029483
918,-0.08085392527943114
919,-0.021847120880476467
920,0.02189503953378047
921,0.23615997400240257
922,-0.506350554661677
923,-0.4326700306929081
924,-0.08945158172571832
925,0.19292051605501348
926,0.065167607921084
927,0.10530038104877282
928,0.1328631357569422
929,0.0065383195428284635
930,0.4648821075248592
931,0.10375936477096426
932,-0.12467727489525171
933,-0.04245154350055724
934,0.15992241619554431
935,0.0017989088612232473
936,-0.0745512334360815
937,0.34181829471199826
938,0.1297524652567994
939,0.17420104667861042
940,-0.010460099979363258
941,0.1070028885398806
942,-0.017438673327865417
943,0.1484378229724792
944,-0.29793367296998696
945,-1.3401684001852328
946,0.20063228155940627
947,0.37385801701422444
948,0.27899527770030497
949,0.1783274607981487
950,0.11699999346168827
951,0.1738628027080984
952,-0.18939682903630128
953,0.3697597125173133
954,0.20651781594977042
955,-0.2501755984513485
956,0.3335645900987349
957,-0.1780798517892208
958,0.16170647951170403
959,0.510506777076619
960,0.06826441995238286
961,0.14566393470107342
962,0.493083267082989
963,-0.012624001335713952
964,0.19191165850728636
965,0.48585409520644085
966,-0.06781454251130181
967,0.03853698482657364
968,0.16482415164181097
969,-0.059766426910418335
970,0.12003219204115617
971,0.23562162848566648
972,0.16870529226633157
973,-0.14002410984444857
974,0.2901546418318573
975,0.19539982713746068
976,0.1738628027080984
977,0.13966115855736072
978,-0.288617773023893
979,0.047974641511786875
980,0.12928187302818495
981,0.157757189645594
982,0.006508171559958198
983,-0.145074753374953
984,-0.3967529505149777
985,-0.038172481053425855
986,-0.10878747200445016
987,0.08256434101001131
988,-0.04443361675823121
989,0.0640522242003182
990,0.2301465370470429
991,0.26882910043698216
992,0.2250846392401019
993,0.1769321830527889
994,-0.025993918795427895
995,-0.6271973609091422
996,-0.7072297632950364
997,0.46418246049377115
998,0.20439885849892547
999,0.08282557780049027
1000,-0.0458147854852714
1001,-0.04967302933754236
1002,0.3733263275699954
1003,0.3176735258688641
1004,0.23982049357221646
1005,-0.4010120317976502
1006,0.31800973989671455
1007,0.34595940155395966
1008,0.4883274259398943
1009,0.045165040322485805
1010,-0.16613341190084074
1011,-0.29071911864969746
1012,0.28460249207676125
1013,-0.04967302933754236
1014,-0.34639266907711797
1015,0.16060803011080083
1016,-0.06663161136249163
1017,0.2315953522664559
1018,-0.1504727564931475
1019,-0.006976141680441583
1020,0.39488929645867715
1021,-0.10944450570552522
1022,0.1328631357569422
1023,-0.1772564470339757
1024,0.2892024750151988
1025,0.09125507584450582
1026,0.21536335567584441
1027,-0.006976141680441583
1028,0.2250846392401019
1029,0.0705745811142271
1030,-0.03699288449449589
1031,0.13069667378835081
1032,-0.21418747115268877
1033,-0.14649463422819897
1034,-0.18728674365548736
1035,-0.4200186758653841
1036,0.04620110376281994
1037,-0.09388411742777458
1038,-0.3470900104811243
1039,0.28450974741482904
1040,0.14497263615887224
1041,0.10474515951046842
1042,0.006508171559958198
1043,-0.005441708866940842
1044,-0.4370415607404655
1045,0.08395327263132701
1046,0.3878970693392396
1047,-0.024015371810347963
1048,0.19346559777487682
1049,0.24697364186632553
1050,-0.19631447392525359
1051,0.0813810519583763
1052,0.03537592853258542
1053,0.045762399790703845
1054,0.16760612769812722
1055,0.20399461009535919
1056,0.3632608010659736
1057,-0.027485670859961897
1058,0.0826509471640241
1059,0.021784891318241795
1060,0.1605451304714074
1061,-0.4084752653073409
1062,-0.02608398425895464
1063,0.2541718603004188
1064,0.07842938920671283
1065,0.39091354583035187
1066,0.00760406501239308
1067,-0.009236376108339606
1068,0.09442965348539434
1069,-0.12693023037512363
1070,0.0007324470950941242
1071,0.0033543416853442087
1072,0.09953086761850449
1073,-0.09384750325526736
1074,0.42707606629605155
1075,0.2384528459503833
1076,-0.03711636256083761
1077,0.1025593079494026
1078,-0.010460099979363258
1079,0.18642233624262738
1080,0.5180548841039292
1081,-0.2502139186593757
1082,0.19049008632916065
1083,-0.07643861159875631
1084,0.33329583262790163
1085,-0.5001119912314139
1086,-0.006976141680441583
1087,0.32329482894691297
1088,0.5970501281141152
1089,-0.12331262636846807
1090,0.24981221009231713
1091,0.2250846392401019
1092,0.05634425111433472
1093,-0.1772564470339757
1094,-0.3470900104811243
1095,0.06076504298028784
1096,0.4225374937012112
1097,0.08852962923222873
1098,0.17880797860894926
1099,0.04157655013272543
1100,0.05634425111433472
1101,0.11243708766956317
1102,-0.7208451089268431
1103,-0.3628212079645394
1104,0.2275504565923372
1105,0.1974221469840955
1106,-0.33643873911932665
1107,0.2182601461467084
1108,0.19539982713746068
1109,0.13679554944414252
1110,-0.23513253753441077
1111,0.010103451228375304
1112,0.3083370211446753
1113,-0.31631475565214695
1114,-0.47333507800781327
1115,0.2496473636570341
1116,0.1477616479511472
1117,-0.24205156871560818
1118,-0.17242146953115478
1119,-0.4309757945274123
1120,0.28460249207676125
1121,0.2746969474204932
1122,0.23263098707353197
1123,-0.21566570290472686
1124,0.029517912901422694
1125,0.1831385056747058
1126,-0.11554618521852689
1127,0.22899571886895698
1128,0.13918754753690665
1129,0.12120763841324295
1130,-1.0990695636515124
1131,-0.25909620588803384
1132,-0.07211722561191536
1133,0.33196021733330217
1134,0.0705745811142271
1135,0.04276807509017766
1136,-0.0694245534483876
1137,0.21294579265210373
1138,0.498266750478069
1139,0.16933686055042335
1140,0.15946460089454623
1141,-0.050438655592753956
1142,-0.021895950653005647
1143,0.030593014353690218
1144,0.29569156934944113
1145,0.010103451228375304
1146,0.3926972174333318
1147,0.0953387161537963
1148,0.03135414243299506
1149,-0.005748476189926466
1150,-0.149797115624154
1151,0.1945456334589426
1152,-0.03418592820176203
1153,-0.003979530797429853
1154,-0.0189481806978814
1155,-0.11953976035462666
1156,-0.3163716783080852
1157,0.0640522242003182
1158,-0.07647460630712855
1159,0.2322156223309257
1160,0.18927743164760924
1161,0.08852962923222873
1162,0.2956754170015406
1163,0.21642142924955032
1164,0.36111348937749055
1165,0.08748965078122728
1166,-0.009772181716843797
1167,-0.1466878762127859
1168,0.19082213703970907
1169,0.05925604028632858
1170,0.15673447269558638
1171,0.0007324470950941242
1172,-0.6994508603739235
1173,0.021784891318241795
1174,-0.21422808476060928
1175,-0.04251198146721891
1176,-0.28564744167791933
1177,-0.2651201775961681
1178,-0.03064178128876449
1179,-0.07545224258514938
1180,-0.0022609547216876358
1181,-0.20219066531300522
1182,0.1738628027080984
1183,0.1710004550480127
1184,0.44292134012842643
1185,0.02562387269800881
1186,-0.39508513662455325
1187,-0.47021480787077174
1188,0.08852962923222873
1189,-0.35591792489995444
1190,-0.6005603699878176
1191,0.20550124601331643
1192,0.21553487423495843
1193,-0.1504727564931475
1194,0.31456721284970224
1195,0.32028837030293633
1196,0.03712194642548061
1197,0.24339241654954857
1198,0.1484378229724792
1199,0.07522600943424007
1200,0.33329583262790163
1201,0.1738628027080984
1202,-0.2502139186593757
1203,-0.04594821240329472
1204,-0.1772564470339757
1205,0.03241184689122778
1206,-0.318816692868644
1207,-0.01798300304123579
1208,0.34502592769515394
1209,0.1280842668686954
1210,-0.09481685376544857
1211,0.04620110376281994
1212,-0.5539480155513078
1213,-0.00030885250660228625
1214,0.09834349035388268
1215,0.5589640876080336
1216,0.15815390163755572
1217,0.03241184689122778
1218,0.00760406501239308
1219,0.04011417021921104
1220,0.05925604028632858
1221,-0.16179486814781063
1222,0.2935743856417903
1223,-0.2452034043492729
1224,0.2949613382658488
1225,0.185437398138803
1226,-0.0291007011400084
1227,0.011901882686614518
1228,0.061336190780244215
1229,0.30362911160664185
1230,0.4761241684653715
1231,0.05634425111433472
1232,0.4740361491440376
1233,0.11725655311686622
1234,-0.15716528071605362
1235,-0.30281660754613937
1236,0.18342554055132543
1237,0.16095794096446248
1238,-0.12501110594464926
1239,0.09349803088289443
1240,-0.2304329052135926
1241,-0.013327605293810718
1242,-0.16179486814781063
1243,0.032757118708043875
1244,-0.19150509007524785
1245,-0.2517976595503799
1246,-0.2868816336732092
1247,0.04758169151595004
1248,0.33904570957814417
1249,0.3493760972127269
1250,-0.15849269227372942
1251,0.07164606458616873
1252,-0.0013862513746353278
1253,-0.06464807703556585
1254,0.01915259375388323
1255,0.025660648660614238
1256,-0.33018659128234606
1257,-0.49720711163977216
1258,-0.1791731220133881
1259,0.11635900294000046
1260,0.16830253098754833
1261,0.2170278464312566
1262,0.00760406501239308
1263,-0.14002410984444857
1264,0.49041860962006195
1265,0.17774177939260727
1266,0.01915259375388323
1267,0.0026366712720954366
1268,0.034426640518528506
1269,0.24759914963116358
1270,-0.2703643185763661
1271,0.3227526522394892
1272,-0.09384750325526736
1273,-0.21418747115268877
1274,-0.3057529220036589
1275,0.03241184689122778
1276,-0.08085392527943114
1277,0.18228876282075857
1278,0.009064480144237885
1279,-0.5683861104480339
1280,0.06329771329705347
1281,0.2918581890804076
1282,-0.04967302933754236
1283,-0.06263687210644464
1284,0.25500890833126544
1285,-0.4309757945274123
1286,0.0826509471640241
1287,0.2275504565923372
1288,0.1727139528328886
1289,-0.021895950653005647
1290,0.35282688617688485
1291,-0.33233890466863325
1292,-0.19713647001159473
1293,0.2973079214053898
1294,0.08282557780049027
1295,0.06401276721065474
1296,0.0073170704327845115
1297,0.09125507584450582
1298,0.09031834116460291
1299,0.05925604028632858
1300,-0.037010251201881283
1301,0.34172945386526027
1302,0.09962748572015412
1303,0.26208526492123674
1304,-0.24850614241902014
1305,-0.12335762454171495
1306,-0.3223616976388437
1307,0.25739825483662926
1308,0.02096031068887716
1309,0.09538604487686958
1310,0.3668837232774389
1311,0.18927743164760924
1312,0.2956754170015406
1313,0.09962748572015412
1314,0.1220940178114941
1315,-0.021847120880476467
1316,-0.008063288070431995
1317,-0.37067284125204103
1318,0.2267523248685186
1319,0.059706166444022046
1320,0.2935743856417903
1321,-0.02682453187142131
1322,0.30665050439194497
1323,-0.7208451089268431
1324,-0.0458147854852714
1325,0.21553487423495843
1326,0.12332551999068253
1327,0.3043831181285034
1328,0.03537592853258542
1329,-0.011803424858419564
1330,-0.6118029194293608
1331,-0.07916683862791796
1332,0.13396439633957757
1333,0.20690750000853786
1334,0.10353271037119649
1335,0.2877287189111604
1336,-0.16315200005116437
1337,0.1727139528328886
1338,0.2879964829074985
1339,0.2942584394301968
1340,-0.6166190265640911
1341,-0.28772596366582726
1342,0.01513023997616103
1343,0.1769321830527889
1344,0.11491412338930529
1345,0.21221207333587905
1346,0.1329121971593078
1347,-0.29080244383413356
1348,-0.04594821240329472
1349,-0.1853698219307338
1350,-0.07950063608042979
1351,0.3318741969159923
1352,-0.40491872619170466
1353,-0.03833961638160199
1354,-0.2061431142870891
1355,0.021178518764742416
1356,-0.04521958498250522
1357,0.12304405449187894
1358,0.181664935390697
1359,-0.01137577214924368
1360,0.1438552180622481
1361,-0.2683457630095022
1362,0.3733263275699954
1363,-0.09388411742777458
1364,-0.1772564470339757
1365,-0.002628689508408666
1366,-0.2203993889283954
1367,0.0007324470950941242
1368,0.032757118708043875
1369,-0.04545652739521322
1370,0.14839646146665453
1371,-0.19489844636583575
1372,0.2275504565923372
1373,0.06644391874430833
1374,0.2182601461467084
1375,0.1568926064427516
1376,-0.15849269227372942
1377,0.2166191375791151
1378,0.13069667378835081
1379,-0.09577785690631246
1380,-0.011803424858419564
1381,-0.14327394319776232
1382,0.16933686055042335
1383,-0.07647460630712855
1384,0.34502592769515394
1385,0.2353895543477023
1386,-0.46137183943609295
1387,-0.056296154888271
1388,0.39665718651119225
1389,0.32837278708533907
1390,-0.003935662860075628
1391,0.0638750551971824
1392,0.40454573202721766
1393,0.14214982823604727
1394,0.2821420042794435
1395,0.07350978157359123
1396,-0.31918491104184044
1397,-0.1603795218159022
1398,-0.08936167931414851
1399,-0.06233619882535324
1400,0.0705745811142271
1401,-0.35247374002884413
1402,-0.3510368195969549
1403,-0.1780798517892208
1404,0.2920172645064353
1405,-0.029143042767495908
1406,-0.008940903364372144
1407,0.4253239721410602
1408,-0.3256385922713725
1409,0.25500890833126544
1410,0.38162265774595894
1411,0.4650046023644811
1412,0.2384528459503833
1413,0.11218000036009623
1414,-0.019191738404179204
1415,0.2416173573036507
1416,0.08748965078122728
1417,-0.6821025052043495
1418,0.24985018690426114
1419,-0.24485146788183554
1420,0.3330028009857908
1421,-0.04973990683969587
1422,0.18927743164760924
1423,-0.0006269657182979005
1424,0.1327699068210617
1425,0.14214982823604727
1426,0.00943234915859148
1427,-0.11159060136774324
1428,0.31439011088313173
1429,0.059706166444022046
1430,0.06863921302663972
1431,0.04519354321329072
1432,0.04157655013272543
1433,0.00760406501239308
1434,0.056343782597165326
1435,0.4729560196816691
1436,0.185437398138803
1437,0.3014199409702598
1438,-0.1843674752000416
1439,-0.14327394319776232
1440,0.2326221711072225
1441,-0.009772181716843797
1442,0.045762399790703845
1443,-0.20872068997243287
1444,0.25867959634360876
1445,0.045762399790703845
1446,-0.03930438141229842
1447,0.3065005159303227
1448,-0.038172481053425855
1449,-0.173223285710276
1450,-0.12467727489525171
1451,0.14214982823604727
1452,0.26197908624447985
1453,-0.08085392527943114
1454,0.1369007632845471
1455,0.26725370050917435
1456,0.1505757624600238
1457,-0.04967302933754236
1458,0.40169134424239317
1459,-0.26172330309625913
1460,-0.16143948458255442
1461,0.454556459494346
1462,0.4029753246229951
1463,-0.09577785690631246
1464,-0.14789319585928928
1465,0.181664935390697
1466,-0.21735435589320007
1467,0.011304254367538014
1468,0.23263098707353197
1469,-0.6383398351988719
1470,0.14214982823604727
1471,0.5806794081309354
1472,0.09754136180724693
1473,0.07350978157359123
1474,0.10474515951046842
1475,0.0382201298773267
1476,0.217030668172785
1477,-0.1843674752000416
1478,0.30665050439194497
1479,-0.019191738404179204
1480,0.0313832403784674
1481,-0.3407987861266645
1482,0.19569931551462416
1483,0.25500890833126544
1484,-0.3007160654881553
1485,0.0061538303685267914
1486,-0.25827973345627786
1487,-0.11379574407093018
1488,-0.14323562921300947
1489,-0.07643861159875631
1490,0.012617972962054469
1491,0.1489360311391974
1492,-0.059766426910418335
1493,0.03241184689122778
1494,0.25927604247263303
1495,-0.12467727489525171
1496,0.07368975397987587
1497,-0.044316417696540045
1498,-0.17598272932264047
1499,0.05960550093122585
1500,0.1438552180622481
1501,0.20550898296232523
1502,-0.2651201775961681
1503,0.3157601737337891
1504,-0.11155336812911476
1505,-0.005486362571848313
1506,0.22899571886895698
1507,-0.15302714139035445
1508,0.017947041620388626
1509,-0.07647460630712855
1510,0.02189503953378047
1511,-0.6796020721350523
1512,-0.11953976035462666
1513,-0.12949010647438441
1514,-0.0008361015699110963
1515,0.31495109907933994
1516,0.11607987407690018
1517,-0.03439018000345895
1518,-0.04251198146721891
1519,0.1240668065727013
1520,-0.3361639098090028
1521,0.04171276566848636
1522,-0.02608398425895464
1523,-0.01927722112629282
1524,-0.6064811541808478
1525,0.038241813945474545
1526,0.09221672021046556
1527,-0.3510368195969549
1528,0.32343599790330035
1529,0.14092369495818535
1530,-0.09577785690631246
1531,0.06963780194527647
1532,-0.11975998001000121
1533,0.18754356284916307
1534,-0.04973990683969587
1535,0.20690750000853786
1536,0.2071662281370099
1537,0.2736247780127258
1538,0.386138247453367
1539,-0.13119434441409428
1540,-0.08071583829003426
1541,0.34172945386526027
1542,-0.10081290775714702
1543,0.11607987407690018
1544,-0.02298713657496365
1545,0.2388957008509543
1546,0.1894461715166788
1547,-0.019191738404179204
1548,-0.06143955504219922
1549,-0.06663161136249163
1550,-0.11797305949228554
1551,0.06063960644311872
1552,0.23443970782802004
1553,0.18927743164760924
1554,0.1478198463446705
1555,0.33524325078616146
1556,0.5498872990886683
1557,0.27899527770030497
1558,-0.010460099979363258
1559,0.43557001715411253
1560,0.39173920828768627
1561,0.19346559777487682
1562,-0.04251198146721891
1563,-0.2502139186593757
1564,-0.2651201775961681
1565,0.3246406840216064
1566,0.08243655698986685
1567,0.29127058286761653
1568,0.018336430066083542
1569,0.1945456334589426
1570,-0.3104838469831568
1571,0.1438552180622481
1572,-0.10577206443373699
1573,-0.0850252300410822
1574,-0.22392601516282673
1575,-0.23479204800698217
1576,-0.14778783283826624
1577,0.26197908624447985
1578,0.05510435096821675
1579,0.24446879296084123
1580,-0.011942185876844369
1581,0.17661464649206526
1582,0.09442965348539434
1583,0.24697364186632553
1584,0.3851983348912238
1585,-0.0837228996982301
1586,0.5035457378461109
1587,-0.04973990683969587
1588,-0.39519872854235216
1589,-0.24345750073707662
1590,0.16488780252923974
1591,0.12872450359644316
1592,0.193290634269702
1593,0.1850118199141706
1594,-0.08759920451207837
1595,-0.0343348445544861
1596,0.29967412955981554
1597,0.03402258512894052
1598,-0.008587153239085099
1599,0.09306519315618489
1600,0.16092498312664671
1601,0.14305616292709072
1602,-0.0404604263322087
1603,0.13069667378835081
1604,0.157757189645594
1605,-0.14002410984444857
1606,0.3358095770805983
1607,0.20550898296232523
1608,-0.21418747115268877
1609,0.16092498312664671
1610,0.2100891774832172
1611,-0.2443843650763231
1612,-0.288617773023893
1613,0.2746969474204932
1614,0.013622806835342671
1615,0.22151532092937176
1616,0.2430537170807091
1617,-0.012624001335713952
1618,0.006508171559958198
1619,-0.11155336812911476
1620,-0.008940903364372144
1621,0.0979489590787474
1622,-0.005441708866940842
1623,-0.04202859227312006
1624,-0.2061431142870891
1625,-0.18367485124809568
1626,-0.38076969536616545
1627,0.00760406501239308
1628,-0.3521215655827872
1629,0.08243655698986685
1630,-0.0006269657182979005
1631,0.2731276957002742
1632,0.23615997400240257
1633,0.14214982823604727
1634,-0.13405330894724443
1635,-0.04959110651621956
1636,0.011304254367538014
1637,-0.2963952880161528
1638,0.04620110376281994
1639,0.2361578852881414
1640,0.019037583944499614
1641,-0.11953976035462666
1642,0.2125331423493404
1643,0.00760406501239308
1644,0.43006275004442024
1645,0.22066076066383533
1646,-0.19005464383407833
1647,0.32024493909121854
1648,-0.0343348445544861
1649,-0.17415774329742162
1650,0.27797299851441387
1651,0.032757118708043875
1652,-0.3524614412442961
1653,0.13737200245602565
1654,0.08256434101001131
1655,0.10130378568854259
1656,-0.18728674365548736
1657,-0.14002410984444857
1658,-0.0006269657182979005
1659,0.07941208754542772
1660,0.01007432392169516
1661,0.16170647951170403
1662,-0.41202154095020105
1663,0.3177781852460232
1664,0.0782004164368102
1665,0.12592868754457254
1666,-0.15849269227372942
1667,0.03721154607272248
1668,0.011304254367538014
1669,-0.06141522267632182
1670,0.04555944309683846
1671,-0.3898210791165124
1672,-0.3556279584168368
1673,0.05634425111433472
1674,0.3778312461343815
1675,-0.4075077967087455
1676,0.15815390163755572
1677,0.13013970391054647
1678,-0.08231170248295383
1679,-0.09577785690631246
1680,0.22989636623691556
1681,-0.024097426804768896
1682,0.5057580921307365
1683,0.09754136180724693
1684,0.13422546015029846
1685,0.2702128090526549
1686,-0.43867682660548724
1687,0.04620110376281994
1688,0.18927743164760924
1689,0.09962748572015412
1690,-0.16175593807602373
1691,0.31115662428336993
1692,-0.10708295335020712
1693,0.2942584394301968
1694,-0.2477089869273078
1695,0.196275807974215
1696,0.05094048685855279
1697,-0.2429755966056525
1698,-0.008940903364372144
1699,-0.15849269227372942
1700,0.0910665211047329
1701,0.2978620656056914
1702,0.09343057670571087
1703,-0.4147278368062529
1704,-0.19150509007524785
1705,0.047509766278740595
1706,0.5079476298204662
1707,0.056343782597165326
1708,-0.3422392836899032
1709,-0.08085392527943114
1710,0.14181312051969952
1711,0.21806023111965045
1712,0.12509760996677877
1713,0.21005610793491863
1714,-0.03064178128876449
1715,0.10693574832849018
1716,-0.022523573665175656
1717,0.2542627265649757
1718,0.11395074044694836
1719,0.09306519315618489
1720,0.11495188689463098
1721,-0.6514538172288972
1722,-0.04546878928278841
1723,-0.07643861159875631
1724,-0.2627540433114951
1725,0.3143638507300538
1726,-0.3496966414796233
1727,-0.3192680402421947
1728,0.22147439111764494
1729,-0.11851905120228223
1730,-0.13667788563472894
1731,0.04834355129872947
1732,0.42180909467803757
1733,0.20550124601331643
1734,0.14467927578033668
1735,0.25152531827743424
1736,0.12641245543512158
1737,0.02903402578934522
1738,0.15624692605619173
1739,0.01915259375388323
1740,0.034426640518528506
1741,-0.04251198146721891
1742,0.22904826324710204
1743,-0.6229238340167964
1744,0.3713090173004229
1745,-0.21418747115268877
1746,0.22512526495267587
1747,-0.05562882006471792
1748,-0.0654966785267076
1749,0.06963780194527647
1750,0.21005610793491863
1751,0.26110944879740466
1752,-0.056296154888271
1753,-0.0008361015699110963
1754,0.0813810519583763
1755,-0.0006269657182979005
1756,-0.3271351955081109
1757,-0.012897588186887465
1758,0.12039932687585064
1759,0.185437398138803
1760,-0.4206640543347321
1761,0.18811837235589646
1762,0.025003723903352926
1763,-0.6975871196389124
1764,-0.02608398425895464
1765,-0.07643861159875631
1766,0.181664935390697
1767,0.35335241962008346
1768,-0.2422239446780725
1769,-0.1504727564931475
1770,0.20063228155940627
1771,0.38454580920094517
1772,0.16523114037727438
1773,-0.008868320321193446
1774,0.33329583262790163
1775,0.23982049357221646
1776,0.00943234915859148
1777,-0.01667947489029764
1778,-0.06663161136249163
1779,-0.03699288449449589
1780,-0.05464857237800402
1781,0.16367556959000884
1782,0.22582402128438195
1783,-0.05932679565566412
1784,0.04022433784925539
1785,-0.025993918795427895
1786,-0.01798300304123579
1787,0.0953387161537963
1788,0.08252844780878099
1789,0.30665050439194497
1790,0.0729291475510111
1791,-0.41372974845210386
1792,0.3388967600464053
1793,0.05925604028632858
1794,-0.1298154649225408
1795,-0.03418592820176203
1796,-0.12393116048914432
1797,-0.03711636256083761
1798,0.22230636583276325
1799,0.3262217515661834
1800,-0.01185717248288698
1801,-0.08436817928412299
1802,-0.11554618521852689
1803,0.030593014353690218
1804,-0.05932679565566412
1805,-0.12501110594464926
1806,0.19539982713746068
1807,0.2672845048538651
1808,-0.10944450570552522
1809,-0.3767960428398013
1810,0.2736247780127258
1811,-0.2303529256406709
1812,0.030593014353690218
1813,-0.737614568572689
1814,0.28286704635326587
1815,-0.03418592820176203
1816,0.27145836056127987
1817,0.32181430009331863
1818,0.11907344559716765
1819,0.3013356589918259
1820,0.2496473636570341
1821,0.09962748572015412
1822,0.00760406501239308
1823,-0.2079417086836165
1824,-0.12331262636846807
1825,-0.009772181716843797
1826,-0.06147244617876135
1827,0.0676665262302617
1828,0.04011417021921104
1829,-0.12048494299369494
1830,-0.17028454143947191
1831,0.31439011088313173
1832,-0.005441708866940842
1833,0.14086503736673384
1834,-0.09384750325526736
1835,-0.08592221980342774
1836,0.18471539564778006
1837,-0.03163670987551148
1838,0.06532486958395323
1839,0.10944190919543817
1840,0.24446879296084123
1841,0.36553827839157466
1842,-0.19265861634498982
1843,0.11725655311686622
1844,0.23385556504895422
1845,0.1280842668686954
1846,-0.14002410984444857
1847,-0.08379490857495886
1848,0.0782004164368102
1849,0.2935743856417903
1850,-0.2303529256406709
1851,0.07692428026259701
1852,-0.16175593807602373
1853,-0.21879752120921336
1854,0.07884037594221771
1855,0.2301465370470429
1856,0.39327095496655307
1857,0.003973038766003523
1858,0.031303537926097635
1859,0.26197908624447985
1860,0.18446189686155967
1861,0.14497263615887224
1862,0.2106972772865644
1863,0.12981724834608466
1864,0.03853698482657364
1865,0.07842938920671283
1866,-0.04439082679410089
1867,0.12928187302818495
1868,0.11491412338930529
1869,-0.6664821323988466
1870,0.3804315258709713
1871,0.13636337856802144
1872,0.2322156223309257
1873,0.0910665211047329
1874,-0.36346468933853215
1875,-0.09384750325526736
1876,-0.020327829105189044
1877,0.025660648660614238
1878,0.02558319306465462
1879,0.20801524321923287
1880,0.3533966004594965
1881,-0.4370415607404655
1882,0.04011417021921104
1883,-0.10784394370606654
1884,-0.5829800654809368
1885,-0.06464807703556585
1886,-0.2495355012592274
1887,0.29972919116506025
1888,0.3881046734287139
1889,-0.2652813420362672
1890,-0.009772181716843797
1891,0.08252844780878099
1892,0.14214982823604727
1893,-0.32036415573011034
1894,-0.01805141020287193
1895,-0.10187430633401173
1896,0.27721131742492244
1897,0.4641712451044635
1898,0.18754356284916307
1899,0.047509766278740595
1900,-0.12495031809484258
1901,-0.15985092042568616
1902,0.15673447269558638
1903,-0.07647460630712855
1904,-0.1781978158753581
1905,0.44574637916913074
1906,-0.3845067032900831
1907,0.20550898296232523
1908,0.385726704082923
1909,0.3195892074546477
1910,0.14214982823604727
1911,0.2564215114769187
1912,-0.0666666456247963
1913,-0.11969894316677665
1914,0.14214982823604727
1915,0.1280842668686954
1916,0.19464138744216997
1917,-0.046642919620335066
1918,-0.45751919023524645
1919,0.4498274204074173
1920,0.14643737945155705
1921,-0.659872690010686
1922,0.14214982823604727
1923,0.06863921302663972
1924,-0.3645347505588217
1925,-0.22939418985893922
1926,0.12460124918858617
1927,-0.11452870438574791
1928,0.21468488565528648
1929,0.09953086761850449
1930,-0.23674966412299547
1931,0.14092369495818535
1932,-0.0773592573251839
1933,-0.19631447392525359
1934,0.15295681380357795
1935,0.24759914963116358
1936,-0.03418592820176203
1937,0.023661906017545697
1938,0.003973038766003523
1939,0.4498274204074173
1940,0.1894461715166788
1941,0.041726595840400504
1942,-0.28807929446947
1943,-0.09388411742777458
1944,-0.004372369498673145
1945,0.08167354882297206
1946,-0.02298713657496365
1947,0.505372869217622
1948,0.2106972772865644
1949,0.3559380111760743
1950,0.09306519315618489
1951,-0.07450752102517266
1952,-0.033027987436177075
1953,0.2409023521421284
1954,-0.2524209098364397
1955,-0.04251198146721891
1956,-0.23872861861371764
1957,0.3499454132631983
1958,-0.12331262636846807
1959,-0.07342849192893586
1960,0.09306519315618489
1961,0.01092953979872291
1962,0.1328631357569422
1963,0.08688674146390385
1964,-0.02889818840811431
1965,-0.4483138883843738
1966,-0.16018996457962198
1967,0.27721131742492244
1968,0.05634425111433472
1969,0.05634425111433472
1970,0.13069667378835081
1971,0.20326200018353668
1972,0.04834355129872947
1973,-0.08936167931414851
1974,0.20326200018353668
1975,-0.1102369859269604
1976,0.3246406840216064
1977,0.493083267082989
1978,0.19712627865057608
1979,-0.6362391314119072
1980,-0.04546878928278841
1981,0.15876328547565022
1982,0.23385556504895422
1983,-0.010460099979363258
1984,-0.04594821240329472
1985,-0.33570690597908415
1986,0.1945456334589426
1987,-0.16175593807602373
1988,0.3741282621319062
1989,0.00760406501239308
1990,-0.39323945118875436
1991,-0.12959377905256475
1992,0.011304254367538014
1993,-0.3407987861266645
1994,-0.17987674340601612
1995,-0.9026761150841738
1996,-0.10437844694197651
1997,-0.15395389254431835
1998,0.15690764191492962
1999,0.43557001715411253
2000,0.30199526918541575
2001,0.17245573209586756
2002,0.18927743164760924
2003,-0.3104838469831568
2004,0.08125781091863682
2005,0.4796392746361707
2006,-0.012624001335713952
2007,0.4925711428467378
2008,0.1738628027080984
2009,0.00760406501239308
2010,0.16933686055042335
2011,-0.3556279584168368
2012,0.11639365761097442
2013,0.172681455367241
2014,0.3499454132631983
2015,0.26327373705775226
2016,-0.620684662230503
2017,0.1831385056747058
2018,-0.11452870438574791
2019,0.09538604487686958
2020,0.2186341824851482
2021,-0.09653923241788664
2022,0.020791271394548283
2023,-0.030050910540583398
2024,0.21217622071322323
2025,0.35282688617688485
2026,-0.21566570290472686
2027,0.26784591186503626
2028,-0.010460099979363258
2029,-0.1781978158753581
2030,-0.04973990683969587
2031,-0.5692750094630371
2032,0.18427275431254642
2033,-0.1804572016482643
2034,-0.30109125849299934
2035,0.4163266397820791
2036,0.2821420042794435
2037,0.217030668172785
2038,0.27358561567265577
2039,0.13636337856802144
2040,-0.1450291775368353
2041,0.3335645900987349
2042,0.065167607921084
2043,-0.010460099979363258
2044,0.08952314568060848
2045,0.5589640876080336
2046,-0.1772564470339757
2047,0.21124415456220247
2048,0.21553487423495843
2049,-0.0154460796501531
2050,0.26882910043698216
2051,0.021784891318241795
2052,-0.012624001335713952
2053,0.271488767972897
2054,0.14940208808186506
2055,-0.12959377905256475
2056,0.02955517311974265
2057,0.3246406840216064
2058,0.6087580384486849
2059,0.19346559777487682
2060,0.24148767490252143
2061,-0.19194439589465528
2062,-0.09867822663693626
2063,-1.0694847565512073
2064,-0.16870099030161056
2065,0.0729291475510111
2066,-0.38458584866537593
2067,0.018336430066083542
2068,0.04620110376281994
2069,0.2942584394301968
2070,-0.1364164676309344
2071,-0.056296154888271
2072,-0.14098463093570812
2073,0.07379071992099484
2074,0.20220398476971602
2075,-0.049707475919756994
2076,-0.12335762454171495
2077,-0.4206640543347321
2078,0.06063960644311872
2079,-0.06509596975419685
2080,-0.12335762454171495
2081,0.2520546257516272
2082,-0.34395051113260855
2083,0.059706166444022046
2084,0.13966115855736072
2085,-0.9962802967257267
2086,0.33329583262790163
2087,0.05120771331356233
2088,-0.4899190077470852
2089,-0.12048494299369494
2090,0.06691866378544098
2091,0.06863921302663972
2092,-0.56383621042586
2093,0.27790924580847554
2094,0.15971180449101502
2095,0.36298299200919176
2096,0.1738628027080984
2097,0.020679434459868973
2098,0.20714975561499727
2099,0.3105780892985029
2100,-0.03833961638160199
2101,0.15568083322540704
2102,0.009064480144237885
2103,0.26014565978235277
2104,0.03135414243299506
2105,-0.13422836166357066
2106,0.23263098707353197
2107,0.20550898296232523
2108,-0.38114099890237463
2109,0.5736913087231446
2110,-0.03064178128876449
2111,-0.22885812789872628
2112,0.21814423027584884
2113,-0.13673999959979377
2114,-0.14002410984444857
2115,-0.32778955330247683
2116,0.3157601737337891
2117,-0.20931019222838798
2118,0.21581885753439284
2119,0.06063960644311872
2120,0.0782004164368102
2121,0.09125507584450582
2122,-0.06663161136249163
2123,0.14940208808186506
2124,-0.049707475919756994
2125,0.511219473561886
2126,-0.5995173162668782
2127,-0.18495035170714025
2128,0.09658916437266885
2129,0.5612054880387515
2130,0.04415588835439799
2131,-0.025993918795427895
2132,-0.008587153239085099
2133,0.1859336583395294
2134,0.35282688617688485
2135,0.37891972395026097
2136,0.03712194642548061
2137,-0.24205156871560818
2138,-0.01667947489029764
2139,-0.12959377905256475
2140,-0.09357466987466156
2141,0.22788736439138546
2142,0.11344570180464963
2143,0.2315953522664559
2144,0.20439885849892547
2145,0.28039579410093074
2146,0.3533966004594965
2147,0.01513023997616103
2148,-0.2079417086836165
2149,-0.5045146591838517
2150,-0.24891903797137782
2151,0.3709128844705356
2152,0.02189503953378047
2153,0.052378548642572964
2154,0.299508666128711
2155,0.021841041032930386
2156,-0.10349080748280137
2157,0.11699999346168827
2158,-0.37232851510023235
2159,-0.0007831436884794263
2160,0.014558649949655389
2161,-0.31228844654614063
2162,-0.311310892888633
2163,0.014558649949655389
2164,-0.0936087942789382
