,pve
0,-0.023725001293095294
1,0.010154310419334567
2,0.04257322381907469
3,-0.027722582734123646
4,0.024411600801339306
5,-0.03543791239301175
6,-0.027551303690490414
7,0.018519338717571165
8,0.033108051644704095
9,0.02488489982907205
10,-0.022965202927414774
11,0.026203706044461317
12,-0.024024931242475733
13,-0.024807989770976147
14,0.0018038051386429776
15,0.034398184039300395
16,0.021627542458928506
17,-0.02021720852801867
18,-0.01914025372636452
19,-0.033018627452202964
20,0.024728823694652236
21,-0.021995868729247525
22,0.016868241393577288
23,0.02052547112051739
24,-0.01904719973482394
25,0.03628463112822988
26,-0.02738563866477184
27,0.0021079816452599653
28,0.06051658229530488
29,-0.026540665371497796
30,-0.02314230639959791
31,-0.026254668529630543
32,-0.031920154421350766
33,0.0096074799544138
34,0.04053868192705479
35,0.006722782052200282
36,-0.027141167643987663
37,0.010594036830704423
38,0.01863077213312081
39,-0.02711698123862427
40,-0.03146320489251786
41,-0.03160901669991212
42,0.010635105343488493
43,0.04599191164026273
44,0.03371890728573046
45,0.02953471471780411
46,0.019343910952104748
47,0.00778919911059095
48,-0.03290612820583816
49,0.0008087637191559055
50,0.03530654252429766
51,0.017762241859067718
52,-0.032879340116024114
53,0.04452065002806682
54,0.038716336344070124
55,0.02120317163735952
56,0.027289197170520696
57,0.01049606123717739
58,0.017928774830244243
59,-0.023527415224649517
60,-0.03105293733352621
61,-0.031169175251122727
62,-0.024239616523283658
63,-0.024058668267241567
64,-0.030160679233535603
65,0.0013197864863022934
66,0.0037151463416821573
67,-0.02046405805285867
68,0.011549011096798734
69,0.02085936783002701
70,-0.024551911061352905
71,0.009471618871115806
72,-0.033561827823103796
73,0.037926081262198874
74,0.01994554407293475
75,0.04878859863321727
76,0.01219825050910367
77,0.04029447166404987
78,0.009846356398749145
79,-0.023908578391595103
80,-0.029724001727197802
81,-0.012450594655293537
82,-0.01981738322736959
83,0.01712937025261374
84,-0.03318687806350118
85,-0.03213059968657794
86,0.01025160993202584
87,0.00711142371186585
88,-0.02440149586610696
89,-0.03448606493903239
90,0.003555334199091126
91,-0.02229061187845338
92,0.014522204991974985
93,0.009358424003924948
94,0.031368208208043646
95,-0.02313436395468771
96,0.05488831895274959
97,0.011558772399076545
98,-0.0008720537557911842
99,0.009471618871115806
100,0.026071307689904843
101,-0.0242432462792882
102,-0.02820860504552969
103,0.003070805163477741
104,0.004784933587290874
105,-0.019723468046549508
106,-0.02401455672035291
107,0.022928734536660778
108,0.020872319903560754
109,0.020271375164821026
110,-0.0014436183731699748
111,-0.02316470932915632
112,-0.025701983176061427
113,0.002569894629222663
114,0.011710954844398769
115,-0.018910593779698087
116,-0.02065767623761472
117,0.012508912124375215
118,0.03377752569397907
119,-0.024471511926716816
120,0.01035325164410933
121,0.03157097159818134
122,0.00241914660989892
123,-0.022536045791194725
124,0.02257957155687884
125,0.022282100850930076
126,0.014617992223576737
127,-0.02775989014404434
128,-0.02792407583806633
129,-0.030940717681027352
130,0.057792074036677965
131,0.0822773233534595
132,0.01552096746787962
133,0.015647135678920454
134,0.0454902430545685
135,0.0006827992096948843
136,-0.033036193651821644
137,-0.022160183278661927
138,0.02366688959632679
139,0.017237203375760846
140,0.07055531550816863
141,-0.018135599951486836
142,0.028438066661434336
143,-0.010878480987565942
144,0.02091371381433904
145,-0.02196660539980999
146,0.015349843544642028
147,-0.03106946200947258
148,-0.023797488772882014
149,-0.023851459701016375
150,-0.03253559411781526
151,0.026203706044461317
152,0.05271133013126872
153,0.023466925963105623
154,-0.016005728187380136
155,0.02719811345606893
156,0.032009362694362054
157,0.012967361022533819
158,0.014755696965062792
159,0.02103940943234539
160,-0.025063207553725153
161,-0.024024931242475733
162,0.008676821284744674
163,0.012233945010832914
164,0.013847416083225206
165,0.04316473722381664
166,0.011828014423051814
167,0.002980143985496758
168,-0.0008904382975855746
169,0.03641124665347806
170,0.026739659961149576
171,0.02017106142423364
172,-0.019299182670312054
173,0.019392789874965843
174,0.0085186322321546
175,-0.03428683992630188
176,-0.030612620880914876
177,-0.025278370705711484
178,-0.020749846784933468
179,0.039828823709823546
180,0.004119280615577675
181,0.021221277674596695
182,0.019275815194949364
183,0.011026433645991263
184,-0.008160190852369631
185,0.01954821543508467
186,0.006025586755021378
187,-0.017769130643867426
188,-0.01708400444055988
189,-0.000829655465393514
190,-0.019498979204758016
191,-0.024184297158359347
192,-0.015120978665326745
193,0.03953935244459883
194,-0.02763302905062448
195,-0.02090807983660231
196,-0.02781715637939075
197,0.008324750945182424
198,0.0067261906522297354
199,0.01516376327297242
200,0.019147236666954337
201,-0.02469844812924049
202,-0.01914839424347492
203,-0.013235880011374768
204,-0.019561457879911037
205,-0.02324086056374658
206,0.01904457922405256
207,-0.02175294433727032
208,0.005532336411136651
209,-0.03560649921051173
210,-0.03028807361158492
211,0.011212907180950804
212,0.016280954136528636
213,-0.03095962524460233
214,0.019519462058066095
215,-0.023085251274046703
216,-0.03354256494466956
217,0.021939070441353237
218,0.028408690086388466
219,0.02690764188403061
220,0.02435611671550375
221,0.014222659201676924
222,0.011872662559269498
223,-0.03273870381895805
224,0.03386596330473468
225,0.014107321577981724
226,-0.022121510285395718
227,-0.031920154421350766
228,0.04036555178831236
229,0.051666275711229614
230,0.02258287931485803
231,-0.03304638837217044
232,-0.030320525010733124
233,-0.025729483750636384
234,0.0012736300642782195
235,-0.023089832059988435
236,0.009453926983420624
237,-0.019796472798857323
238,0.01804865793052679
239,-0.03286740072442407
240,0.005917671342607678
241,-0.027242871666701862
242,0.018131496537972247
243,0.03693399098122219
244,-0.03586804748422301
245,-0.0323927542128265
246,-0.03260715281537885
247,-0.02371488656013976
248,-0.018933267409849963
249,0.011234200176625686
250,-0.0180269321608324
251,-0.02577481423116268
252,0.009282409439098527
253,0.03374112634165338
254,0.003045378660918502
255,0.013118393251027982
256,-0.032577351463364934
257,0.02695707906061162
258,-0.024812826123227216
259,0.0009412762253470097
260,0.02009144145212083
261,0.005654706770300694
262,0.012529840389508995
263,0.007815764936815905
264,-0.020237552604798204
265,0.02256719551596842
266,0.0038406984195110683
267,-0.030919176685440974
268,0.025853416202599844
269,0.01049764672896214
270,-0.024812826123227216
271,-0.018440705786332057
272,0.01722109940241212
273,0.008661557038893042
274,0.0380280173568639
275,0.013693594140996745
276,-0.03223922743623131
277,0.03388723262077453
278,0.022409441018760412
279,-0.018957818289184747
280,-0.03199641478305393
281,-0.022067438307666443
282,0.012235812631202547
283,-0.030497724820178762
284,-0.032047889028238075
285,0.011729711743148574
286,0.01560689736474391
287,-0.02205506887576203
288,0.013030881273334849
289,0.024590122046148633
290,-0.023021455837157423
291,0.023748447995848077
292,0.005499694864861793
293,0.010530329523145365
294,0.04074113499171783
295,-0.022931190836620374
296,-0.03168307696200545
297,0.020553753304566713
298,0.005122706145072292
299,0.006484515034179739
300,0.03561513104864433
301,0.017703844010120262
302,-0.0009501460672625694
303,-0.0005772267668846948
304,0.02155398794014285
305,-0.028522353761618824
306,0.00624000998068619
307,-0.025705044392120846
308,0.004629970341792827
309,0.03485380075490574
310,0.014224956669003697
311,0.012244555902694354
312,0.00622645880253328
313,0.007759412376120933
314,-0.023044695850042596
315,0.022510076364266718
316,0.0031831392690296056
317,-0.019752337802068864
318,0.011812805976717411
319,-0.029185377195608986
320,0.006819533418180396
321,0.009026328347143953
322,0.013647184870912599
323,-0.024877976978255667
324,0.049229783542781735
325,0.016342297064220745
326,-0.026233494964952697
327,0.011414283780477541
328,0.005122706145072292
329,-0.03188544854345776
330,0.018735242919874162
331,-0.022165118529269057
332,0.015645635775961342
333,0.017963994752616452
334,0.02406905333633358
335,0.03965277039982329
336,-0.023734018293207315
337,0.004930273542636809
338,0.024206901829964766
339,0.020528522299815388
340,-0.028828295888518207
341,0.02353273583305704
342,0.003690978017463653
343,0.0076122865504723025
344,0.014882216001949389
345,0.018379121607984272
346,-0.029847314880493636
347,0.006760977651725675
348,0.009227204578781845
349,-0.024277036773980076
350,0.017256005579754596
351,0.022282100850930076
352,0.006843789075942991
353,0.028083896110329132
354,0.03615257963994689
355,-0.02083593943155687
356,0.011740877313280107
357,0.009644025023368141
358,0.0028699026629618596
359,0.017092242567987692
360,-0.03569016929829438
361,-0.030998359259295616
362,-0.021638795519868026
363,-0.0009704199897697663
364,-0.018151065481275763
365,-0.0219858030813313
366,0.02959137715655058
367,0.047212944140316404
368,-0.031001148186100003
369,0.0051419867724978585
370,0.02891551968423678
371,0.05813516460738177
372,0.03304511507870589
373,-0.03183394095924341
374,0.019985502130912047
375,-0.020280249768878267
376,-0.023652831755997306
377,0.03297018321727807
378,0.016905432740428605
379,-0.023798901738187106
380,0.004070043449733718
381,0.003829377225441133
382,0.008073723605989735
383,0.02114355259601297
384,0.06905983957717421
385,0.01811256317958776
386,0.0011011061149290846
387,-0.024228103179140703
388,-0.0217546443709129
389,0.01414760118388475
390,-0.019511502743221998
391,-0.01970923415724607
392,0.011885849028822781
393,-0.024330115915601302
394,0.0017740688028143325
395,-0.02207670117385252
396,0.010363487517939973
397,-0.022035778126128613
398,-0.018174965331868964
399,0.01904070355565779
400,0.015983408767957508
401,-0.031799111221126
402,0.016970594507650927
403,0.016809268280269185
404,-0.004885215981668176
405,0.02327330336318234
406,0.03240565148976471
407,-0.03377727821495313
408,-0.024323493170439248
409,0.011548393903445475
410,0.0010083899626124049
411,0.036396934739757136
412,-0.02568345421256235
413,-0.018043426659993866
414,-0.03119889471168147
415,-0.03348982900020536
416,0.02495714808089311
417,-0.03214711106091528
418,0.027343117049418275
419,0.022165581368807308
420,0.030524598040722273
421,-0.03300315613288074
422,0.03795610590147691
423,0.030177473069513905
424,0.024334019202524537
425,0.03973070304793058
426,0.03795414694509047
427,0.015542796482870214
428,-0.02985655977009316
429,0.019563110622557223
430,-0.022598207337971965
431,-0.023805391892893768
432,-0.03130161766517525
433,-0.004994890588864875
434,-0.013135267217925711
435,0.05213871256771507
436,0.01998002849780023
437,-0.03297531654515817
438,0.017248559921449247
439,-0.027911614544505747
440,-0.022833480509538595
441,0.017463706709884008
442,0.0009719336866661488
443,0.034367517613136944
444,0.01685814684998882
445,-0.018297104244384188
446,0.008472503896994832
447,0.017741092926616797
448,0.038257372472256246
449,-0.022091983795870185
450,0.012945543245405755
451,0.0034080448728004697
452,0.03910993309414379
453,-0.032868089064033046
454,0.01078108486012741
455,-0.023876905436772455
456,0.004780840771381523
457,-0.02869097966816636
458,-0.024186647708472342
459,-0.020562099443247384
460,-0.024246856751580226
461,-0.031052256965723557
462,0.0033167783012144625
463,0.023683361864354824
464,-0.02227025803380056
465,-0.02388594604716987
466,0.01716887521045951
467,0.028757994806205445
468,0.020655288903538516
469,-0.022658817955220345
470,-0.031035216964910295
471,0.02836595796122554
472,0.03010057644929165
473,0.006025586755021378
474,0.015379280380059812
475,0.0027649774898848845
476,0.016737891908949254
477,-0.03217270936756533
478,-0.029719476717566806
479,-0.0358279462851091
480,0.035708175242628815
481,0.016058981793384774
482,0.017780759876879992
483,-0.027114881869209295
484,-0.021133707025439596
485,-0.02493182162231733
486,0.004771762803061186
487,0.010986239918383656
488,0.011142518141712798
489,-0.022030354361430637
490,-0.02450383878514517
491,-0.015886068384377172
492,-0.02419513827972586
493,-0.01927805453916287
494,0.020321619068434105
495,0.004803431587797113
496,-0.024370925725750725
497,-0.024182558514668107
498,0.01145158983932415
499,0.015952624839639495
500,0.024545982503447417
501,-0.0031688958759576447
502,0.02148235916919028
503,-0.03557167931179339
504,0.024754160967977668
505,0.014680970424918727
506,0.017603961719116046
507,0.07468935140019939
508,-0.0318269294832535
509,-0.024599440500495673
510,0.008163366355342538
511,0.011592911267899297
512,-0.024968154490463967
513,0.027335879434201682
514,0.007270893671850742
515,0.01035739905655031
516,0.007136456545388858
517,0.02755401072162489
518,0.007285110184315713
519,0.012541100324798105
520,-0.02394224229499664
521,0.014755696965062792
522,-0.02705461949274257
523,0.006013574457163884
524,-0.022244187179549013
525,-0.026352912581635524
526,0.019675993738645592
527,-0.019057053431552673
528,-0.02212605703820303
529,-0.023025419660162694
530,0.02622871792985515
531,0.03099504787621643
532,-0.034324140773440814
533,-0.022736974489541595
534,-0.02207704836876595
535,-0.024575102723228492
536,-0.03048849759090244
537,0.01143454883233297
538,0.02913729071848692
539,0.022461740372809902
540,0.008718203267265079
541,-0.033167646739729495
542,-0.018923016372809576
543,-0.033474763473104074
544,-0.021892341928848147
545,0.016905432740428605
546,0.022483845815468806
547,0.019195497592356725
548,-0.0005867858826773542
549,0.015161863478209359
550,0.022291614914963342
551,0.021949329178928778
552,-0.03313659792246093
553,-0.023309944719756504
554,0.004647809820099241
555,-0.033352216010837266
556,0.023086580880325225
557,-0.015946802533439997
558,0.03785952103288737
559,0.012934803565925357
560,-0.030496903399100495
561,-0.030477753333668423
562,-0.024023820367570392
563,0.010615133943526145
564,0.006786042257035885
565,0.026698034153546657
566,0.01766254225567837
567,0.024571680672025753
568,0.0674743804128779
569,0.009404852124917873
570,0.0052420378089682584
571,-0.013875244046988477
572,0.003925622001597712
573,-0.02230965194598744
574,-0.033277442359815446
575,0.013915395445490142
576,0.00322607027392785
577,0.044164085289356336
578,-0.025238789044739307
579,0.032658010413193495
580,-0.019908072871550053
581,0.07348727596549054
582,-0.019270990614304373
583,0.021097679977634898
584,0.017637827376567494
585,-0.03225881874970049
586,0.0071096212508169054
587,-0.019952517009112603
588,0.013170365943801277
589,-0.021878936180525776
590,0.016847830607630288
591,-0.031152167252997964
592,-0.01745292921785796
593,0.0072557322309518835
594,-0.03151154481650231
595,-0.018680199203927828
596,-0.023160745408943084
597,-0.029027116828877153
598,-0.03531184309730784
599,-0.03290262352374085
600,-0.024344369444405434
601,-0.019869911063021384
602,0.025994947095106413
603,-0.029342343344635258
604,0.024408183901221348
605,0.012461145306661037
606,-0.02388594604716987
607,-0.018096080881153775
608,0.03517968403668281
609,0.00181287811503128
610,0.04309625919281812
611,0.005405662473147915
612,-0.026190438319419584
613,0.018512637264072263
614,0.0008640299161126186
615,0.024913761113802724
616,0.004053736392851753
617,-0.021606043077807446
618,0.013611108095175461
619,0.04815468875212625
620,-0.021379676424731875
621,0.011592911267899297
622,0.010639644642583934
623,0.016789903024111985
624,-0.026641665321778363
625,0.03687127363976428
626,-0.026072264568166692
627,0.0012722943130862308
628,-0.03281866408893841
629,-0.032417771734566725
630,0.023433190505418366
631,-0.032357038211554445
632,-0.023629422989643323
633,-0.028612696686902916
634,0.024148602739784808
635,-0.01769505930426235
636,0.041723551958489535
637,0.0224838762785744
638,-0.020719137024313466
639,0.01137703406395274
640,0.017867602494692325
641,-0.025291667756238978
642,0.018131315125027525
643,0.015800383477195923
644,0.02288447421243367
645,0.005920713092984864
646,0.024486152692780316
647,0.02185790691886136
648,-0.02329332333938261
649,-0.02361376166395407
650,0.04027390203504244
651,0.002538654691410014
652,-0.028016371446389576
653,0.014030023093985544
654,-0.03260715281537885
655,-0.028272950654336215
656,-0.03055865077583686
657,0.0044129903134250414
658,-0.023998344037356345
659,0.023549374257345712
660,0.024411600801339306
661,-0.03223922743623131
662,0.003125961806068306
663,0.026739659961149576
664,0.003730414562624129
665,-0.018443980562129147
666,-0.03480390084980067
667,0.0014316761993074384
668,-0.031472000053218596
669,0.013806005458416093
670,0.0087186094024167
671,-0.0008094099334584604
672,0.02006769783529655
673,0.005178717957020518
674,0.01638856566627178
675,-0.01601701000008937
676,-0.02160080492665617
677,-0.004570658415675055
678,0.02928631359494227
679,0.011154558122789815
680,-0.015455542955906593
681,-0.024228103179140703
682,-0.0345792630638575
683,0.005164890060099958
684,-0.021584174979800808
685,0.05907607039033547
686,-0.025592483575619607
687,-0.024596378185859247
688,-0.03582905175442885
689,-0.03200021087375726
690,-0.02405055174069226
691,-0.0234729377637658
692,0.011015518908885302
693,0.02468012429690991
694,0.015585034876583026
695,-7.785447049812183e-05
696,0.03185469187256418
697,-0.027791500013501613
698,0.03879103224858538
699,-0.02409237708738965
700,-0.03410479104039499
701,0.026805252929951617
702,-0.019162367199032415
703,-0.02049442575334276
704,0.018181139080557518
705,0.042635971240476245
706,0.0183620564781809
707,-0.03188143946731792
708,0.009243198287018473
709,-0.029150239955278212
710,0.01515688560404066
711,-0.023773427571899708
712,-0.02372453700092536
713,0.013079338918598526
714,0.03551282770701236
715,-0.02422379021537302
716,-0.02476879417471145
717,-0.023841880608724275
718,0.011672133494018688
719,0.020957295171843526
720,-0.024696103366935063
721,0.0014768389894011802
722,0.030655107836984108
723,-0.030079982882135203
724,-0.023357277307737512
725,-0.02399674918483463
726,0.02518278753342018
727,-0.024175967656221875
728,-0.022414310974885
729,-0.026092536949515632
730,0.012199782505295298
731,0.031130587341436144
732,0.0034823757835252267
733,0.0067261906522297354
734,0.03128320623601599
735,-0.02370992119966342
736,-0.024040430252973755
737,-0.033004861469443814
738,-0.030464808160177603
739,-0.023837072170953932
740,0.020528522299815388
741,0.03337686413073304
742,0.02323997494105068
743,-0.023021455837157423
744,0.07427668845190905
745,0.03230238333771207
746,-0.0001734450878424082
747,-0.023824292123489577
748,0.0175469526633798
749,-0.032586459118994604
750,-0.021746726948291384
751,-0.031620768593992876
752,-0.03276891339549293
753,0.012217866239880082
754,-0.030338246147498693
755,0.02262016405970646
756,0.0043025323386204906
757,-0.02270555169476607
758,0.01241232488282451
759,0.017921076134660652
760,-0.01621240209124375
761,-0.0022176218586111573
762,0.024775892299075397
763,-0.024353936410745014
764,0.030225196595852544
765,0.011885849028822781
766,-0.03321067328356164
767,0.007738580144963647
768,-0.01954724615745429
769,0.00849688413483668
770,-0.01742537743065356
771,-0.02220244989113379
772,-0.03233470109243908
773,0.03779326440339803
774,0.018131496537972247
775,0.00033880456073429044
776,-0.03315478620332102
777,0.008618409768587965
778,-0.026592080209132285
779,-0.02214077559554123
780,-0.023841959604489094
781,-0.014483947558722149
782,-0.02353878266418008
783,0.0314149061531398
784,0.03391631327450095
785,-0.02206251696290118
786,0.017420224155782704
787,0.01375591743244109
788,-0.021168470473372336
789,0.001916227234210116
790,-0.03149814865990497
791,0.015482929573157278
792,-0.02982297074522955
793,-0.019676238668915325
794,-0.03212251994861326
795,0.0006736053675347742
796,0.058620541607809384
797,-0.03439989958854306
798,-0.02931428911471068
799,0.011913141311407527
800,-0.024540117953929297
801,-0.035455111971002706
802,-0.03129467667980912
803,-0.03621361560137526
804,-0.02464483522226102
805,-0.03099424958106134
806,0.007478727083408965
807,-0.020585621107133967
808,-0.026643153817908938
809,-0.02359475545253087
810,0.025105729707149305
811,-0.023928354350031045
812,0.029239159951746974
813,-0.019803267641327227
814,0.0076909487985420966
815,-0.026411532538573645
816,0.010434280397034701
817,-0.022313550300986362
818,-0.03173327058401554
819,-0.03126938473568419
820,0.03515454274019669
821,-0.03234011752058663
822,-0.030364320669749256
823,0.01459092000909823
824,-0.011600176430965226
825,-0.024812826123227216
826,0.015239995492168756
827,-0.02025618306830157
828,0.013980034980599298
829,-0.02174722367680737
830,-0.019627341909850604
831,0.008545061245787577
832,0.02893116282517494
833,-0.020401007276489413
834,0.02033741315046822
835,0.011341201425337344
836,0.02259384548599097
837,-0.023834522829450977
838,0.0418260281909576
839,0.028014363172451207
840,-0.025646632565004435
841,0.0223349845144607
842,-0.01659168229339969
843,-0.02245575801055577
844,-0.019743955335113306
845,0.017612187317054717
846,-0.025578675265205297
847,0.0132312085292845
848,0.008957889445186162
849,0.008630184398581542
850,0.03839926325807719
851,0.03879103224858538
852,-0.016214215288916894
853,-0.013850210536500873
854,0.004764245809416978
855,-0.03208680928045571
856,0.004728244579730034
857,0.0013956591251983869
858,0.01882191716322157
859,-0.030202644030510317
860,-0.02387824771574132
861,-0.020049677188380577
862,0.029211109524668544
863,0.006659240242984754
864,0.03632223591413131
865,-0.03325534655796536
866,-0.0005446153110676838
867,-0.03250725168172297
868,-0.03298426709483471
869,0.012520794892222131
870,-0.03225976330249991
871,0.005898569792115532
872,0.012967731105760716
873,-0.029108018540964342
874,-0.03248482725932189
875,-0.020071612546330442
876,-0.03265365975895573
877,-0.027386285171771996
878,-0.032212603180235666
879,-0.024570734568974295
880,-0.032436942675664215
881,0.034725837000919135
882,-0.02399233775120957
883,-0.030117837963193728
884,0.013980034980599298
885,0.007259669379180211
886,-0.03028640032413965
887,-0.03326955402660858
888,0.010901075844574226
889,-0.023612669241834028
890,-0.021993467350446605
891,0.005733258968928484
892,-0.023911206969399967
893,0.01404220212603946
894,0.014755696965062792
895,0.018732020103893965
896,-0.02316470932915632
897,-0.024568271695852406
898,0.0021896350855085678
899,-0.023473880116233747
900,-0.024020622012224102
901,0.012618251313939843
902,0.028870776928071717
903,0.0045570081089760794
904,0.006503156215152989
905,-0.022915205845970232
906,0.013001570340979651
907,-0.0201307656022795
908,0.023000312911936938
909,0.0171088051814402
910,-0.0186156944176617
911,0.020936914927723205
912,0.005577313469666695
913,0.01388489110976876
914,0.00756560048426852
915,-0.0353351313701169
916,0.009711065099505867
917,-0.027797957575951993
918,-0.022244736452093794
919,0.028235116368339086
920,0.020252446081255093
921,0.00793975905167904
922,-0.01787860741099076
923,0.04654207559109169
924,0.017700558819795098
925,-0.030742682774173802
926,-0.027166125930977558
927,-0.034155714093874856
928,-0.024758301792734416
929,0.016478989656988963
930,-0.0009877205944760978
931,0.012778942111992597
932,-0.021550651621478012
933,0.016002050371711374
934,0.009309071942154579
935,0.02587495737734402
936,0.03259514467248126
937,0.0023410171507579625
938,-0.03224480192030976
939,0.011472605456407492
940,-0.032436942675664215
941,0.016964775112345176
942,-0.025626443710410007
943,0.01390997444395281
944,0.04905779492413109
945,-0.01154796372959939
946,-0.024205179108150565
947,0.000267565251104801
948,-0.023072523380190613
949,0.008260905177176925
950,0.013235038925596743
951,-0.024596494540951475
952,0.041655599102006224
953,-0.02668069166546916
954,0.013155275233216024
955,-0.03038296115161171
956,0.0012910362564577393
957,-0.03245419978111452
958,0.007901404047468863
959,-0.019517384272276672
960,-0.030514739960200377
961,-0.03133408460802478
962,-0.02075706539056532
963,0.019820951598809977
964,0.01052033823252485
965,-0.0012097316130355446
966,0.018276681203456546
967,-0.023488833636252204
968,-0.024590437409841015
969,-0.03202474298787139
970,0.002498268935505976
971,-0.031061494130516287
972,-0.02660391825690489
973,0.026394252050503608
974,0.0036906132453592977
975,0.008889831018005945
976,-0.02431886337670308
977,0.010252012410659705
978,-0.02774418860706257
979,0.0120058577024445
980,0.009514186282071402
981,0.010102672435216453
982,0.02601438835130543
983,-0.023371439108144654
984,-0.015448812448439597
985,0.029550974389760398
986,-0.02044722647001751
987,-0.02198993521155357
988,-0.03129467667980912
989,-0.03355467123863953
990,-0.024211052788002063
991,-0.022354370273089286
992,0.005405662473147915
993,0.007756112387370784
994,0.0191402530590144
995,-0.018693016106659466
996,-0.018615458585773764
997,-0.0013117038766395084
998,-0.024654391852379276
999,-0.03254240438875633
1000,0.025087819632581887
1001,0.015588015032717062
1002,0.0017947674365343946
1003,-0.02927089120743731
1004,-0.021787171996365484
1005,0.044381591850787716
1006,0.003698199506426858
1007,-0.028636947417002512
1008,-0.009502522880675546
1009,0.02787410466915241
1010,-0.020847873673661532
1011,-0.020378833457537937
1012,0.005388549580227359
1013,0.015633321421848978
1014,-0.033101004827576386
1015,-0.02979314125447119
1016,-0.03279323661633915
1017,-0.03135153401534607
1018,-0.01858048711904886
1019,0.020618830538733923
1020,0.0011885310385701953
1021,-0.02183681302197049
1022,-0.024729401420674257
1023,0.034719750242288794
1024,0.00454424182961688
1025,0.014548840885476255
1026,-0.02869125818781426
1027,0.018723103134299257
1028,0.007478727083408965
1029,0.013647184870912599
1030,-0.02246804598262636
1031,0.010464092705526673
1032,0.030259347175853213
1033,0.02681120319040653
1034,-0.020568163147835883
1035,-0.021066073253075634
1036,0.013234612238699317
1037,0.02795024728049411
1038,-0.022079440360783298
1039,-0.029736355916546886
1040,-0.021012771876604497
1041,0.01414760118388475
1042,0.018264402265831425
1043,-0.030566205324712103
1044,-0.018576271342356093
1045,0.0218189812860643
1046,0.000795794434800795
1047,-0.03183734591350973
1048,-0.03087191338739248
1049,0.004647809820099241
1050,0.03492540635887276
1051,0.012945543245405755
1052,-0.033294852532213315
1053,0.011234200176625686
1054,-0.024642784749912106
1055,0.010136126189863204
1056,0.004473218580876626
1057,-0.02301283777158314
1058,0.015756400786096858
1059,0.012306284736221196
1060,-0.03269811731190986
1061,0.05218514276378827
1062,-0.019160179375454778
1063,0.006293164589834976
1064,0.019962099756823837
1065,0.0013124297970815435
1066,0.021254630914681494
1067,0.023716789077001033
1068,0.016961227787116395
1069,0.036884389168567844
1070,-0.02300529802754847
1071,0.017160024582047018
1072,-0.024296385115011643
1073,0.02262439067166977
1074,0.0003907364285945514
1075,-0.031166273221197027
1076,0.020734120414318324
1077,0.012162059184766538
1078,-0.028967090683199692
1079,0.006919873183475256
1080,-0.01893335916881944
1081,0.0417727308621898
1082,-0.03075660605047803
1083,0.02155398794014285
1084,0.0020620452685128077
1085,-0.017748882681419692
1086,0.02207109557394149
1087,0.0030911030957161134
1088,-0.010931323420608985
1089,-0.03251401770393936
1090,-0.03055685616919679
1091,0.005405662473147915
1092,0.017531547600933006
1093,0.03363662845162152
1094,-0.023013926797979034
1095,-0.023694033617991273
1096,0.0005163227302140971
1097,0.012873001673039064
1098,0.012221080864256717
1099,-0.033047814155486965
1100,0.013341186083203671
1101,0.01401046199596001
1102,-0.017026647353736074
1103,0.04542268852730702
1104,-0.03157355538637763
1105,0.007640923711658254
1106,0.050055249796792545
1107,-0.031899703352537445
1108,0.009008953619876858
1109,-0.034012343179851356
1110,-0.021628558982117352
1111,0.017643422633174477
1112,-0.0294041187289662
1113,0.0508149978419461
1114,0.05856822259651029
1115,0.006468784745428502
1116,-0.02486144630393039
1117,-0.028490987915249455
1118,-0.024537123698485597
1119,-0.01900905548231477
1120,0.00532799591851546
1121,-0.0300629877339611
1122,0.007250455455708793
1123,0.029841855610251433
1124,0.016303552341718097
1125,-0.024569012130047807
1126,0.04102702606966213
1127,-0.020186629060322314
1128,0.012008214689459451
1129,0.01563270610317452
1130,-0.007853561401575629
1131,0.04613786368715678
1132,0.01892155911708232
1133,-0.028406608661958543
1134,0.013647184870912599
1135,0.01845841747946153
1136,0.028534413675214476
1137,0.009440035333993069
1138,-0.014107026156392255
1139,0.006373568193736939
1140,0.010955300379037136
1141,0.019220307941278436
1142,0.01864242672788019
1143,0.015513834165280793
1144,0.0023758299540062866
1145,0.017595617395821717
1146,-0.025617249922385676
1147,-0.02507387273497408
1148,0.029047222025307184
1149,0.014762783056240403
1150,-0.02358927562261065
1151,0.010963085920559834
1152,0.015166103986021418
1153,0.020380451325968663
1154,-0.02965317667750944
1155,-0.025826183862211527
1156,-0.032685584155886405
1157,-0.02989033695778165
1158,0.02680225586133511
1159,0.0030016437831383302
1160,-0.02419513827972586
1161,0.012873001673039064
1162,0.004460877103019234
1163,0.011835546734182079
1164,-0.027262513311624215
1165,-0.03226685479672908
1166,0.022004471523621616
1167,-0.021182848494160966
1168,-0.02164017539456531
1169,-0.035605249242629644
1170,0.00931307599910497
1171,-0.01946014687881331
1172,-0.014925962251329195
1173,0.018594417129344787
1174,0.030237339561832832
1175,0.019611032012593455
1176,0.03601475660807918
1177,-0.016051611912384273
1178,-0.03225881874970049
1179,-0.0326447559315004
1180,0.024089409633325398
1181,-0.025959200515189018
1182,-0.024344369444405434
1183,0.008579454682224541
1184,-0.01755684104550559
1185,-0.031218504230549615
1186,-0.015854358726581613
1187,-0.026896716724958247
1188,0.012912036760614032
1189,0.04302041987328453
1190,0.06681701501686077
1191,0.005932188961467244
1192,-0.024894839732404583
1193,-0.021277765819154082
1194,-0.02854890444056979
1195,-0.02317883297861545
1196,0.01586473358740481
1197,-0.02374965313853361
1198,0.014556611732095215
1199,0.0132312085292845
1200,0.0031023487561819274
1201,-0.022091983795870185
1202,0.03879103224858538
1203,-0.03188544854345776
1204,0.03349590456588414
1205,0.019392789874965843
1206,0.032996500906272375
1207,-0.024330992338377988
1208,-0.0016459566920649649
1209,0.014009525783218957
1210,0.03393976974462698
1211,0.017717261631159498
1212,0.06400595649730056
1213,0.01245794610538331
1214,-0.024029091513844802
1215,-0.015126204965846712
1216,-0.022137668017279455
1217,0.018665964047229977
1218,0.019735753721701887
1219,-0.03253651786159417
1220,-0.03258437007133208
1221,0.032673328622824904
1222,-0.029675684500575006
1223,0.04556668299530653
1224,0.004684518811029548
1225,-0.02440149586610696
1226,-0.03309011535928463
1227,-0.024851400697567527
1228,-0.02528924824460632
1229,-0.029331466757183344
1230,-0.0222073061084882
1231,0.017531547600933006
1232,-0.0010343617072738204
1233,0.008304696723542282
1234,-0.0174540664247817
1235,0.05008274887468289
1236,0.010124669897510263
1237,-0.02233853904016192
1238,0.024633656011925353
1239,0.018696823059925483
1240,-0.016427187592412074
1241,-0.023375983017180968
1242,0.027873635908696404
1243,-0.023302011488769703
1244,0.03479719144607063
1245,-0.03060327878855512
1246,-0.022087353751372996
1247,0.02212445269164931
1248,0.0029501093977512827
1249,0.0029861177495147384
1250,0.026289560183614724
1251,0.01386829882694185
1252,0.019452316937276892
1253,-0.022096937570222686
1254,-0.023011170366075917
1255,0.01602146872544208
1256,-0.026875093905198877
1257,0.059757870617143105
1258,0.028301062279959877
1259,-0.023504170778391065
1260,0.010221741242457949
1261,-0.024610359037879337
1262,0.021100419379659008
1263,0.02524466949187898
1264,-0.019820823725052783
1265,-0.03255280900790947
1266,-0.023011170366075917
1267,-0.021959182031069557
1268,0.011864993263163759
1269,0.00976873450808663
1270,0.04016516040084628
1271,0.002795352325149547
1272,0.03332193850968801
1273,0.03320497222106866
1274,0.044902689584238153
1275,0.023979782032623298
1276,-0.02220244989113379
1277,-0.0007433968835749427
1278,0.025777527304007508
1279,0.0614710111698773
1280,0.014336526351228951
1281,0.004660090722754168
1282,0.015588015032717062
1283,0.03064153560049765
1284,-0.02189675903759669
1285,-0.015004480768510603
1286,0.014574483791657766
1287,-0.03159080722558527
1288,-0.030795845829081236
1289,0.019616311725412172
1290,-0.02809099650612268
1291,-0.020092579468659166
1292,0.042311587637927195
1293,0.0030582621476319405
1294,-0.032575706300054796
1295,-0.034402768273824935
1296,0.017121207476562927
1297,0.01889621906364558
1298,0.0187157904401003
1299,-0.03221986021726275
1300,0.024411600801339306
1301,0.0028127443216059422
1302,-0.024829978536686226
1303,-0.031072806762000527
1304,-0.019974523680026945
1305,-0.0278977314131566
1306,-0.023107966632410715
1307,-0.027341527355037698
1308,-0.026208629419061213
1309,0.01264545135573003
1310,-0.026813160894894716
1311,-0.02530639159278858
1312,0.00392409354302356
1313,-0.022067438307666443
1314,0.020609129925238334
1315,0.028350803885316522
1316,0.022026400715392414
1317,-0.025175422467547837
1318,0.01139990460028334
1319,0.011272025859974
1320,-0.029675684500575006
1321,0.02222996600862981
1322,0.0027879634876905313
1323,-0.014587106608284162
1324,0.025144189170229647
1325,-0.02405055174069226
1326,-0.025252991659727497
1327,-0.02315665973663894
1328,-0.03591823419737161
1329,0.03201896971217033
1330,0.06511760009342749
1331,-0.03228519626568882
1332,0.013928921740258227
1333,-0.02675137319048515
1334,0.008813407877488688
1335,0.004803431587797113
1336,-0.030066644657985586
1337,-0.023405989314087106
1338,-0.02559117147679446
1339,0.006233096012886352
1340,0.07391700861835804
1341,0.03565417074786681
1342,0.012579754115870978
1343,0.009280953259328595
1344,-0.032610908531176985
1345,0.00495689428451343
1346,-0.03503169922249527
1347,0.04855041208771049
1348,-0.03188544854345776
1349,-0.023437606127740762
1350,0.021909659437033824
1351,0.002463252643283065
1352,0.04915814946344699
1353,0.01957155933863519
1354,-0.03160840283036093
1355,0.01993835715144443
1356,-0.02227025803380056
1357,0.008073723605989735
1358,0.008135619308428432
1359,0.019223708619807045
1360,0.007295894421529864
1361,-0.021652601136467164
1362,0.0010970068596801302
1363,0.02795024728049411
1364,0.033566244672261325
1365,-0.023886794123739397
1366,-0.022589781251186214
1367,-0.022805373907211213
1368,-0.023340890522430213
1369,0.0249373089902436
1370,0.01402827074869506
1371,0.0352512209049749
1372,-0.032534933420107714
1373,0.016673387669506046
1374,-0.030085781002681444
1375,-0.02202529862172231
1376,0.027056034586350197
1377,0.007964649878980212
1378,0.01049764672896214
1379,-0.021757224426186217
1380,0.02723087286461734
1381,0.031494823664521165
1382,0.006419463306225559
1383,0.02148235916919028
1384,-0.0004392972260360839
1385,0.005238013138812919
1386,-0.01823720868544676
1387,-0.022216534348558747
1388,-0.020189626902609614
1389,0.0032794799113396444
1390,-0.02298122122458135
1391,-0.02396439119106364
1392,0.0009479614650233087
1393,-0.024568271695852406
1394,0.005066509812775621
1395,-0.035464032218605945
1396,-0.02021720852801867
1397,0.027208831535664335
1398,-0.01853667857749708
1399,0.02091371381433904
1400,0.013606529637850528
1401,0.04811134290036412
1402,0.040285653045894376
1403,-0.03162012436054373
1404,0.00442449165197778
1405,-0.035247272303709276
1406,-0.02510576522376079
1407,-0.023175933519665737
1408,0.037926081262198874
1409,-0.021919362424639433
1410,0.00041363362199736686
1411,-0.022909282264630404
1412,-0.03128417359119262
1413,-0.022115634117000682
1414,0.023000312911936938
1415,0.006910243574647534
1416,-0.03547713399838015
1417,-0.013685078607581239
1418,0.007269351763253162
1419,0.04490622621631091
1420,-0.02878649924272736
1421,0.030668819575280004
1422,-0.02419513827972586
1423,0.013291599438008395
1424,-0.021532242224048148
1425,-0.024596378185859247
1426,-0.035868281227520726
1427,0.023466925963105623
1428,0.0033664278345234833
1429,0.012914246046707434
1430,0.02568112468067507
1431,0.017195739085682005
1432,-0.0333986355666559
1433,0.020603252035304886
1434,-0.023652662814475145
1435,-0.016340068671667707
1436,-0.02440149586610696
1437,0.004098037830441215
1438,0.03622020559160111
1439,0.025643336799151095
1440,-0.02357610861621462
1441,0.01777951575175224
1442,0.014755696965062792
1443,-0.020280249768878267
1444,0.006704625039333334
1445,0.015102662119799048
1446,0.029260774397602884
1447,0.003708556235613558
1448,0.029550974389760398
1449,-0.026916815660964433
1450,-0.021379693081547857
1451,-0.022101173442801603
1452,0.005880240323723196
1453,-0.024893956482099022
1454,0.015395408989808401
1455,0.003593905988757806
1456,-0.03288539686409342
1457,0.019985502130912047
1458,0.0010075367252413425
1459,-0.029487432751466702
1460,0.04562211271683414
1461,-0.011949099053363055
1462,-0.0003906774011076808
1463,-0.018341969025151228
1464,0.03154823263027373
1465,0.008135619308428432
1466,-0.024069360285351005
1467,-0.022830858375470053
1468,0.007879577436903429
1469,-0.012601325640981847
1470,-0.024568271695852406
1471,-0.012829015400823929
1472,0.01470935688321845
1473,-0.03008950202229299
1474,0.013161226141097493
1475,0.022260428298513935
1476,0.006656209292004972
1477,0.03608590499809006
1478,0.0027879634876905313
1479,0.022291614914963342
1480,0.023628336309624576
1481,0.048657512808123915
1482,-0.021764806034743733
1483,-0.023488724448818332
1484,0.04510024047276828
1485,0.016905432740428605
1486,-0.025286420224090833
1487,-0.02334084268095893
1488,0.02566688391473737
1489,0.02155398794014285
1490,0.030068456565907065
1491,0.008454046635509083
1492,-0.03172430968678497
1493,0.019392789874965843
1494,-0.0305479590889719
1495,-0.021764984711211577
1496,0.01573066645692195
1497,-0.030308603499260456
1498,0.04648126310281708
1499,0.020420153109252825
1500,0.009877762157377512
1501,0.0051419867724978585
1502,-0.01956326303487893
1503,0.003730414562624129
1504,0.023549374257345712
1505,0.016174635148647643
1506,-0.02456804550266256
1507,0.030933379900890734
1508,0.012918376402764664
1509,0.021426420468135143
1510,0.020252446081255093
1511,-0.015375545263413892
1512,-0.03034105076102378
1513,0.03668126658352633
1514,0.025412363189223353
1515,-0.022768359206482902
1516,0.016606892247374216
1517,0.02867254002968045
1518,0.015226072130576807
1519,-0.022605217665167876
1520,0.03961863376177199
1521,-0.023841880608724275
1522,-0.019121080348562136
1523,0.032885087295575266
1524,0.06205518638978558
1525,0.015482929573157278
1526,0.019011273367620873
1527,0.048657838354580374
1528,-0.022949943950454355
1529,-0.02201193413985092
1530,-0.018540923000839704
1531,0.01663084754914057
1532,0.02868056136089525
1533,0.0052090665492498245
1534,0.030668819575280004
1535,-0.025743417845111916
1536,-0.03150584160830072
1537,-0.030246699388221998
1538,0.0014891095074245075
1539,0.03698007460420749
1540,0.024229440384262557
1541,0.004429244978338909
1542,-0.018443980562129147
1543,0.021464970453362597
1544,0.028368749914583824
1545,0.006920795791315104
1546,0.009399516951040077
1547,0.023000312911936938
1548,0.026203706044461317
1549,-0.031708971867835056
1550,0.031427116817105305
1551,0.013938654725975497
1552,-0.03150701520732313
1553,-0.02710540611602863
1554,-0.024142848188240973
1555,-0.0004773022732369181
1556,-0.01601422784124651
1557,-0.022045764796207346
1558,-0.032436942675664215
1559,-0.017600868648537826
1560,-0.01903916005992934
1561,-0.03195237172802057
1562,0.019611032012593455
1563,0.04166112731037419
1564,-0.019650146468915386
1565,0.0022904075622042774
1566,0.013118393251027982
1567,-0.02400325572152373
1568,0.014795578994832803
1569,0.005627618246630189
1570,-0.02985655977009316
1571,0.009845703507567749
1572,0.023897234262761025
1573,0.012151437240514484
1574,0.031656388201581676
1575,0.03998697497931192
1576,0.02671271794105179
1577,0.00416794742810217
1578,-0.02172948393991636
1579,-0.019218830586621882
1580,-0.019497437783021432
1581,-0.02457841230091795
1582,0.01897149721632152
1583,0.006503156215152989
1584,0.0002887553368143836
1585,-0.024106455592110665
1586,-0.019967241430191907
1587,0.03628271847950737
1588,-0.027662116810060755
1589,0.049881312169508085
1590,-0.03406784250102701
1591,-0.023807244091483715
1592,0.009045765743948664
1593,-0.03253586434718847
1594,-0.03151154481650231
1595,0.029466644308064338
1596,0.0044468948429232935
1597,-0.02370992119966342
1598,0.018003881613101735
1599,0.012472875928311422
1600,-0.021472066797841083
1601,0.011431781185241963
1602,-0.02303310128167546
1603,0.01049764672896214
1604,0.009147487786437036
1605,0.032016463203887846
1606,-0.022628164838707776
1607,0.007136456545388858
1608,0.030868080270131992
1609,-0.023771163330841616
1610,-0.0317545089872453
1611,-0.027428304048124463
1612,-0.021311893078473088
1613,-0.030899350622958677
1614,0.029509610206278514
1615,0.008808204739355785
1616,0.009065370548571927
1617,0.013958540776316697
1618,0.025900672192146423
1619,0.018673485647442145
1620,-0.029474867198300614
1621,0.011444632515366149
1622,-0.03217270936756533
1623,0.02747486907754848
1624,-0.02654807168867318
1625,-0.03188290587923104
1626,0.0486567900353404
1627,0.015657179572409308
1628,0.04048419253329305
1629,0.013118393251027982
1630,0.013291599438008395
1631,-0.029840405487529642
1632,0.007644373941679883
1633,-0.024652448436306873
1634,0.03107677257019359
1635,-0.018903979740018007
1636,-0.022870354946727678
1637,-0.016879982954172007
1638,0.013884152008039274
1639,0.006955371148267997
1640,0.01630449373424414
1641,-0.03063912956934034
1642,0.002076410152324265
1643,0.02084451839310364
1644,0.000333628593416041
1645,-0.024915862947274214
1646,0.04136599378761674
1647,0.0038194679173040036
1648,0.029466644308064338
1649,0.035487452935920705
1650,-0.0245754060541723
1651,-0.02006607294637136
1652,-0.02557712358454134
1653,-0.031960425201247644
1654,-0.02198993521155357
1655,-0.033404439136191844
1656,-0.020568163147835883
1657,0.031062791905992038
1658,0.01782754513575391
1659,0.015819317916643927
1660,0.029010331006177448
1661,0.010672020099507351
1662,0.051613853065329396
1663,-0.02801973563459592
1664,-0.023537471552583566
1665,0.012678019867669754
1666,0.032233318153418455
1667,-0.020701305353112043
1668,-0.022870354946727678
1669,-0.03144724198373583
1670,0.012270540204867175
1671,-0.029576439151479117
1672,-0.02799418112164176
1673,0.017256005579754596
1674,-0.026411532538573645
1675,-0.024038127791673303
1676,-0.02446862849306697
1677,0.015364282890291625
1678,-0.023437235957484315
1679,-0.018302304811569303
1680,0.007787865447466236
1681,0.028083896110329132
1682,-0.0006782063851737026
1683,0.018182628589920924
1684,-0.03457938508433367
1685,-0.02185612831700301
1686,-0.02568591078772381
1687,0.01839202505175852
1688,-0.02450382322294753
1689,-0.024798559923637997
1690,0.026850523213300836
1691,-0.02411306600037011
1692,0.023624645626537877
1693,0.004627206997227823
1694,-0.021479698459153762
1695,0.009009564382776614
1696,0.021673298116674733
1697,-0.019913575667769134
1698,-0.03650808554504059
1699,0.032440656275810054
1700,-0.023811660862603667
1701,-0.023614769559070603
1702,-0.0333658690707872
1703,-0.021598570373002945
1704,0.03479719144607063
1705,-0.02316470932915632
1706,-0.019741996136907858
1707,-0.023652662814475145
1708,-0.02762523361641417
1709,-0.018702700908150682
1710,-0.03254328810033924
1711,-0.024492352565317677
1712,0.01621655330510563
1713,0.008523882469888111
1714,-0.031160341317253648
1715,0.01731401980531999
1716,-0.03254255694763919
1717,-0.03089881872733935
1718,0.012421403629526762
1719,0.009376030241486921
1720,-0.035351124692940994
1721,-0.01602202549158188
1722,0.01994554407293475
1723,0.022000780408226006
1724,-0.017822660946205937
1725,-7.903035696574245e-06
1726,-0.01962466795923201
1727,-0.02164584667094288
1728,0.008198988421209419
1729,0.03577304289051264
1730,0.03769675536278938
1731,-0.03265365975895573
1732,-0.0007145235117213267
1733,0.0035294745212728906
1734,0.010019084686720747
1735,0.004512379102149383
1736,0.010853412999809575
1737,-0.03259076942816386
1738,-0.03232171774012427
1739,-0.023011170366075917
1740,0.01765644961877133
1741,0.019663342166802877
1742,-0.024687404500880472
1743,0.05732502209879731
1744,-0.021441168794459675
1745,0.030394234760968586
1746,0.007829297859895723
1747,0.02654483344492986
1748,0.0294645752378474
1749,0.016586242068003854
1750,0.008324750945182424
1751,0.005275374530584381
1752,-0.02225811151765128
1753,0.018475214193889866
1754,0.01290637957995977
1755,0.017294189502629453
1756,0.04649414198070079
1757,0.02706606516183352
1758,-0.024964048315039178
1759,-0.02440149586610696
1760,-0.015485304721724324
1761,-0.02133609238308709
1762,-0.01991843885275968
1763,-0.015219421424685159
1764,-0.02430815447821233
1765,0.02155398794014285
1766,0.008135619308428432
1767,0.000855901674500753
1768,0.03308903160373888
1769,-0.02140748570585166
1770,-0.027123471042585945
1771,-0.020890426694245123
1772,0.007575134213749279
1773,-0.031710089634392924
1774,0.0031023487561819274
1775,-0.02514580513883169
1776,-0.032503609194542316
1777,0.018181139080557518
1778,-0.03156686338575776
1779,-0.02246804598262636
1780,-0.029957785150268257
1781,-0.032301886352522846
1782,-0.02569856434640061
1783,0.020622529577186022
1784,-0.032575472613525
1785,0.018681355416051648
1786,-0.0226640521160274
1787,-0.021124379846081398
1788,-0.023352982450755566
1789,0.004070043449733718
1790,0.020783274392946582
1791,-0.02187709314451325
1792,-0.02114586285973885
1793,-0.03250523226740909
1794,-0.021627174452957143
1795,0.019531497973314438
1796,0.036482045842099686
1797,0.015904202133925294
1798,0.007865782977629465
1799,0.0035120887785653476
1800,0.031839665740076906
1801,-0.03336498332906879
1802,0.028102182156338418
1803,0.015513834165280793
1804,0.01607954944068707
1805,0.024633656011925353
1806,0.008860235016014073
1807,0.004550822425443496
1808,-0.024565338179880325
1809,0.05143887631338684
1810,-0.03025986886069898
1811,0.031015778719510334
1812,0.016561132083976637
1813,-0.011479957165460894
1814,0.0054303514578629974
1815,0.019531497973314438
1816,0.0014673375124823196
1817,0.003577017542396338
1818,0.008771662406009961
1819,0.004291715072509222
1820,0.004602234066717864
1821,-0.024861357615220125
1822,0.02120317163735952
1823,-0.021794072480897875
1824,-0.036273831654961786
1825,0.021238914997460112
1826,0.03186550091144913
1827,0.02064357892099311
1828,-0.03253651786159417
1829,0.02453015280173576
1830,0.03973070304793058
1831,0.003063752174621126
1832,-0.03217270936756533
1833,-0.024812477860267967
1834,0.02256719551596842
1835,-0.03534823160009859
1836,0.008129345439249702
1837,0.029096280343882786
1838,0.01627661360105026
1839,0.011512370607649702
1840,-0.02929880571102994
1841,-0.022519459690763854
1842,0.041183146489463196
1843,0.011142518141712798
1844,0.008310473270385643
1845,0.01623902077164363
1846,0.03318678590580271
1847,-0.02899917557506071
1848,-0.02527720840841563
1849,-0.029675684500575006
1850,0.037437854472034626
1851,-0.02092428658597123
1852,0.026850523213300836
1853,-0.022119556006011565
1854,0.013194838257972852
1855,-0.026663207937865252
1856,4.458184038338975e-05
1857,0.021376628854308355
1858,0.022844675862822128
1859,0.005901893938523223
1860,-0.03158299903558903
1861,-0.023766108942418263
1862,-0.024357320096557666
1863,-0.03227504457762809
1864,-0.020771117333736322
1865,0.019862989159224353
1866,-0.03310238190775949
1867,0.012639558254445127
1868,-0.03518290881680408
1869,-0.023465153245805837
1870,2.8236437153633664e-05
1871,0.007594968318750006
1872,0.0022876424390279454
1873,-0.0236107045436188
1874,0.009328180672284636
1875,0.022510076364266718
1876,0.03346340903262757
1877,0.01602146872544208
1878,-0.03220018373133271
1879,0.007495738454551759
1880,0.0024541448262128673
1881,-0.02046151685960934
1882,-0.03253651786159417
1883,-0.029480098834236745
1884,0.06565578944213235
1885,-0.022096937570222686
1886,0.039453836801920494
1887,0.002545430152138539
1888,-0.021386726470171702
1889,0.040101408963441165
1890,0.017828532122098173
1891,-0.023389436854254098
1892,-0.027551303690490414
1893,0.03779306689101114
1894,-0.02011744692716183
1895,-0.032793029759475845
1896,0.005633641466801592
1897,-0.016015873556742832
1898,0.008244036628768325
1899,-0.019952517009112603
1900,-0.012022580495736346
1901,-0.029268621285851282
1902,0.009282409439098527
1903,0.02680225586133511
1904,-0.02083638347626149
1905,-0.023175930818836177
1906,0.04316379947044213
1907,0.007136456545388858
1908,-0.02093800078678565
1909,0.002441775292746029
1910,-0.024568271695852406
1911,-0.027842085208550582
1912,0.0298620391866925
1913,0.03638747633142181
1914,-0.022101173442801603
1915,0.016195228838475795
1916,-0.033481143648381284
1917,-0.0227709073173874
1918,-0.026533988604400593
1919,-0.0017022994989166484
1920,0.011198311499172997
1921,-0.015832735291218925
1922,-0.022101173442801603
1923,0.020886061951222112
1924,0.048838182647221284
1925,0.04393689652945709
1926,-0.02104240075121122
1927,-0.022173763676279046
1928,0.009614907426280794
1929,-0.024296385115011643
1930,-0.022409947190566326
1931,-0.028677982399458846
1932,0.03278691676755052
1933,0.028651947857095905
1934,-0.024191380997368728
1935,0.007322182822702028
1936,0.019531497973314438
1937,-0.024096972971050457
1938,0.021324927482396006
1939,-0.01814474189791948
1940,0.010459796744288985
1941,0.022576195975445912
1942,0.0488323996365152
1943,0.02249020958715353
1944,0.021956413321593482
1945,0.024571680672025753
1946,0.033837043347335394
1947,-0.018766746296439152
1948,-0.02178347847607165
1949,-0.00040421909477859896
1950,0.012472875928311422
1951,-0.023026781778591854
1952,0.01904457922405256
1953,-0.02492685947998574
1954,-0.01968272844885882
1955,0.02456204548816998
1956,0.04463509562481405
1957,0.002538654691410014
1958,-0.032560107356560786
1959,0.029164068014832067
1960,0.012472875928311422
1961,-0.033554592184606324
1962,-0.02470045513861807
1963,-0.03441814873739557
1964,0.018954109072161496
1965,0.0666429804103219
1966,-0.0230411153071427
1967,0.0057605610222761505
1968,0.016255300308269494
1969,0.021939070441353237
1970,0.01049764672896214
1971,-0.03217705789605829
1972,-0.03265365975895573
1973,-0.022587688694658492
1974,-0.024353402058723606
1975,0.026049966102717037
1976,0.0035386294192062406
1977,-0.020741501666749818
1978,0.010079816671155761
1979,0.07502905079563282
1980,0.02117957918724972
1981,-0.03135259556100434
1982,0.008087809440025684
1983,-0.025738998457006335
1984,-0.03188544854345776
1985,0.04797826885507317
1986,0.00937918182940145
1987,0.026850523213300836
1988,-0.02166470632643036
1989,0.025940394889747753
1990,0.056538048151224096
1991,0.03032367931960711
1992,-0.022909853272433722
1993,0.048657512808123915
1994,0.03593415388074617
1995,-0.018060056918838385
1996,-0.021630278948080728
1997,0.04483980573108237
1998,0.01384565318097386
1999,-0.012772926651380745
2000,0.002003503705992088
2001,0.008676821284744674
2002,-0.02419513827972586
2003,-0.02980346659255456
2004,-0.023876905436772455
2005,-0.020681192144577087
2006,0.013958540776316697
2007,-0.013928004860261689
2008,-0.024344369444405434
2009,0.026107378420806016
2010,0.00635071962978187
2011,-0.02064393568790579
2012,-0.022357830127594513
2013,-0.027595201291322313
2014,0.002527166547067
2015,0.004056839721410688
2016,-0.015906287560367577
2017,-0.024598803155585935
2018,-0.01845717171512784
2019,0.016123067909315003
2020,0.00567557887851175
2021,-0.032482529071614086
2022,-0.03305890986768101
2023,0.015179641913898867
2024,0.00921897174562225
2025,-0.028305605137988854
2026,0.036164437318959464
2027,0.005612913946094034
2028,-0.028967090683199692
2029,-0.01721297143273992
2030,0.030668819575280004
2031,-0.01659168229339969
2032,-0.021546922134230484
2033,0.039004460860757484
2034,0.04490969517163923
2035,0.0007130255061389285
2036,0.0051637081138981855
2037,0.006656209292004972
2038,0.005681129126206497
2039,0.007594968318750006
2040,-0.034690741173878825
2041,0.0014782378969976917
2042,-0.02328614294821968
2043,-0.0323485262046882
2044,0.009404500630443402
2045,-0.015126204965846712
2046,0.03763736417516572
2047,-0.03188212453483885
2048,-0.024742755694328378
2049,0.027965552858975506
2050,-0.019745893111968726
2051,0.012306284736221196
2052,0.014295406563689439
2053,-0.0014505034155452012
2054,0.017014605019859408
2055,0.03032367931960711
2056,-0.023064681574854695
2057,0.0034080448728004697
2058,-0.00955201647719539
2059,-0.03203841269918639
2060,0.0018841340927151784
2061,-0.029606789518621612
2062,-0.02364794129576131
2063,0.09370737452409195
2064,-0.031218370442107513
2065,0.01661088533175903
2066,0.045361992711125065
2067,0.019383282541438618
2068,0.01619037818367497
2069,0.0046452498340366355
2070,-0.021294727272028913
2071,-0.01876769264365985
2072,0.03772701208468343
2073,-0.024641391511216915
2074,0.010332920830313674
2075,0.025162255731429606
2076,-0.030194160639268497
2077,-0.018635980264742252
2078,0.010908975921932185
2079,-0.018379531082840572
2080,-0.030243796883280827
2081,0.0042127636323665285
2082,-0.030383593078778026
2083,0.01673249443752195
2084,0.007567167429630817
2085,-0.008242710496031577
2086,0.0030890451734358892
2087,-0.03202090005577041
2088,-0.021315347461684564
2089,0.02489113976102364
2090,0.014686476035568774
2091,0.018417662830802928
2092,0.0645693112915875
2093,0.005198367818151001
2094,0.013665255669768617
2095,0.0011192843458837365
2096,-0.02454650173601325
2097,-0.03242192665184995
2098,0.006051795928152609
2099,0.004038069574704456
2100,0.02030925442563153
2101,-0.032749930212867207
2102,0.02566406090532891
2103,0.005991595451728782
2104,0.023561658568607036
2105,-0.023112151954094218
2106,0.0052664991550116225
2107,0.007136456545388858
2108,-0.02785060566979869
2109,-0.013719913325102917
2110,-0.03225881874970049
2111,0.025548963396966107
2112,-0.02234094613025983
2113,0.031905780728907374
2114,0.031062791905992038
2115,0.05178705378865334
2116,0.002873990510970925
2117,0.02446130904272259
2118,0.014851242389663288
2119,0.013980034980599298
2120,-0.024159093289245148
2121,0.017713597499974143
2122,-0.031661627725248054
2123,0.007110579199973488
2124,0.03048867605269978
2125,-0.019409935504522302
2126,-0.016719355376758588
2127,0.0406648824186947
2128,0.012436337967927813
2129,-0.014895747925307123
2130,0.01997579270197547
2131,0.01863077213312081
2132,0.01910713561672739
2133,0.004999505450723696
2134,-0.02849959270853053
2135,0.0004871013650162015
2136,0.011631222452951506
2137,-0.02491784500009503
2138,0.018181139080557518
2139,0.030256812658857046
2140,0.028505551950756658
2141,0.007417905412474335
2142,0.014228832114043577
2143,-0.03224838752872072
2144,-0.021995868729247525
2145,0.005164890060099958
2146,0.0024653909705403265
2147,0.016342297064220745
2148,-0.024442981909174155
2149,-0.01742537743065356
2150,0.041396291283334774
2151,0.0019206514515965334
2152,0.019627677477551453
2153,0.018674293200424463
2154,0.004128119228959115
2155,0.016797152408749016
2156,-0.029803777052261227
2157,0.013157963196314404
2158,0.054641128836420805
2159,0.02622871792985515
2160,-0.0231893217468786
2161,-0.027379636940080443
2162,0.0530426830040478
2163,-0.0231893217468786
2164,0.03430625944161425
