,pve
0,-0.11763150558620739
1,0.11292231217143522
2,0.11292231217143522
3,-0.129002402456441
4,0.10647785160430301
5,-0.129002402456441
6,-0.11763150558620739
7,0.11292231217143522
8,0.10647785160430301
9,0.10647785160430301
10,-0.11763150558620739
11,0.10647785160430301
12,-0.11763150558620739
13,-0.129002402456441
14,0.11292231217143522
15,0.10647785160430301
16,0.10647785160430301
17,-0.11763150558620739
18,-0.11763150558620739
19,-0.129002402456441
20,0.11292231217143522
21,-0.11763150558620739
22,0.11292231217143522
23,0.11292231217143522
24,-0.11763150558620739
25,0.10647785160430301
26,-0.129002402456441
27,0.10647785160430301
28,0.11292231217143522
29,-0.11763150558620739
30,-0.11763150558620739
31,-0.129002402456441
32,-0.129002402456441
33,0.11292231217143522
34,0.10647785160430301
35,0.10647785160430301
36,-0.129002402456441
37,0.11292231217143522
38,0.11292231217143522
39,-0.11763150558620739
40,-0.129002402456441
41,-0.129002402456441
42,0.11292231217143522
43,0.10647785160430301
44,0.11292231217143522
45,0.11292231217143522
46,0.10647785160430301
47,0.11292231217143522
48,-0.129002402456441
49,0.10647785160430301
50,0.10647785160430301
51,0.10647785160430301
52,-0.11763150558620739
53,0.10647785160430301
54,0.11292231217143522
55,0.10647785160430301
56,0.10647785160430301
57,0.11292231217143522
58,0.10647785160430301
59,-0.11763150558620739
60,-0.129002402456441
61,-0.129002402456441
62,-0.11763150558620739
63,-0.11763150558620739
64,-0.129002402456441
65,0.11292231217143522
66,0.11292231217143522
67,-0.11763150558620739
68,0.11292231217143522
69,0.11292231217143522
70,-0.11763150558620739
71,0.11292231217143522
72,-0.129002402456441
73,0.11292231217143522
74,0.11292231217143522
75,0.10647785160430301
76,0.11292231217143522
77,0.10647785160430301
78,0.10647785160430301
79,-0.11763150558620739
80,-0.129002402456441
81,-0.129002402456441
82,-0.129002402456441
83,0.11292231217143522
84,-0.129002402456441
85,-0.11763150558620739
86,0.10647785160430301
87,0.11292231217143522
88,-0.11763150558620739
89,-0.129002402456441
90,0.10647785160430301
91,-0.11763150558620739
92,0.11292231217143522
93,0.10647785160430301
94,0.10647785160430301
95,-0.11763150558620739
96,0.11292231217143522
97,0.11292231217143522
98,0.10647785160430301
99,0.11292231217143522
100,0.10647785160430301
101,-0.11763150558620739
102,-0.11763150558620739
103,0.11292231217143522
104,0.11292231217143522
105,-0.11763150558620739
106,-0.11763150558620739
107,0.10647785160430301
108,0.10647785160430301
109,0.10647785160430301
110,0.10647785160430301
111,-0.11763150558620739
112,-0.11763150558620739
113,0.10647785160430301
114,0.10647785160430301
115,-0.11763150558620739
116,-0.11763150558620739
117,0.11292231217143522
118,0.11292231217143522
119,-0.11763150558620739
120,0.11292231217143522
121,0.10647785160430301
122,0.10647785160430301
123,-0.11763150558620739
124,0.11292231217143522
125,0.10647785160430301
126,0.10647785160430301
127,-0.129002402456441
128,-0.129002402456441
129,-0.11763150558620739
130,0.10647785160430301
131,0.10647785160430301
132,0.11292231217143522
133,0.11292231217143522
134,0.10647785160430301
135,0.10647785160430301
136,-0.129002402456441
137,-0.11763150558620739
138,0.11292231217143522
139,0.10647785160430301
140,0.10647785160430301
141,-0.11763150558620739
142,0.11292231217143522
143,-0.11763150558620739
144,0.11292231217143522
145,-0.11763150558620739
146,0.11292231217143522
147,-0.129002402456441
148,-0.11763150558620739
149,-0.11763150558620739
150,-0.129002402456441
151,0.10647785160430301
152,0.10647785160430301
153,0.11292231217143522
154,-0.11763150558620739
155,0.10647785160430301
156,0.11292231217143522
157,0.10647785160430301
158,0.11292231217143522
159,0.10647785160430301
160,-0.11763150558620739
161,-0.11763150558620739
162,0.11292231217143522
163,0.11292231217143522
164,0.11292231217143522
165,0.10647785160430301
166,0.11292231217143522
167,0.11292231217143522
168,0.10647785160430301
169,0.11292231217143522
170,0.11292231217143522
171,0.10647785160430301
172,-0.11763150558620739
173,0.10647785160430301
174,0.11292231217143522
175,-0.129002402456441
176,-0.129002402456441
177,-0.11763150558620739
178,-0.11763150558620739
179,0.10647785160430301
180,0.11292231217143522
181,0.11292231217143522
182,0.10647785160430301
183,0.10647785160430301
184,-0.129002402456441
185,0.10647785160430301
186,0.11292231217143522
187,-0.11763150558620739
188,-0.11763150558620739
189,0.10647785160430301
190,-0.11763150558620739
191,-0.11763150558620739
192,-0.11763150558620739
193,0.11292231217143522
194,-0.129002402456441
195,-0.11763150558620739
196,-0.129002402456441
197,0.11292231217143522
198,0.11292231217143522
199,0.10647785160430301
200,0.11292231217143522
201,-0.129002402456441
202,-0.11763150558620739
203,-0.11763150558620739
204,-0.129002402456441
205,-0.11763150558620739
206,0.11292231217143522
207,-0.11763150558620739
208,0.10647785160430301
209,-0.129002402456441
210,-0.129002402456441
211,0.11292231217143522
212,0.10647785160430301
213,-0.129002402456441
214,0.11292231217143522
215,-0.129002402456441
216,-0.129002402456441
217,0.10647785160430301
218,0.10647785160430301
219,0.10647785160430301
220,0.10647785160430301
221,0.10647785160430301
222,0.10647785160430301
223,-0.129002402456441
224,0.11292231217143522
225,0.10647785160430301
226,-0.129002402456441
227,-0.129002402456441
228,0.10647785160430301
229,0.10647785160430301
230,0.11292231217143522
231,-0.129002402456441
232,-0.129002402456441
233,-0.129002402456441
234,0.10647785160430301
235,-0.11763150558620739
236,0.10647785160430301
237,-0.11763150558620739
238,0.10647785160430301
239,-0.129002402456441
240,0.10647785160430301
241,-0.129002402456441
242,0.11292231217143522
243,0.11292231217143522
244,-0.129002402456441
245,-0.129002402456441
246,-0.129002402456441
247,-0.129002402456441
248,-0.11763150558620739
249,0.11292231217143522
250,-0.11763150558620739
251,-0.129002402456441
252,0.11292231217143522
253,0.11292231217143522
254,0.11292231217143522
255,0.11292231217143522
256,-0.129002402456441
257,0.10647785160430301
258,-0.11763150558620739
259,0.10647785160430301
260,0.11292231217143522
261,0.11292231217143522
262,0.10647785160430301
263,0.11292231217143522
264,-0.11763150558620739
265,0.11292231217143522
266,0.11292231217143522
267,-0.129002402456441
268,0.10647785160430301
269,0.11292231217143522
270,-0.11763150558620739
271,-0.11763150558620739
272,0.11292231217143522
273,0.10647785160430301
274,0.11292231217143522
275,0.11292231217143522
276,-0.129002402456441
277,0.11292231217143522
278,0.11292231217143522
279,-0.129002402456441
280,-0.129002402456441
281,-0.11763150558620739
282,0.11292231217143522
283,-0.11763150558620739
284,-0.129002402456441
285,0.11292231217143522
286,0.11292231217143522
287,-0.11763150558620739
288,0.10647785160430301
289,0.11292231217143522
290,-0.11763150558620739
291,0.10647785160430301
292,0.10647785160430301
293,0.11292231217143522
294,0.11292231217143522
295,-0.11763150558620739
296,-0.129002402456441
297,0.11292231217143522
298,0.11292231217143522
299,0.11292231217143522
300,0.11292231217143522
301,0.10647785160430301
302,0.10647785160430301
303,0.10647785160430301
304,0.11292231217143522
305,-0.129002402456441
306,0.10647785160430301
307,-0.11763150558620739
308,0.11292231217143522
309,0.11292231217143522
310,0.11292231217143522
311,0.10647785160430301
312,0.11292231217143522
313,0.10647785160430301
314,-0.11763150558620739
315,0.11292231217143522
316,0.11292231217143522
317,-0.11763150558620739
318,0.11292231217143522
319,-0.129002402456441
320,0.11292231217143522
321,0.10647785160430301
322,0.11292231217143522
323,-0.11763150558620739
324,0.10647785160430301
325,0.11292231217143522
326,-0.129002402456441
327,0.10647785160430301
328,0.11292231217143522
329,-0.129002402456441
330,0.10647785160430301
331,-0.11763150558620739
332,0.10647785160430301
333,0.11292231217143522
334,0.10647785160430301
335,0.11292231217143522
336,-0.129002402456441
337,0.11292231217143522
338,0.10647785160430301
339,0.11292231217143522
340,-0.11763150558620739
341,0.11292231217143522
342,0.10647785160430301
343,0.11292231217143522
344,0.10647785160430301
345,0.10647785160430301
346,-0.129002402456441
347,0.11292231217143522
348,0.11292231217143522
349,-0.11763150558620739
350,0.10647785160430301
351,0.10647785160430301
352,0.11292231217143522
353,0.10647785160430301
354,0.11292231217143522
355,-0.11763150558620739
356,0.11292231217143522
357,0.11292231217143522
358,0.10647785160430301
359,0.10647785160430301
360,-0.129002402456441
361,-0.129002402456441
362,-0.11763150558620739
363,0.10647785160430301
364,-0.129002402456441
365,-0.11763150558620739
366,0.10647785160430301
367,0.10647785160430301
368,-0.129002402456441
369,0.11292231217143522
370,0.11292231217143522
371,0.10647785160430301
372,0.10647785160430301
373,-0.129002402456441
374,0.11292231217143522
375,-0.11763150558620739
376,-0.11763150558620739
377,0.10647785160430301
378,0.11292231217143522
379,-0.11763150558620739
380,0.11292231217143522
381,0.10647785160430301
382,0.11292231217143522
383,0.10647785160430301
384,0.10647785160430301
385,0.11292231217143522
386,0.10647785160430301
387,-0.11763150558620739
388,-0.129002402456441
389,0.10647785160430301
390,-0.11763150558620739
391,-0.11763150558620739
392,0.10647785160430301
393,-0.11763150558620739
394,0.11292231217143522
395,-0.11763150558620739
396,0.10647785160430301
397,-0.11763150558620739
398,-0.11763150558620739
399,0.10647785160430301
400,0.11292231217143522
401,-0.129002402456441
402,0.11292231217143522
403,0.10647785160430301
404,-0.129002402456441
405,0.11292231217143522
406,0.10647785160430301
407,-0.129002402456441
408,-0.11763150558620739
409,0.11292231217143522
410,0.11292231217143522
411,0.11292231217143522
412,-0.11763150558620739
413,-0.11763150558620739
414,-0.129002402456441
415,-0.129002402456441
416,0.10647785160430301
417,-0.129002402456441
418,0.10647785160430301
419,0.10647785160430301
420,0.11292231217143522
421,-0.129002402456441
422,0.11292231217143522
423,0.11292231217143522
424,0.11292231217143522
425,0.10647785160430301
426,0.11292231217143522
427,0.11292231217143522
428,-0.129002402456441
429,0.11292231217143522
430,-0.11763150558620739
431,-0.129002402456441
432,-0.129002402456441
433,-0.129002402456441
434,-0.129002402456441
435,0.10647785160430301
436,0.11292231217143522
437,-0.129002402456441
438,0.10647785160430301
439,-0.129002402456441
440,-0.11763150558620739
441,0.11292231217143522
442,0.10647785160430301
443,0.11292231217143522
444,0.11292231217143522
445,-0.11763150558620739
446,0.11292231217143522
447,0.11292231217143522
448,0.11292231217143522
449,-0.11763150558620739
450,0.11292231217143522
451,0.11292231217143522
452,0.10647785160430301
453,-0.129002402456441
454,0.10647785160430301
455,-0.11763150558620739
456,0.10647785160430301
457,-0.129002402456441
458,-0.11763150558620739
459,-0.11763150558620739
460,-0.11763150558620739
461,-0.129002402456441
462,0.11292231217143522
463,0.11292231217143522
464,-0.11763150558620739
465,-0.11763150558620739
466,0.11292231217143522
467,0.10647785160430301
468,0.11292231217143522
469,-0.11763150558620739
470,-0.129002402456441
471,0.11292231217143522
472,0.11292231217143522
473,0.11292231217143522
474,0.11292231217143522
475,0.11292231217143522
476,0.11292231217143522
477,-0.129002402456441
478,-0.129002402456441
479,-0.129002402456441
480,0.11292231217143522
481,0.11292231217143522
482,0.11292231217143522
483,-0.129002402456441
484,-0.11763150558620739
485,-0.11763150558620739
486,0.10647785160430301
487,0.10647785160430301
488,0.11292231217143522
489,-0.11763150558620739
490,-0.129002402456441
491,-0.11763150558620739
492,-0.11763150558620739
493,-0.11763150558620739
494,0.10647785160430301
495,0.11292231217143522
496,-0.129002402456441
497,-0.11763150558620739
498,0.11292231217143522
499,0.11292231217143522
500,0.11292231217143522
501,0.10647785160430301
502,0.11292231217143522
503,-0.129002402456441
504,0.11292231217143522
505,0.11292231217143522
506,0.10647785160430301
507,0.10647785160430301
508,-0.129002402456441
509,-0.11763150558620739
510,0.11292231217143522
511,0.10647785160430301
512,-0.11763150558620739
513,0.11292231217143522
514,0.10647785160430301
515,0.11292231217143522
516,0.11292231217143522
517,0.11292231217143522
518,0.11292231217143522
519,0.11292231217143522
520,-0.11763150558620739
521,0.11292231217143522
522,-0.129002402456441
523,0.11292231217143522
524,-0.11763150558620739
525,-0.11763150558620739
526,0.11292231217143522
527,-0.11763150558620739
528,-0.11763150558620739
529,-0.129002402456441
530,0.10647785160430301
531,0.11292231217143522
532,-0.129002402456441
533,-0.11763150558620739
534,-0.11763150558620739
535,-0.11763150558620739
536,-0.129002402456441
537,0.10647785160430301
538,0.11292231217143522
539,0.11292231217143522
540,0.10647785160430301
541,-0.129002402456441
542,-0.129002402456441
543,-0.129002402456441
544,-0.11763150558620739
545,0.11292231217143522
546,0.11292231217143522
547,0.10647785160430301
548,0.10647785160430301
549,0.11292231217143522
550,0.10647785160430301
551,0.11292231217143522
552,-0.129002402456441
553,-0.129002402456441
554,0.11292231217143522
555,-0.129002402456441
556,0.11292231217143522
557,-0.11763150558620739
558,0.10647785160430301
559,0.10647785160430301
560,-0.129002402456441
561,-0.129002402456441
562,-0.129002402456441
563,0.11292231217143522
564,0.10647785160430301
565,0.11292231217143522
566,0.11292231217143522
567,0.10647785160430301
568,0.10647785160430301
569,0.11292231217143522
570,0.10647785160430301
571,-0.11763150558620739
572,0.11292231217143522
573,-0.11763150558620739
574,-0.129002402456441
575,0.10647785160430301
576,0.10647785160430301
577,0.11292231217143522
578,-0.11763150558620739
579,0.10647785160430301
580,-0.11763150558620739
581,0.10647785160430301
582,-0.11763150558620739
583,0.10647785160430301
584,0.11292231217143522
585,-0.129002402456441
586,0.10647785160430301
587,-0.11763150558620739
588,0.10647785160430301
589,-0.11763150558620739
590,0.10647785160430301
591,-0.129002402456441
592,-0.129002402456441
593,0.11292231217143522
594,-0.129002402456441
595,-0.11763150558620739
596,-0.11763150558620739
597,-0.11763150558620739
598,-0.129002402456441
599,-0.129002402456441
600,-0.11763150558620739
601,-0.11763150558620739
602,0.11292231217143522
603,-0.129002402456441
604,0.11292231217143522
605,0.11292231217143522
606,-0.11763150558620739
607,-0.11763150558620739
608,0.11292231217143522
609,0.11292231217143522
610,0.10647785160430301
611,0.11292231217143522
612,-0.129002402456441
613,0.11292231217143522
614,0.10647785160430301
615,0.11292231217143522
616,0.11292231217143522
617,-0.11763150558620739
618,0.11292231217143522
619,0.11292231217143522
620,-0.129002402456441
621,0.10647785160430301
622,0.11292231217143522
623,0.11292231217143522
624,-0.11763150558620739
625,0.11292231217143522
626,-0.129002402456441
627,0.11292231217143522
628,-0.129002402456441
629,-0.129002402456441
630,0.10647785160430301
631,-0.129002402456441
632,-0.11763150558620739
633,-0.129002402456441
634,0.10647785160430301
635,-0.11763150558620739
636,0.10647785160430301
637,0.10647785160430301
638,-0.129002402456441
639,0.11292231217143522
640,0.10647785160430301
641,-0.129002402456441
642,0.10647785160430301
643,0.11292231217143522
644,0.10647785160430301
645,0.10647785160430301
646,0.11292231217143522
647,0.10647785160430301
648,-0.11763150558620739
649,-0.129002402456441
650,0.10647785160430301
651,0.11292231217143522
652,-0.11763150558620739
653,0.11292231217143522
654,-0.129002402456441
655,-0.129002402456441
656,-0.129002402456441
657,0.10647785160430301
658,-0.129002402456441
659,0.11292231217143522
660,0.10647785160430301
661,-0.129002402456441
662,0.10647785160430301
663,0.11292231217143522
664,0.11292231217143522
665,-0.11763150558620739
666,-0.129002402456441
667,0.10647785160430301
668,-0.129002402456441
669,0.10647785160430301
670,0.11292231217143522
671,0.10647785160430301
672,0.11292231217143522
673,0.11292231217143522
674,0.11292231217143522
675,-0.129002402456441
676,-0.11763150558620739
677,-0.129002402456441
678,0.10647785160430301
679,0.11292231217143522
680,-0.11763150558620739
681,-0.11763150558620739
682,-0.129002402456441
683,0.11292231217143522
684,-0.11763150558620739
685,0.10647785160430301
686,-0.11763150558620739
687,-0.11763150558620739
688,-0.129002402456441
689,-0.129002402456441
690,-0.11763150558620739
691,-0.11763150558620739
692,0.11292231217143522
693,0.11292231217143522
694,0.10647785160430301
695,0.10647785160430301
696,0.10647785160430301
697,-0.129002402456441
698,0.11292231217143522
699,-0.11763150558620739
700,-0.129002402456441
701,0.11292231217143522
702,-0.11763150558620739
703,-0.11763150558620739
704,0.11292231217143522
705,0.11292231217143522
706,0.11292231217143522
707,-0.129002402456441
708,0.11292231217143522
709,-0.129002402456441
710,0.11292231217143522
711,-0.11763150558620739
712,-0.11763150558620739
713,0.10647785160430301
714,0.11292231217143522
715,-0.11763150558620739
716,-0.129002402456441
717,-0.11763150558620739
718,0.10647785160430301
719,0.10647785160430301
720,-0.129002402456441
721,0.10647785160430301
722,0.10647785160430301
723,-0.129002402456441
724,-0.11763150558620739
725,-0.11763150558620739
726,0.11292231217143522
727,-0.11763150558620739
728,-0.11763150558620739
729,-0.11763150558620739
730,0.10647785160430301
731,0.11292231217143522
732,0.10647785160430301
733,0.11292231217143522
734,0.10647785160430301
735,-0.11763150558620739
736,-0.11763150558620739
737,-0.129002402456441
738,-0.11763150558620739
739,-0.11763150558620739
740,0.11292231217143522
741,0.10647785160430301
742,0.10647785160430301
743,-0.11763150558620739
744,0.11292231217143522
745,0.11292231217143522
746,0.11292231217143522
747,-0.11763150558620739
748,0.10647785160430301
749,-0.129002402456441
750,-0.11763150558620739
751,-0.129002402456441
752,-0.129002402456441
753,0.11292231217143522
754,-0.129002402456441
755,0.10647785160430301
756,0.10647785160430301
757,-0.11763150558620739
758,0.10647785160430301
759,0.10647785160430301
760,-0.11763150558620739
761,0.10647785160430301
762,0.10647785160430301
763,-0.129002402456441
764,0.10647785160430301
765,0.10647785160430301
766,-0.129002402456441
767,0.10647785160430301
768,-0.11763150558620739
769,0.11292231217143522
770,-0.11763150558620739
771,-0.11763150558620739
772,-0.129002402456441
773,0.10647785160430301
774,0.11292231217143522
775,0.10647785160430301
776,-0.129002402456441
777,0.11292231217143522
778,-0.129002402456441
779,-0.11763150558620739
780,-0.11763150558620739
781,-0.11763150558620739
782,-0.11763150558620739
783,0.11292231217143522
784,0.11292231217143522
785,-0.11763150558620739
786,0.10647785160430301
787,0.10647785160430301
788,-0.11763150558620739
789,0.10647785160430301
790,-0.129002402456441
791,0.11292231217143522
792,-0.129002402456441
793,-0.11763150558620739
794,-0.129002402456441
795,0.11292231217143522
796,0.11292231217143522
797,-0.129002402456441
798,-0.129002402456441
799,0.10647785160430301
800,-0.11763150558620739
801,-0.129002402456441
802,-0.129002402456441
803,-0.129002402456441
804,-0.11763150558620739
805,-0.129002402456441
806,0.11292231217143522
807,-0.11763150558620739
808,-0.11763150558620739
809,-0.11763150558620739
810,0.10647785160430301
811,-0.11763150558620739
812,0.10647785160430301
813,-0.11763150558620739
814,0.11292231217143522
815,-0.129002402456441
816,0.10647785160430301
817,-0.11763150558620739
818,-0.129002402456441
819,-0.129002402456441
820,0.11292231217143522
821,-0.129002402456441
822,-0.129002402456441
823,0.10647785160430301
824,-0.11763150558620739
825,-0.11763150558620739
826,0.11292231217143522
827,-0.11763150558620739
828,0.11292231217143522
829,-0.11763150558620739
830,-0.11763150558620739
831,0.10647785160430301
832,0.10647785160430301
833,-0.129002402456441
834,0.10647785160430301
835,0.11292231217143522
836,0.11292231217143522
837,-0.11763150558620739
838,0.11292231217143522
839,0.11292231217143522
840,-0.11763150558620739
841,0.10647785160430301
842,-0.11763150558620739
843,-0.11763150558620739
844,-0.11763150558620739
845,0.10647785160430301
846,-0.11763150558620739
847,0.11292231217143522
848,0.10647785160430301
849,0.11292231217143522
850,0.10647785160430301
851,0.11292231217143522
852,-0.129002402456441
853,-0.11763150558620739
854,0.10647785160430301
855,-0.129002402456441
856,0.10647785160430301
857,0.10647785160430301
858,0.10647785160430301
859,-0.129002402456441
860,-0.11763150558620739
861,-0.129002402456441
862,0.10647785160430301
863,0.11292231217143522
864,0.10647785160430301
865,-0.129002402456441
866,0.10647785160430301
867,-0.129002402456441
868,-0.129002402456441
869,0.10647785160430301
870,-0.129002402456441
871,0.11292231217143522
872,0.11292231217143522
873,-0.129002402456441
874,-0.129002402456441
875,-0.11763150558620739
876,-0.129002402456441
877,-0.11763150558620739
878,-0.129002402456441
879,-0.11763150558620739
880,-0.129002402456441
881,0.11292231217143522
882,-0.11763150558620739
883,-0.129002402456441
884,0.11292231217143522
885,0.11292231217143522
886,-0.129002402456441
887,-0.129002402456441
888,0.10647785160430301
889,-0.11763150558620739
890,-0.11763150558620739
891,0.10647785160430301
892,-0.11763150558620739
893,0.10647785160430301
894,0.11292231217143522
895,0.11292231217143522
896,-0.11763150558620739
897,-0.11763150558620739
898,0.11292231217143522
899,-0.11763150558620739
900,-0.11763150558620739
901,0.10647785160430301
902,0.10647785160430301
903,0.10647785160430301
904,0.11292231217143522
905,-0.11763150558620739
906,0.10647785160430301
907,-0.11763150558620739
908,0.10647785160430301
909,0.11292231217143522
910,-0.11763150558620739
911,0.10647785160430301
912,0.11292231217143522
913,0.10647785160430301
914,0.11292231217143522
915,-0.129002402456441
916,0.11292231217143522
917,-0.129002402456441
918,-0.11763150558620739
919,0.10647785160430301
920,0.10647785160430301
921,0.10647785160430301
922,-0.11763150558620739
923,0.11292231217143522
924,0.11292231217143522
925,-0.129002402456441
926,-0.11763150558620739
927,-0.129002402456441
928,-0.11763150558620739
929,0.10647785160430301
930,0.10647785160430301
931,0.10647785160430301
932,-0.11763150558620739
933,0.11292231217143522
934,0.11292231217143522
935,0.10647785160430301
936,0.10647785160430301
937,0.10647785160430301
938,-0.129002402456441
939,0.11292231217143522
940,-0.129002402456441
941,0.11292231217143522
942,-0.11763150558620739
943,0.10647785160430301
944,0.10647785160430301
945,-0.129002402456441
946,-0.11763150558620739
947,0.10647785160430301
948,-0.11763150558620739
949,0.10647785160430301
950,0.10647785160430301
951,-0.11763150558620739
952,0.10647785160430301
953,-0.129002402456441
954,0.10647785160430301
955,-0.129002402456441
956,0.10647785160430301
957,-0.129002402456441
958,0.11292231217143522
959,-0.129002402456441
960,-0.11763150558620739
961,-0.129002402456441
962,-0.129002402456441
963,0.11292231217143522
964,0.10647785160430301
965,0.10647785160430301
966,0.11292231217143522
967,-0.11763150558620739
968,-0.11763150558620739
969,-0.129002402456441
970,0.10647785160430301
971,-0.129002402456441
972,-0.11763150558620739
973,0.11292231217143522
974,0.11292231217143522
975,0.11292231217143522
976,-0.11763150558620739
977,0.11292231217143522
978,-0.129002402456441
979,0.10647785160430301
980,0.11292231217143522
981,0.10647785160430301
982,0.10647785160430301
983,-0.129002402456441
984,-0.11763150558620739
985,0.10647785160430301
986,-0.11763150558620739
987,-0.11763150558620739
988,-0.129002402456441
989,-0.129002402456441
990,-0.11763150558620739
991,-0.11763150558620739
992,0.11292231217143522
993,0.10647785160430301
994,0.11292231217143522
995,-0.11763150558620739
996,-0.129002402456441
997,0.10647785160430301
998,-0.11763150558620739
999,-0.129002402456441
1000,0.10647785160430301
1001,0.11292231217143522
1002,0.11292231217143522
1003,-0.129002402456441
1004,-0.11763150558620739
1005,0.11292231217143522
1006,0.11292231217143522
1007,-0.129002402456441
1008,-0.11763150558620739
1009,0.10647785160430301
1010,-0.11763150558620739
1011,-0.11763150558620739
1012,0.11292231217143522
1013,0.11292231217143522
1014,-0.129002402456441
1015,-0.129002402456441
1016,-0.129002402456441
1017,-0.129002402456441
1018,-0.11763150558620739
1019,0.10647785160430301
1020,0.11292231217143522
1021,-0.11763150558620739
1022,-0.11763150558620739
1023,0.11292231217143522
1024,0.10647785160430301
1025,0.10647785160430301
1026,-0.129002402456441
1027,0.10647785160430301
1028,0.11292231217143522
1029,0.11292231217143522
1030,-0.11763150558620739
1031,0.11292231217143522
1032,0.11292231217143522
1033,0.11292231217143522
1034,-0.11763150558620739
1035,-0.129002402456441
1036,0.10647785160430301
1037,0.11292231217143522
1038,-0.129002402456441
1039,-0.129002402456441
1040,-0.11763150558620739
1041,0.10647785160430301
1042,0.10647785160430301
1043,-0.129002402456441
1044,-0.11763150558620739
1045,0.10647785160430301
1046,0.11292231217143522
1047,-0.129002402456441
1048,-0.129002402456441
1049,0.11292231217143522
1050,0.11292231217143522
1051,0.11292231217143522
1052,-0.129002402456441
1053,0.11292231217143522
1054,-0.11763150558620739
1055,0.10647785160430301
1056,0.11292231217143522
1057,-0.11763150558620739
1058,0.10647785160430301
1059,0.11292231217143522
1060,-0.129002402456441
1061,0.10647785160430301
1062,-0.11763150558620739
1063,0.11292231217143522
1064,0.10647785160430301
1065,0.11292231217143522
1066,0.10647785160430301
1067,0.10647785160430301
1068,0.10647785160430301
1069,0.10647785160430301
1070,-0.11763150558620739
1071,0.11292231217143522
1072,-0.11763150558620739
1073,0.11292231217143522
1074,0.11292231217143522
1075,-0.129002402456441
1076,0.11292231217143522
1077,0.11292231217143522
1078,-0.129002402456441
1079,0.11292231217143522
1080,-0.129002402456441
1081,0.11292231217143522
1082,-0.129002402456441
1083,0.11292231217143522
1084,0.11292231217143522
1085,-0.11763150558620739
1086,0.10647785160430301
1087,0.10647785160430301
1088,-0.129002402456441
1089,-0.129002402456441
1090,-0.129002402456441
1091,0.11292231217143522
1092,0.10647785160430301
1093,0.11292231217143522
1094,-0.129002402456441
1095,-0.11763150558620739
1096,0.11292231217143522
1097,0.11292231217143522
1098,0.10647785160430301
1099,-0.129002402456441
1100,0.10647785160430301
1101,0.11292231217143522
1102,-0.129002402456441
1103,0.11292231217143522
1104,-0.129002402456441
1105,0.10647785160430301
1106,0.10647785160430301
1107,-0.129002402456441
1108,0.11292231217143522
1109,-0.129002402456441
1110,-0.11763150558620739
1111,0.11292231217143522
1112,-0.129002402456441
1113,0.10647785160430301
1114,0.10647785160430301
1115,0.11292231217143522
1116,-0.11763150558620739
1117,-0.129002402456441
1118,-0.129002402456441
1119,-0.11763150558620739
1120,0.11292231217143522
1121,-0.129002402456441
1122,0.11292231217143522
1123,0.11292231217143522
1124,0.11292231217143522
1125,-0.11763150558620739
1126,0.10647785160430301
1127,-0.11763150558620739
1128,0.11292231217143522
1129,0.10647785160430301
1130,-0.129002402456441
1131,0.10647785160430301
1132,0.11292231217143522
1133,-0.129002402456441
1134,0.11292231217143522
1135,0.10647785160430301
1136,0.10647785160430301
1137,0.11292231217143522
1138,-0.11763150558620739
1139,0.11292231217143522
1140,0.11292231217143522
1141,0.10647785160430301
1142,0.11292231217143522
1143,0.11292231217143522
1144,0.10647785160430301
1145,0.11292231217143522
1146,-0.129002402456441
1147,-0.11763150558620739
1148,0.10647785160430301
1149,0.11292231217143522
1150,-0.11763150558620739
1151,0.10647785160430301
1152,0.11292231217143522
1153,0.10647785160430301
1154,-0.129002402456441
1155,-0.129002402456441
1156,-0.129002402456441
1157,-0.129002402456441
1158,0.11292231217143522
1159,0.10647785160430301
1160,-0.11763150558620739
1161,0.11292231217143522
1162,0.10647785160430301
1163,0.10647785160430301
1164,-0.129002402456441
1165,-0.129002402456441
1166,0.11292231217143522
1167,-0.129002402456441
1168,-0.11763150558620739
1169,-0.129002402456441
1170,0.11292231217143522
1171,-0.11763150558620739
1172,-0.11763150558620739
1173,0.11292231217143522
1174,0.11292231217143522
1175,0.11292231217143522
1176,0.11292231217143522
1177,-0.11763150558620739
1178,-0.129002402456441
1179,-0.129002402456441
1180,0.11292231217143522
1181,-0.129002402456441
1182,-0.11763150558620739
1183,0.10647785160430301
1184,-0.11763150558620739
1185,-0.129002402456441
1186,-0.11763150558620739
1187,-0.129002402456441
1188,0.11292231217143522
1189,0.11292231217143522
1190,0.10647785160430301
1191,0.10647785160430301
1192,-0.11763150558620739
1193,-0.11763150558620739
1194,-0.129002402456441
1195,-0.11763150558620739
1196,0.11292231217143522
1197,-0.11763150558620739
1198,0.10647785160430301
1199,0.11292231217143522
1200,0.11292231217143522
1201,-0.11763150558620739
1202,0.11292231217143522
1203,-0.129002402456441
1204,0.11292231217143522
1205,0.10647785160430301
1206,0.11292231217143522
1207,-0.11763150558620739
1208,0.10647785160430301
1209,0.10647785160430301
1210,0.10647785160430301
1211,0.10647785160430301
1212,0.10647785160430301
1213,0.10647785160430301
1214,-0.11763150558620739
1215,-0.129002402456441
1216,-0.11763150558620739
1217,0.10647785160430301
1218,0.10647785160430301
1219,-0.129002402456441
1220,-0.129002402456441
1221,0.11292231217143522
1222,-0.129002402456441
1223,0.11292231217143522
1224,0.11292231217143522
1225,-0.11763150558620739
1226,-0.129002402456441
1227,-0.11763150558620739
1228,-0.11763150558620739
1229,-0.129002402456441
1230,-0.129002402456441
1231,0.10647785160430301
1232,0.10647785160430301
1233,0.11292231217143522
1234,-0.11763150558620739
1235,0.10647785160430301
1236,0.11292231217143522
1237,-0.11763150558620739
1238,0.11292231217143522
1239,0.10647785160430301
1240,-0.11763150558620739
1241,-0.11763150558620739
1242,0.11292231217143522
1243,-0.11763150558620739
1244,0.11292231217143522
1245,-0.129002402456441
1246,-0.129002402456441
1247,0.10647785160430301
1248,0.11292231217143522
1249,0.11292231217143522
1250,0.11292231217143522
1251,0.11292231217143522
1252,0.10647785160430301
1253,-0.11763150558620739
1254,-0.11763150558620739
1255,0.11292231217143522
1256,-0.129002402456441
1257,0.10647785160430301
1258,0.11292231217143522
1259,-0.11763150558620739
1260,0.10647785160430301
1261,-0.11763150558620739
1262,0.10647785160430301
1263,0.11292231217143522
1264,-0.129002402456441
1265,-0.129002402456441
1266,-0.11763150558620739
1267,-0.11763150558620739
1268,0.11292231217143522
1269,0.10647785160430301
1270,0.11292231217143522
1271,0.10647785160430301
1272,0.11292231217143522
1273,0.11292231217143522
1274,0.10647785160430301
1275,0.10647785160430301
1276,-0.11763150558620739
1277,0.10647785160430301
1278,0.10647785160430301
1279,0.11292231217143522
1280,0.11292231217143522
1281,0.11292231217143522
1282,0.11292231217143522
1283,0.10647785160430301
1284,-0.11763150558620739
1285,-0.11763150558620739
1286,0.10647785160430301
1287,-0.129002402456441
1288,-0.11763150558620739
1289,0.11292231217143522
1290,-0.129002402456441
1291,-0.11763150558620739
1292,0.10647785160430301
1293,0.11292231217143522
1294,-0.129002402456441
1295,-0.129002402456441
1296,0.11292231217143522
1297,0.10647785160430301
1298,0.10647785160430301
1299,-0.129002402456441
1300,0.10647785160430301
1301,0.11292231217143522
1302,-0.11763150558620739
1303,-0.129002402456441
1304,-0.11763150558620739
1305,-0.129002402456441
1306,-0.129002402456441
1307,-0.11763150558620739
1308,-0.11763150558620739
1309,0.10647785160430301
1310,-0.129002402456441
1311,-0.11763150558620739
1312,0.10647785160430301
1313,-0.11763150558620739
1314,0.10647785160430301
1315,0.10647785160430301
1316,0.10647785160430301
1317,-0.129002402456441
1318,0.10647785160430301
1319,0.10647785160430301
1320,-0.129002402456441
1321,0.10647785160430301
1322,0.11292231217143522
1323,-0.129002402456441
1324,0.10647785160430301
1325,-0.11763150558620739
1326,-0.11763150558620739
1327,-0.11763150558620739
1328,-0.129002402456441
1329,0.10647785160430301
1330,0.11292231217143522
1331,-0.129002402456441
1332,0.10647785160430301
1333,-0.11763150558620739
1334,0.11292231217143522
1335,0.11292231217143522
1336,-0.129002402456441
1337,-0.11763150558620739
1338,-0.11763150558620739
1339,0.11292231217143522
1340,0.10647785160430301
1341,0.11292231217143522
1342,0.11292231217143522
1343,0.10647785160430301
1344,-0.129002402456441
1345,0.10647785160430301
1346,-0.129002402456441
1347,0.11292231217143522
1348,-0.129002402456441
1349,-0.129002402456441
1350,0.11292231217143522
1351,0.10647785160430301
1352,0.11292231217143522
1353,0.11292231217143522
1354,-0.129002402456441
1355,0.10647785160430301
1356,-0.11763150558620739
1357,0.11292231217143522
1358,0.11292231217143522
1359,0.10647785160430301
1360,0.11292231217143522
1361,-0.11763150558620739
1362,0.11292231217143522
1363,0.11292231217143522
1364,0.11292231217143522
1365,-0.11763150558620739
1366,-0.11763150558620739
1367,-0.11763150558620739
1368,-0.11763150558620739
1369,0.10647785160430301
1370,0.10647785160430301
1371,0.11292231217143522
1372,-0.129002402456441
1373,0.11292231217143522
1374,-0.129002402456441
1375,-0.11763150558620739
1376,0.11292231217143522
1377,0.11292231217143522
1378,0.11292231217143522
1379,-0.11763150558620739
1380,0.10647785160430301
1381,0.11292231217143522
1382,0.11292231217143522
1383,0.11292231217143522
1384,0.10647785160430301
1385,0.11292231217143522
1386,-0.11763150558620739
1387,-0.11763150558620739
1388,-0.11763150558620739
1389,0.11292231217143522
1390,-0.11763150558620739
1391,-0.11763150558620739
1392,0.11292231217143522
1393,-0.11763150558620739
1394,0.11292231217143522
1395,-0.129002402456441
1396,-0.11763150558620739
1397,0.11292231217143522
1398,-0.11763150558620739
1399,0.11292231217143522
1400,0.11292231217143522
1401,0.10647785160430301
1402,0.10647785160430301
1403,-0.129002402456441
1404,0.10647785160430301
1405,-0.129002402456441
1406,-0.129002402456441
1407,-0.129002402456441
1408,0.11292231217143522
1409,-0.11763150558620739
1410,0.10647785160430301
1411,-0.129002402456441
1412,-0.129002402456441
1413,-0.11763150558620739
1414,0.10647785160430301
1415,0.11292231217143522
1416,-0.129002402456441
1417,-0.129002402456441
1418,0.10647785160430301
1419,0.10647785160430301
1420,-0.129002402456441
1421,0.10647785160430301
1422,-0.11763150558620739
1423,0.11292231217143522
1424,-0.11763150558620739
1425,-0.11763150558620739
1426,-0.129002402456441
1427,0.11292231217143522
1428,0.10647785160430301
1429,0.10647785160430301
1430,0.10647785160430301
1431,0.10647785160430301
1432,-0.129002402456441
1433,0.10647785160430301
1434,-0.11763150558620739
1435,-0.11763150558620739
1436,-0.11763150558620739
1437,0.10647785160430301
1438,0.10647785160430301
1439,0.11292231217143522
1440,-0.11763150558620739
1441,0.11292231217143522
1442,0.11292231217143522
1443,-0.11763150558620739
1444,0.10647785160430301
1445,0.11292231217143522
1446,0.10647785160430301
1447,0.10647785160430301
1448,0.10647785160430301
1449,-0.129002402456441
1450,-0.11763150558620739
1451,-0.11763150558620739
1452,0.11292231217143522
1453,-0.11763150558620739
1454,0.10647785160430301
1455,0.10647785160430301
1456,-0.129002402456441
1457,0.11292231217143522
1458,0.11292231217143522
1459,-0.129002402456441
1460,0.10647785160430301
1461,-0.11763150558620739
1462,0.10647785160430301
1463,-0.11763150558620739
1464,0.11292231217143522
1465,0.11292231217143522
1466,-0.129002402456441
1467,-0.11763150558620739
1468,0.11292231217143522
1469,-0.11763150558620739
1470,-0.11763150558620739
1471,-0.129002402456441
1472,0.10647785160430301
1473,-0.129002402456441
1474,0.10647785160430301
1475,0.10647785160430301
1476,0.11292231217143522
1477,0.10647785160430301
1478,0.11292231217143522
1479,0.10647785160430301
1480,0.10647785160430301
1481,0.10647785160430301
1482,-0.11763150558620739
1483,-0.11763150558620739
1484,0.10647785160430301
1485,0.11292231217143522
1486,-0.129002402456441
1487,-0.11763150558620739
1488,0.11292231217143522
1489,0.11292231217143522
1490,0.10647785160430301
1491,0.11292231217143522
1492,-0.129002402456441
1493,0.10647785160430301
1494,-0.129002402456441
1495,-0.11763150558620739
1496,0.11292231217143522
1497,-0.129002402456441
1498,0.10647785160430301
1499,0.11292231217143522
1500,0.11292231217143522
1501,0.11292231217143522
1502,-0.11763150558620739
1503,0.11292231217143522
1504,0.11292231217143522
1505,0.10647785160430301
1506,-0.11763150558620739
1507,0.11292231217143522
1508,0.11292231217143522
1509,0.11292231217143522
1510,0.10647785160430301
1511,-0.11763150558620739
1512,-0.129002402456441
1513,0.11292231217143522
1514,0.10647785160430301
1515,-0.11763150558620739
1516,0.10647785160430301
1517,0.10647785160430301
1518,0.11292231217143522
1519,-0.129002402456441
1520,0.11292231217143522
1521,-0.11763150558620739
1522,-0.11763150558620739
1523,0.10647785160430301
1524,0.10647785160430301
1525,0.11292231217143522
1526,0.10647785160430301
1527,0.10647785160430301
1528,-0.11763150558620739
1529,-0.11763150558620739
1530,-0.11763150558620739
1531,0.10647785160430301
1532,0.10647785160430301
1533,0.10647785160430301
1534,0.10647785160430301
1535,-0.11763150558620739
1536,-0.129002402456441
1537,-0.129002402456441
1538,0.11292231217143522
1539,0.10647785160430301
1540,0.11292231217143522
1541,0.11292231217143522
1542,-0.11763150558620739
1543,0.10647785160430301
1544,0.10647785160430301
1545,0.11292231217143522
1546,0.11292231217143522
1547,0.10647785160430301
1548,0.10647785160430301
1549,-0.129002402456441
1550,0.10647785160430301
1551,0.11292231217143522
1552,-0.129002402456441
1553,-0.11763150558620739
1554,-0.11763150558620739
1555,0.10647785160430301
1556,-0.129002402456441
1557,-0.11763150558620739
1558,-0.129002402456441
1559,-0.11763150558620739
1560,-0.11763150558620739
1561,-0.129002402456441
1562,0.11292231217143522
1563,0.11292231217143522
1564,-0.11763150558620739
1565,0.11292231217143522
1566,0.11292231217143522
1567,-0.11763150558620739
1568,0.10647785160430301
1569,0.10647785160430301
1570,-0.129002402456441
1571,0.11292231217143522
1572,0.11292231217143522
1573,0.10647785160430301
1574,0.11292231217143522
1575,0.10647785160430301
1576,0.11292231217143522
1577,0.11292231217143522
1578,-0.11763150558620739
1579,-0.11763150558620739
1580,-0.11763150558620739
1581,-0.11763150558620739
1582,0.10647785160430301
1583,0.11292231217143522
1584,0.10647785160430301
1585,-0.11763150558620739
1586,-0.129002402456441
1587,0.10647785160430301
1588,-0.129002402456441
1589,0.10647785160430301
1590,-0.129002402456441
1591,-0.11763150558620739
1592,0.11292231217143522
1593,-0.129002402456441
1594,-0.129002402456441
1595,0.10647785160430301
1596,0.11292231217143522
1597,-0.11763150558620739
1598,0.11292231217143522
1599,0.11292231217143522
1600,-0.11763150558620739
1601,0.10647785160430301
1602,-0.11763150558620739
1603,0.11292231217143522
1604,0.10647785160430301
1605,0.11292231217143522
1606,-0.11763150558620739
1607,0.11292231217143522
1608,0.11292231217143522
1609,-0.11763150558620739
1610,-0.129002402456441
1611,-0.129002402456441
1612,-0.129002402456441
1613,-0.129002402456441
1614,0.10647785160430301
1615,0.11292231217143522
1616,0.10647785160430301
1617,0.11292231217143522
1618,0.10647785160430301
1619,0.11292231217143522
1620,-0.129002402456441
1621,0.10647785160430301
1622,-0.129002402456441
1623,0.10647785160430301
1624,-0.129002402456441
1625,-0.129002402456441
1626,0.11292231217143522
1627,0.10647785160430301
1628,0.11292231217143522
1629,0.11292231217143522
1630,0.11292231217143522
1631,-0.129002402456441
1632,0.10647785160430301
1633,-0.11763150558620739
1634,0.11292231217143522
1635,-0.129002402456441
1636,-0.11763150558620739
1637,-0.11763150558620739
1638,0.10647785160430301
1639,0.11292231217143522
1640,0.11292231217143522
1641,-0.129002402456441
1642,0.10647785160430301
1643,0.10647785160430301
1644,0.11292231217143522
1645,-0.11763150558620739
1646,0.11292231217143522
1647,0.11292231217143522
1648,0.10647785160430301
1649,0.10647785160430301
1650,-0.11763150558620739
1651,-0.11763150558620739
1652,-0.129002402456441
1653,-0.129002402456441
1654,-0.11763150558620739
1655,-0.129002402456441
1656,-0.11763150558620739
1657,0.11292231217143522
1658,0.11292231217143522
1659,0.10647785160430301
1660,0.10647785160430301
1661,0.11292231217143522
1662,0.11292231217143522
1663,-0.129002402456441
1664,-0.11763150558620739
1665,0.11292231217143522
1666,0.11292231217143522
1667,-0.11763150558620739
1668,-0.11763150558620739
1669,-0.129002402456441
1670,0.10647785160430301
1671,-0.129002402456441
1672,-0.11763150558620739
1673,0.10647785160430301
1674,-0.129002402456441
1675,-0.129002402456441
1676,-0.11763150558620739
1677,0.10647785160430301
1678,-0.129002402456441
1679,-0.11763150558620739
1680,0.11292231217143522
1681,0.10647785160430301
1682,0.10647785160430301
1683,0.10647785160430301
1684,-0.129002402456441
1685,-0.11763150558620739
1686,-0.129002402456441
1687,0.10647785160430301
1688,-0.11763150558620739
1689,-0.11763150558620739
1690,0.11292231217143522
1691,-0.11763150558620739
1692,0.11292231217143522
1693,0.11292231217143522
1694,-0.11763150558620739
1695,0.11292231217143522
1696,0.10647785160430301
1697,-0.11763150558620739
1698,-0.129002402456441
1699,0.11292231217143522
1700,-0.11763150558620739
1701,-0.11763150558620739
1702,-0.129002402456441
1703,-0.11763150558620739
1704,0.11292231217143522
1705,-0.11763150558620739
1706,-0.129002402456441
1707,-0.11763150558620739
1708,-0.11763150558620739
1709,-0.11763150558620739
1710,-0.129002402456441
1711,-0.11763150558620739
1712,0.10647785160430301
1713,0.11292231217143522
1714,-0.129002402456441
1715,0.10647785160430301
1716,-0.129002402456441
1717,-0.129002402456441
1718,0.10647785160430301
1719,0.11292231217143522
1720,-0.129002402456441
1721,-0.11763150558620739
1722,0.11292231217143522
1723,0.11292231217143522
1724,-0.11763150558620739
1725,0.10647785160430301
1726,-0.11763150558620739
1727,-0.11763150558620739
1728,0.11292231217143522
1729,0.10647785160430301
1730,0.10647785160430301
1731,-0.129002402456441
1732,0.10647785160430301
1733,0.10647785160430301
1734,0.10647785160430301
1735,0.11292231217143522
1736,0.11292231217143522
1737,-0.129002402456441
1738,-0.129002402456441
1739,-0.11763150558620739
1740,0.11292231217143522
1741,0.11292231217143522
1742,-0.11763150558620739
1743,0.11292231217143522
1744,-0.11763150558620739
1745,0.11292231217143522
1746,0.11292231217143522
1747,0.11292231217143522
1748,0.10647785160430301
1749,0.10647785160430301
1750,0.11292231217143522
1751,0.10647785160430301
1752,-0.11763150558620739
1753,0.10647785160430301
1754,0.11292231217143522
1755,0.11292231217143522
1756,0.10647785160430301
1757,0.10647785160430301
1758,-0.11763150558620739
1759,-0.11763150558620739
1760,-0.11763150558620739
1761,-0.11763150558620739
1762,-0.11763150558620739
1763,-0.11763150558620739
1764,-0.11763150558620739
1765,0.11292231217143522
1766,0.11292231217143522
1767,0.10647785160430301
1768,0.11292231217143522
1769,-0.11763150558620739
1770,-0.11763150558620739
1771,-0.11763150558620739
1772,0.10647785160430301
1773,-0.129002402456441
1774,0.11292231217143522
1775,-0.11763150558620739
1776,-0.129002402456441
1777,0.11292231217143522
1778,-0.129002402456441
1779,-0.11763150558620739
1780,-0.129002402456441
1781,-0.129002402456441
1782,-0.11763150558620739
1783,0.11292231217143522
1784,-0.129002402456441
1785,0.11292231217143522
1786,-0.11763150558620739
1787,-0.11763150558620739
1788,-0.11763150558620739
1789,0.11292231217143522
1790,0.10647785160430301
1791,-0.129002402456441
1792,-0.11763150558620739
1793,-0.129002402456441
1794,-0.11763150558620739
1795,0.11292231217143522
1796,0.10647785160430301
1797,0.11292231217143522
1798,0.11292231217143522
1799,0.11292231217143522
1800,0.10647785160430301
1801,-0.11763150558620739
1802,0.10647785160430301
1803,0.11292231217143522
1804,0.11292231217143522
1805,0.11292231217143522
1806,0.11292231217143522
1807,0.10647785160430301
1808,-0.11763150558620739
1809,0.10647785160430301
1810,-0.129002402456441
1811,0.11292231217143522
1812,0.11292231217143522
1813,-0.11763150558620739
1814,0.11292231217143522
1815,0.11292231217143522
1816,0.10647785160430301
1817,0.11292231217143522
1818,0.10647785160430301
1819,0.11292231217143522
1820,0.11292231217143522
1821,-0.11763150558620739
1822,0.10647785160430301
1823,-0.11763150558620739
1824,-0.129002402456441
1825,0.11292231217143522
1826,0.10647785160430301
1827,0.10647785160430301
1828,-0.129002402456441
1829,0.11292231217143522
1830,0.10647785160430301
1831,0.10647785160430301
1832,-0.129002402456441
1833,-0.11763150558620739
1834,0.11292231217143522
1835,-0.129002402456441
1836,0.11292231217143522
1837,0.10647785160430301
1838,0.10647785160430301
1839,0.11292231217143522
1840,-0.11763150558620739
1841,-0.11763150558620739
1842,0.10647785160430301
1843,0.11292231217143522
1844,0.10647785160430301
1845,0.10647785160430301
1846,0.11292231217143522
1847,-0.11763150558620739
1848,-0.11763150558620739
1849,-0.129002402456441
1850,0.11292231217143522
1851,-0.11763150558620739
1852,0.11292231217143522
1853,-0.11763150558620739
1854,0.11292231217143522
1855,-0.11763150558620739
1856,0.10647785160430301
1857,0.10647785160430301
1858,0.10647785160430301
1859,0.11292231217143522
1860,-0.129002402456441
1861,-0.11763150558620739
1862,-0.11763150558620739
1863,-0.129002402456441
1864,-0.11763150558620739
1865,0.10647785160430301
1866,-0.129002402456441
1867,0.11292231217143522
1868,-0.129002402456441
1869,-0.129002402456441
1870,0.10647785160430301
1871,0.11292231217143522
1872,0.10647785160430301
1873,-0.11763150558620739
1874,0.10647785160430301
1875,0.11292231217143522
1876,0.10647785160430301
1877,0.11292231217143522
1878,-0.129002402456441
1879,0.10647785160430301
1880,0.11292231217143522
1881,-0.11763150558620739
1882,-0.129002402456441
1883,-0.129002402456441
1884,0.10647785160430301
1885,-0.11763150558620739
1886,0.10647785160430301
1887,0.10647785160430301
1888,-0.11763150558620739
1889,0.11292231217143522
1890,0.11292231217143522
1891,-0.11763150558620739
1892,-0.11763150558620739
1893,0.11292231217143522
1894,-0.11763150558620739
1895,-0.129002402456441
1896,0.11292231217143522
1897,-0.11763150558620739
1898,0.10647785160430301
1899,-0.11763150558620739
1900,-0.129002402456441
1901,-0.129002402456441
1902,0.11292231217143522
1903,0.11292231217143522
1904,-0.11763150558620739
1905,-0.129002402456441
1906,0.11292231217143522
1907,0.11292231217143522
1908,-0.11763150558620739
1909,0.11292231217143522
1910,-0.11763150558620739
1911,-0.11763150558620739
1912,0.10647785160430301
1913,0.10647785160430301
1914,-0.11763150558620739
1915,0.10647785160430301
1916,-0.129002402456441
1917,-0.11763150558620739
1918,-0.129002402456441
1919,-0.11763150558620739
1920,0.10647785160430301
1921,-0.11763150558620739
1922,-0.11763150558620739
1923,0.10647785160430301
1924,0.11292231217143522
1925,0.10647785160430301
1926,-0.11763150558620739
1927,-0.11763150558620739
1928,0.10647785160430301
1929,-0.11763150558620739
1930,-0.11763150558620739
1931,-0.11763150558620739
1932,0.10647785160430301
1933,0.11292231217143522
1934,-0.11763150558620739
1935,0.10647785160430301
1936,0.11292231217143522
1937,-0.11763150558620739
1938,0.10647785160430301
1939,-0.11763150558620739
1940,0.11292231217143522
1941,0.10647785160430301
1942,0.10647785160430301
1943,0.11292231217143522
1944,0.10647785160430301
1945,0.10647785160430301
1946,0.10647785160430301
1947,-0.129002402456441
1948,-0.11763150558620739
1949,0.10647785160430301
1950,0.11292231217143522
1951,-0.11763150558620739
1952,0.11292231217143522
1953,-0.11763150558620739
1954,-0.11763150558620739
1955,0.11292231217143522
1956,0.10647785160430301
1957,0.11292231217143522
1958,-0.129002402456441
1959,0.10647785160430301
1960,0.11292231217143522
1961,-0.129002402456441
1962,-0.11763150558620739
1963,-0.129002402456441
1964,0.11292231217143522
1965,0.10647785160430301
1966,-0.11763150558620739
1967,0.11292231217143522
1968,0.10647785160430301
1969,0.10647785160430301
1970,0.11292231217143522
1971,-0.11763150558620739
1972,-0.129002402456441
1973,-0.11763150558620739
1974,-0.11763150558620739
1975,0.11292231217143522
1976,0.11292231217143522
1977,-0.129002402456441
1978,0.10647785160430301
1979,0.10647785160430301
1980,0.11292231217143522
1981,-0.129002402456441
1982,0.10647785160430301
1983,-0.129002402456441
1984,-0.129002402456441
1985,0.10647785160430301
1986,0.10647785160430301
1987,0.11292231217143522
1988,-0.11763150558620739
1989,0.10647785160430301
1990,0.10647785160430301
1991,0.11292231217143522
1992,-0.11763150558620739
1993,0.10647785160430301
1994,0.10647785160430301
1995,-0.129002402456441
1996,-0.11763150558620739
1997,0.10647785160430301
1998,0.10647785160430301
1999,-0.11763150558620739
2000,0.10647785160430301
2001,0.11292231217143522
2002,-0.11763150558620739
2003,-0.129002402456441
2004,-0.11763150558620739
2005,-0.129002402456441
2006,0.11292231217143522
2007,-0.11763150558620739
2008,-0.11763150558620739
2009,0.10647785160430301
2010,0.11292231217143522
2011,-0.11763150558620739
2012,-0.11763150558620739
2013,-0.11763150558620739
2014,0.11292231217143522
2015,0.10647785160430301
2016,-0.11763150558620739
2017,-0.11763150558620739
2018,-0.11763150558620739
2019,0.10647785160430301
2020,0.11292231217143522
2021,-0.129002402456441
2022,-0.129002402456441
2023,0.11292231217143522
2024,0.10647785160430301
2025,-0.129002402456441
2026,0.11292231217143522
2027,0.11292231217143522
2028,-0.129002402456441
2029,-0.11763150558620739
2030,0.10647785160430301
2031,-0.11763150558620739
2032,-0.11763150558620739
2033,0.10647785160430301
2034,0.11292231217143522
2035,0.11292231217143522
2036,0.11292231217143522
2037,0.11292231217143522
2038,0.10647785160430301
2039,0.11292231217143522
2040,-0.129002402456441
2041,0.10647785160430301
2042,-0.11763150558620739
2043,-0.129002402456441
2044,0.11292231217143522
2045,-0.129002402456441
2046,0.11292231217143522
2047,-0.129002402456441
2048,-0.11763150558620739
2049,0.10647785160430301
2050,-0.11763150558620739
2051,0.11292231217143522
2052,0.11292231217143522
2053,0.10647785160430301
2054,0.11292231217143522
2055,0.11292231217143522
2056,-0.11763150558620739
2057,0.11292231217143522
2058,-0.129002402456441
2059,-0.129002402456441
2060,0.10647785160430301
2061,-0.11763150558620739
2062,-0.11763150558620739
2063,0.11292231217143522
2064,-0.129002402456441
2065,0.10647785160430301
2066,0.11292231217143522
2067,0.10647785160430301
2068,0.10647785160430301
2069,0.11292231217143522
2070,-0.11763150558620739
2071,-0.11763150558620739
2072,0.10647785160430301
2073,-0.11763150558620739
2074,0.10647785160430301
2075,0.10647785160430301
2076,-0.129002402456441
2077,-0.11763150558620739
2078,0.11292231217143522
2079,-0.129002402456441
2080,-0.129002402456441
2081,0.10647785160430301
2082,-0.11763150558620739
2083,0.10647785160430301
2084,0.11292231217143522
2085,-0.129002402456441
2086,0.11292231217143522
2087,-0.129002402456441
2088,-0.129002402456441
2089,0.11292231217143522
2090,0.11292231217143522
2091,0.10647785160430301
2092,0.10647785160430301
2093,0.11292231217143522
2094,0.10647785160430301
2095,0.10647785160430301
2096,-0.11763150558620739
2097,-0.129002402456441
2098,0.11292231217143522
2099,0.11292231217143522
2100,0.11292231217143522
2101,-0.129002402456441
2102,0.10647785160430301
2103,0.11292231217143522
2104,0.10647785160430301
2105,-0.11763150558620739
2106,0.11292231217143522
2107,0.11292231217143522
2108,-0.129002402456441
2109,-0.129002402456441
2110,-0.129002402456441
2111,0.11292231217143522
2112,-0.11763150558620739
2113,0.10647785160430301
2114,0.11292231217143522
2115,0.10647785160430301
2116,0.11292231217143522
2117,0.11292231217143522
2118,0.11292231217143522
2119,0.11292231217143522
2120,-0.11763150558620739
2121,0.10647785160430301
2122,-0.129002402456441
2123,0.11292231217143522
2124,0.10647785160430301
2125,-0.129002402456441
2126,-0.11763150558620739
2127,0.10647785160430301
2128,0.11292231217143522
2129,-0.129002402456441
2130,0.10647785160430301
2131,0.11292231217143522
2132,0.11292231217143522
2133,0.10647785160430301
2134,-0.129002402456441
2135,0.10647785160430301
2136,0.11292231217143522
2137,-0.129002402456441
2138,0.11292231217143522
2139,0.11292231217143522
2140,0.10647785160430301
2141,0.11292231217143522
2142,0.11292231217143522
2143,-0.129002402456441
2144,-0.11763150558620739
2145,0.11292231217143522
2146,0.11292231217143522
2147,0.11292231217143522
2148,-0.11763150558620739
2149,-0.11763150558620739
2150,0.10647785160430301
2151,0.11292231217143522
2152,0.10647785160430301
2153,0.10647785160430301
2154,0.10647785160430301
2155,0.11292231217143522
2156,-0.129002402456441
2157,0.10647785160430301
2158,0.10647785160430301
2159,0.10647785160430301
2160,-0.11763150558620739
2161,-0.129002402456441
2162,0.10647785160430301
2163,-0.11763150558620739
2164,0.10647785160430301
