,pve
0,-0.13470897805271675
1,0.2860178180478736
2,-0.3299172647606059
3,0.29513808336426994
4,0.10863323485000664
5,-0.2689608165021017
6,-0.1700240831617661
7,0.07317465739566942
8,-0.08648563240006402
9,0.0984499810398266
10,-0.3112253631836549
11,0.07582500165278672
12,0.01670220491840735
13,0.3623255619567613
14,0.44055895607480744
15,-0.10626322779490638
16,0.17149665102874245
17,0.30185385932473957
18,-0.42746630053699797
19,0.0016120751099600872
20,-0.02435742181667666
21,-0.03260458976441094
22,0.18959409977583114
23,0.060435513349330505
24,0.2701933110128417
25,-0.10720383133733002
26,0.35452237612438575
27,0.6017076763225966
28,-0.8034107835465268
29,-0.04619152020590367
30,0.12370810751352357
31,-0.5376522198578285
32,-0.25428672779167927
33,0.3008960632205001
34,-0.2154209294433279
35,0.5887024784470067
36,0.3392611356056392
37,0.20686795389491075
38,0.12878456151111817
39,-0.4359844650723309
40,0.24878795748713378
41,0.23414012533228978
42,0.2563285555122543
43,-0.3344609769523975
44,-0.148754454969089
45,-0.07525463620473105
46,0.21056957387012898
47,0.34149847411245127
48,-0.07551495584455759
49,0.7094027566645317
50,-0.11157067451007474
51,0.24035333715400176
52,-0.8177075440026108
53,-0.3039416514370651
54,-0.22881972894769353
55,0.17134567954392477
56,0.04159704637504824
57,0.2656599469177943
58,0.148058632949022
59,0.10811289133579893
60,0.2440610973074251
61,-0.45295542184437243
62,-0.21669900898211825
63,0.015207149458382863
64,0.03617980478480398
65,0.4535704524786419
66,0.3958456000530174
67,0.27921982129853207
68,0.2476159474766667
69,0.08780093679490664
70,0.13579364455849274
71,0.28181238076684906
72,0.22285083952126006
73,-0.20557873565452822
74,0.10266529472931563
75,-0.39795099255507094
76,0.23644391195945386
77,-0.19702648228299868
78,0.4586224516015236
79,0.06143992648247798
80,-0.35629188308229753
81,0.7085434275181817
82,-1.003435828171448
83,0.14526637253154545
84,0.1275417690702222
85,-0.4670532615238222
86,0.39638005170119517
87,0.33120693754563496
88,-0.16283017180676984
89,-0.3423207018110227
90,0.6353676723424881
91,-0.10945874067142325
92,0.2149784194603434
93,0.43755134302422405
94,0.025784278645242464
95,0.21597778713606092
96,-0.5331754766812596
97,0.243242162948356
98,0.7856275083168388
99,0.28181238076684906
100,0.06107021362440257
101,-0.16378750835845224
102,-0.02035155947324918
103,0.40851767344252254
104,0.37286251301762324
105,0.2289435801995962
106,-0.23356428165289567
107,0.125840903722356
108,0.18298885042305002
109,0.1931390794251424
110,0.524073625352846
111,0.11195154791526168
112,-0.16442318152710056
113,0.6465329158141384
114,0.36913723723217773
115,0.3445350611889738
116,-0.684128353827215
117,0.23220541687470675
118,-0.14377559373624627
119,0.02647394076187315
120,0.2704424005425958
121,-0.04501561268103249
122,0.6141203003438545
123,0.21581472618854197
124,0.04456763745234771
125,0.14979268603394946
126,0.3641491424323777
127,-0.3921120731848283
128,-0.3954325598719991
129,-0.26274241182646696
130,-0.47629819154722786
131,-1.0855335288398438
132,0.1776767715815487
133,0.1467575994946103
134,-0.4123703528457384
135,0.6200950145619695
136,-0.16023519298795175
137,0.206026859448463
138,0.04412181351807731
139,0.2546687438171925
140,-0.8419617840642347
141,0.3074307908231014
142,-0.07380442301658252
143,-0.83676153014424
144,0.08644880704958269
145,0.020507972873709424
146,0.14038777552920756
147,0.24484952171567254
148,-0.18385300912719982
149,0.14818346560858348
150,0.02171042956146496
151,0.07582500165278672
152,-0.4469706032007884
153,0.0688400007812272
154,0.3842878768308755
155,0.05979396490083366
156,-0.36258544911075063
157,0.30711438904297794
158,0.19314796826480207
159,0.228768978641687
160,0.002595207360161056
161,0.01670220491840735
162,0.29940771457217685
163,0.23793835801767127
164,0.20829874669132964
165,-0.2840589559915975
166,0.26975215340191366
167,0.4299898197017721
168,0.7096538668406719
169,-0.1911562270089756
170,-0.024450253572799063
171,0.19629699008081414
172,0.3282677895929507
173,0.20901877508682287
174,0.29110115198775577
175,0.19565400006187572
176,0.3181626971655015
177,-0.29598814462903367
178,0.1585038081878672
179,-0.20311701725982256
180,0.385947637456557
181,0.06200199184549848
182,0.20828582571620313
183,0.39167467202279055
184,-1.473633615839876
185,0.21286727255989613
186,0.34744337356958876
187,0.32270920572546746
188,0.3837309876404682
189,0.7221311256977573
190,0.24682842051665255
191,0.00316223304665475
192,0.4182084100041579
193,-0.2500685003154389
194,0.3848342575607384
195,0.16451224281620136
196,0.029229364892009668
197,0.3009989694109367
198,0.33035926544476285
199,0.2530503238660745
200,0.11779194207767701
201,-0.6721703799619708
202,0.33187012288535656
203,0.45677523962898614
204,-0.6328433488107462
205,0.10934633798491639
206,0.12036109785882088
207,0.25836514820254425
208,0.47760691980794534
209,-0.1240843911783589
210,-0.37992619367902714
211,0.2544736859329116
212,0.27265980534965517
213,0.36040450770125687
214,0.1113377536094825
215,-0.5906549695735855
216,-0.059085214277420306
217,0.10965827853516863
218,-0.02980848429874927
219,0.11359629466118537
220,0.11036362037117475
221,0.3766547971670723
222,0.4939908693868415
223,0.13253192620311993
224,-0.17644254082913557
225,0.3209768919899634
226,0.5465549508737719
227,-0.25428672779167927
228,-0.22718921331937947
229,-0.4175352806738851
230,0.05930838349295209
231,0.14960662328899077
232,0.29314423624048924
233,0.43457542593225745
234,0.6533519162549571
235,0.13320917166962049
236,0.4225626896201284
237,0.3124425335941325
238,0.22969861349523468
239,0.047007497225899364
240,0.5064451587535508
241,0.41609448864142884
242,0.13571172452005775
243,-0.20163890598604095
244,-0.07432050254652467
245,0.16972242999975629
246,0.07582500165278672
247,-0.8625338175747411
248,0.33042893673731544
249,0.28135712295140425
250,0.3658164689256563
251,0.5852042776966685
252,0.2901114123021347
253,-0.2055095193526396
254,0.43041707277737584
255,0.21749745875859472
256,0.1166004200892935
257,0.005278721006097276
258,-0.02602350069176007
259,0.6659709447634468
260,0.1019681506310966
261,0.37744639093198706
262,0.4929654746165051
263,0.3103932622100118
264,0.3087724444290941
265,0.06278319541174293
266,0.41376692250180813
267,0.2570389776850148
268,0.032701221194318286
269,0.26798992075250366
270,-0.02602350069176007
271,0.3508099859368748
272,0.1276026547302374
273,0.440873291276892
274,-0.2228311714193315
275,0.1987614770870627
276,-0.22718921331937947
277,-0.15193238335091597
278,0.055257049968246985
279,-1.0772609209403887
280,0.17856888299138074
281,0.08413799260760246
282,0.23542560886890862
283,-0.2223713208420942
284,-0.059883714789659925
285,0.24510562694704724
286,0.1580936171476301
287,-0.013565476788673259
288,0.3015288138521194
289,0.05034128525799153
290,0.1488685812724877
291,0.142837018922231
292,0.6107060377433301
293,0.2905515840238841
294,-0.2815999999412232
295,0.13012966258795494
296,0.3193248923218056
297,0.08736121070179792
298,0.3915954948982723
299,0.36007200926056593
300,-0.294926827509541
301,0.2308915541399249
302,0.7375658164619483
303,0.7176763773757594
304,0.0795871871030085
305,-0.3451892153956878
306,0.4921586260845865
307,-0.24213230966348553
308,0.3972511237708227
309,-0.1601657402311173
310,0.1956934814216374
311,0.47701019248032955
312,0.34076124040292466
313,0.43808344990398806
314,0.2098043465338113
315,0.06418393485403207
316,0.40594945464847376
317,0.2378165222326043
318,0.24448909134731744
319,-0.3825533995221807
320,0.33187012288535656
321,0.4962967531603143
322,0.21103128729617732
323,-0.02917877296739202
324,-0.4905791780777923
325,0.1663951636289891
326,0.39941286756192174
327,0.42312121173718376
328,0.3915954948982723
329,0.21056957387012898
330,0.27283833839112803
331,0.05034128525799153
332,0.2998324505402531
333,0.1314308589235701
334,0.12083889649763202
335,-0.37961330445419794
336,-0.6797536420889517
337,0.34445421609653676
338,0.17852482682940007
339,0.0940093053290526
340,-0.072223040402282
341,0.021312700410398344
342,0.5566801371490734
343,0.32162661889419075
344,0.315070759759926
345,0.24097419511182439
346,-0.25537025893354526
347,0.33150401657449263
348,0.2818512305349858
349,-0.045165292295148096
350,0.25827996798922803
351,0.14979268603394946
352,0.33109388553665325
353,0.0322700376920797
354,-0.32219447437712667
355,0.2804778261145868
356,0.24154178126047254
357,0.2843049467036456
358,0.6016651617043778
359,0.2632100097203216
360,-0.04258521908866042
361,0.005397052849695272
362,-0.5747771619975132
363,0.739008618580872
364,0.6237671626561261
365,0.24392868164317888
366,-0.0537022007739979
367,-0.3882305368703799
368,0.23948154887359396
369,0.39098297808143545
370,-0.05725523818450984
371,-0.5660868777589269
372,-0.08445370666258312
373,0.2478426349211218
374,0.10460461073461347
375,0.2843049467036456
376,-0.3947428228600509
377,-0.023627990195112303
378,0.1574485992641117
379,0.007623511450092102
380,0.38782235682376476
381,0.5600625435541445
382,0.33733438322702614
383,0.18201934705583966
384,-0.7433224350380904
385,0.11203683291377786
386,0.6422562715545732
387,-0.18503517484338539
388,-0.7625734275448325
389,0.3196459998294227
390,0.31595866983031157
391,0.23461454610389104
392,0.47904884001584547
393,-0.1054636065533543
394,0.4398654863210155
395,-0.07942219890204305
396,0.4395995859229159
397,0.21103128729617732
398,0.3222151906227643
399,0.20957728239008744
400,0.16836824613789503
401,0.2372271664175113
402,0.15026514682325798
403,0.26949428028513833
404,0.7789801545124292
405,-0.011365637846760257
406,-0.1270393774051578
407,-0.06202413727234035
408,-0.1301782486886972
409,0.2500556627045187
410,0.4348557746792573
411,-0.18657341489350898
412,0.08816310693497731
413,0.320346557734253
414,0.22874939344584977
415,0.018143689425689447
416,0.08282579695291081
417,0.16149172460806194
418,0.05392924840290425
419,0.18394198897212755
420,-0.09034511597980766
421,-0.10529092297587106
422,-0.21490940492061594
423,-0.07894047661957515
424,0.024465165683861256
425,-0.2063397537276065
426,-0.2209259901998878
427,0.21017398103066193
428,0.35034757054378785
429,0.14376771275813305
430,0.1898411986752711
431,-0.5879576058089965
432,-0.2233798250167759
433,0.7207679479709002
434,0.6511378581708831
435,-0.5544436547222765
436,0.08761725128203102
437,-0.10323291998662598
438,0.2598674233265298
439,-0.3022942618289689
440,0.1568816722833929
441,0.16209305699953558
442,0.639687645319305
443,-0.15437550703673908
444,0.15864781196022631
445,0.3198034672174781
446,0.2957445154173361
447,0.1408654583431589
448,-0.23744629581699095
449,0.0050439907528686545
450,0.2254601174345517
451,0.40241720737383946
452,-0.16452685299341652
453,-0.06422240748627339
454,0.34954187072468645
455,0.06777212184357106
456,0.5311365381987205
457,0.3739504219344305
458,0.07907683558464751
459,-0.3021591697551568
460,0.02150239391963127
461,0.2877293965258412
462,0.42295636356785793
463,0.04055413495280302
464,0.18693496571771584
465,0.11276601344226078
466,0.1470704052123719
467,0.01994068789686243
468,0.047848667653859756
469,0.15864781196022631
470,0.4018108729432646
471,-0.04355682320842158
472,-0.18764511426955732
473,0.34744337356958876
474,0.17954260914830827
475,0.41448380067170265
476,0.13454391190660886
477,0.17211078967649973
478,-0.1467470474456084
479,0.041155356218316896
480,-0.2263535366277709
481,0.17181897052996042
482,0.1745591067290107
483,-0.5602438605450532
484,-0.4755000033979172
485,-0.08945292147198314
486,0.5090566379938444
487,0.38793748502390396
488,0.2564151568913473
489,0.24292853937356063
490,0.2955851997336354
491,0.3852165322941813
492,-0.1601657402311173
493,0.2586858975205948
494,0.1915557329161799
495,0.37219758567039346
496,-0.040123135259953924
497,-0.15173132944229328
498,0.26451457707481146
499,0.13594847371611568
500,0.02138756155677579
501,0.7557714437453109
502,0.10041244588149978
503,-0.06470238214587487
504,0.022787562424064656
505,0.1898411986752711
506,0.25967339181672133
507,-0.9338981204034308
508,0.13025661908153874
509,-0.11568204973777108
510,0.31090636515628134
511,0.3655170332370552
512,-0.04398983159485814
513,-0.027422920474503676
514,0.46972138056869805
515,0.2970850537389629
516,0.33042893673731544
517,0.0035264558689352965
518,0.3231108590674326
519,0.25964745376730075
520,0.0183292339340001
521,0.19314796826480207
522,0.3578801145367874
523,0.34562412864284786
524,-0.015852285845893155
525,-0.17219045852783588
526,0.10742184345792949
527,0.3361140949622382
528,0.0674487538641576
529,-0.7121728586196009
530,0.06638856001993443
531,-0.09460576244844277
532,-0.01066201963844049
533,0.18014983668066475
534,0.20545124839477535
535,-0.2354059831606704
536,0.09819987128989638
537,0.3749536893081023
538,-0.08756048482247591
539,0.017689789600750072
540,0.4420915595632994
541,0.006735719569535226
542,0.6061926522966695
543,-0.11136598439311174
544,-0.45291113229721625
545,0.1574485992641117
546,0.05864295833089461
547,0.217935720554569
548,0.7013684486183993
549,0.17345220162997238
550,0.20888518273695822
551,0.03514114518504485
552,-0.0226254599640916
553,0.5365475641091418
554,0.39665462455796235
555,-0.40766574165346536
556,-0.05721208362903829
557,0.40878345486461976
558,-0.17317429758149172
559,0.3648534157676031
560,-0.2708308122867219
561,0.30577251899064095
562,0.5103823166459913
563,0.2205909081757424
564,0.48631529035985693
565,0.014152560564459238
566,0.13721124243879362
567,0.039975200970675195
568,-0.7389204945727444
569,0.2813850097842288
570,0.5190006853801166
571,0.43041707277737584
572,0.39190278622933955
573,-0.18009619748148786
574,-0.05416368924021364
575,0.4079255941541511
576,0.5866139589775083
577,-0.30040300395411845
578,-0.3299968947605897
579,-0.0701281400700483
580,0.22203808429884114
581,-0.8816436680046601
582,0.262657551717832
583,0.17744834241727647
584,0.17057428912840322
585,0.18921976109091265
586,0.5666948431796176
587,0.2151335665262819
588,0.3718950734715607
589,0.22917040505646885
590,0.2490635641677884
591,0.20980402540740184
592,0.5271279239872908
593,0.3155628868068234
594,0.24731054436168232
595,0.29452577904367083
596,0.12036109785882088
597,-0.545763982018879
598,-0.16054795413469802
599,-0.43718091112335944
600,-0.13844553792062808
601,0.22308845611193318
602,-0.04832135712835106
603,0.33655684902874927
604,0.019314444303752842
605,0.23181333389106684
606,0.11276601344226078
607,0.3082690690710528
608,-0.17392221247924589
609,0.4400881696655974
610,-0.2817760499363392
611,0.3816511998797929
612,-0.49112951782704417
613,0.12317773486014805
614,0.6840112264223409
615,0.014500516898499516
616,0.3884437604928548
617,0.27985031375695346
618,0.22220221040271904
619,-0.355168547053771
620,0.43193160259340924
621,0.3655170332370552
622,0.24772307400089988
623,0.15212088982909644
624,-0.10762123820763125
625,-0.21165991268523776
626,0.3883911249573394
627,0.4721933368368898
628,-0.14729671126812593
629,-0.07671059654928991
630,0.2685789228229507
631,-0.016161215078673186
632,0.08509386312890432
633,0.20063671209744616
634,0.11007294532797862
635,0.3267957618312513
636,-0.25428672779167927
637,0.25210497659315856
638,0.5857724620052254
639,0.2777143331492099
640,0.266908322681467
641,0.41132939172399036
642,0.3084179140655188
643,0.14894860333541332
644,0.09197510292296651
645,0.5117526657286653
646,0.02287061641005128
647,0.10710840592945847
648,0.10460461073461347
649,0.4648602625100825
650,-0.2909837644399459
651,0.42249671134376166
652,-0.009587472768100236
653,0.23461454610389104
654,0.07582500165278672
655,-0.49875357101016593
656,-0.3344609769523975
657,0.5996124072860717
658,-0.7071984418224783
659,0.04699548370546025
660,0.10863323485000664
661,-0.22718921331937947
662,0.6781554127234153
663,-0.024450253572799063
664,0.39524511169541054
665,0.3014243381108188
666,-0.32706993917380134
667,0.754224237764644
668,0.23668764572667267
669,0.32145522881517813
670,0.2865970543151709
671,0.7735236991423261
672,0.08369074759032025
673,0.3646693572926969
674,0.16521334103946678
675,0.63429890838594
676,0.04258813341969403
677,-1.3576853103359263
678,-0.003859231697740495
679,0.25342416567461656
680,0.39098297808143545
681,-0.18503517484338539
682,0.18490353057443065
683,0.36296633284361934
684,0.23542560886890862
685,-0.5691748625107794
686,-0.4327733937800641
687,-0.09800737621058186
688,0.061490703640183164
689,-0.08803266633110607
690,-0.20955606447172648
691,0.17587024358644804
692,0.24798149402196945
693,0.059138976313167224
694,0.2978076343167052
695,0.7626293836325082
696,-0.05019467360470409
697,0.3821633998858679
698,-0.23073692936687829
699,0.013709196526768275
700,0.08474097705306516
701,-0.01320524113665067
702,-0.39048240286040314
703,0.2433367179433657
704,0.13446181285428122
705,-0.44151137048200606
706,0.12981185987362814
707,-0.266967555478436
708,0.31582533689619097
709,0.23511175103075177
710,0.17728560443698205
711,0.0257453253113179
712,0.1669633059777182
713,0.33927202343057683
714,-0.1810996025659255
715,-0.4286592874494878
716,-0.5935744698745683
717,0.09876853106387584
718,0.3840558551999966
719,0.17269381999967215
720,-0.674825044333421
721,0.6269638771995425
722,-0.021559600844691107
723,0.2924295711265307
724,-0.3481661014295979
725,-0.01320524113665067
726,0.04242645685583957
727,-0.06476660873031648
728,-0.3330905115600481
729,-0.35399003620372416
730,0.36915860525573596
731,-0.09800737621058186
732,0.5418816598558471
733,0.33035926544476285
734,-0.030345677030176432
735,0.10618453456988264
736,-0.5648172905384675
737,0.05458498554945923
738,-0.33089096322874734
739,0.09005886509987077
740,0.0940093053290526
741,-0.07753429570180537
742,0.13996930405882546
743,0.1488685812724877
744,-1.0117825789250534
745,-0.1171585232277279
746,0.49951999617871096
747,-0.23265703464868814
748,0.22345093886529022
749,-0.0983163048094241
750,0.23392221693909576
751,0.2163988482525766
752,-0.4568035663316138
753,0.259841964591043
754,0.1533737510367047
755,0.14198477916286945
756,0.5421961337866897
757,-0.35650113965819097
758,0.3618895369239103
759,0.24414895179441987
760,0.3739515170611534
761,0.6814266217547701
762,0.04992304195576036
763,-0.6290119013819576
764,0.014725698791365094
765,0.47904884001584547
766,-0.10626322779490638
767,0.4762679381227616
768,-0.2530695964982981
769,0.3054507645648416
770,0.3759096933336794
771,0.20493613945523947
772,-0.2888341540171454
773,-0.1710261326587491
774,0.13571172452005775
775,0.6576239799717511
776,-0.02739107420777065
777,0.3196475935401534
778,0.2360039500789648
779,0.2127581238464501
780,-0.1875508259485319
781,0.4360225571660371
782,0.04556008245040055
783,-0.10365243224036225
784,-0.14169709655495777
785,0.006558619940973398
786,0.24878795748713378
787,0.3714893526553745
788,0.10918941119428405
789,0.6153113542926516
790,0.03976727167165739
791,0.17597387818169236
792,-0.40909789937220353
793,-0.16470332137813215
794,0.1939739476187261
795,0.47168554618952147
796,-0.6150936464573521
797,-0.3508379999195167
798,-0.43373797194144104
799,0.40610422857235295
800,-0.09460576244844277
801,-0.25626687844777163
802,0.2237288658454123
803,-0.061107517219610163
804,0.012512634237987874
805,0.28558948166641396
806,0.31859183107361455
807,0.18626312909868498
808,-0.3135173226577349
809,0.0551851373478226
810,0.1016073772631243
811,-0.13731175373352522
812,0.004837634193845086
813,-0.33833908516764255
814,0.30960724409283163
815,-0.5731889720458258
816,0.5006383217349973
817,-0.5436657808665567
818,-0.13960761768331953
819,-0.21198274007737428
820,-0.1719282181023023
821,-0.1637825941282659
822,-0.18531569766209277
823,0.31929006160265366
824,-0.5195538533933676
825,-0.02602350069176007
826,0.18579990675488467
827,-0.1437574206426303
828,0.20654076313294012
829,-0.05505204493220328
830,0.3288405946375722
831,0.5237177797076891
832,-0.05193922735777712
833,0.5477078064460064
834,0.24788104543850564
835,0.2786284775656381
836,-0.09448286322895083
837,-0.3335415085378217
838,-0.292638316722876
839,-0.046957433751873
840,0.007722661061561054
841,0.14813082124843857
842,0.39524511169541054
843,-1.0131195984379322
844,-0.5746546692838678
845,0.2580855177754069
846,0.058735508330604924
847,0.21955797322847598
848,0.3863334311469915
849,0.32716775483460303
850,-0.25626687844777163
851,-0.23073692936687829
852,0.5894035872344316
853,0.44661403149307755
854,0.5558144755292993
855,-0.1358780492971442
856,0.5289830422435426
857,0.6963243582179538
858,0.1795209699705893
859,0.2644637300122581
860,-0.07159250741162537
861,0.4988858290952651
862,0.009353116511627513
863,0.35611329778413103
864,-0.1461798442080947
865,-0.13456138075948387
866,0.7837742900979326
867,0.13281609802763927
868,0.0322700376920797
869,0.31879866868470597
870,-0.2294075739000908
871,0.34573230915170716
872,0.25334019113126205
873,0.2813263343783371
874,0.14262324996482278
875,0.2932950691910591
876,0.10863323485000664
877,-0.28674700360740524
878,0.29023794006708103
879,-0.039269288343233844
880,0.1680962430526628
881,-0.16101936998451072
882,-0.09441553844407202
883,0.3196459998294227
884,0.20654076313294012
885,0.3239081905221417
886,0.3060013043072073
887,0.16632316374937495
888,0.38965204552228505
889,-0.2083493249466295
890,0.21210770605141044
891,0.6108961615168125
892,-0.05007780777296955
893,0.28352811576117476
894,0.19314796826480207
895,0.12625182608609226
896,0.11195154791526168
897,-0.09630509655197961
898,0.4315466433195786
899,0.06278319541174293
900,-0.1823183554162564
901,0.3498914377315542
902,0.05698625867307605
903,0.5377574590709046
904,0.3376378318179187
905,0.1615600758840336
906,0.3737555525538377
907,0.20198813458878395
908,0.14138201035402764
909,0.18392337582514495
910,0.3123895226009673
911,0.1686818866527755
912,0.3761768960865891
913,0.3846751351088399
914,0.3055894717667088
915,-0.02302401766055684
916,0.24517658456303315
917,0.4158886140042646
918,0.20384286345956465
919,-0.02396625055088586
920,0.18921976109091265
921,0.4569634981125611
922,0.3702293654573502
923,-0.38058290412327345
924,0.17401036531467923
925,-0.05444786838070226
926,-0.05609273900229472
927,-0.13124294178003526
928,-0.08865613431388086
929,0.355746365756876
930,0.7712350154485801
931,0.32363937164113465
932,0.23386486144885965
933,0.19435810756999988
934,0.28702895269725237
935,0.07909321689388593
936,-0.06811929890128943
937,0.6684703626695607
938,-0.06464440740192257
939,0.22785110122853058
940,0.1680962430526628
941,0.09780926630599174
942,0.06647021350462157
943,0.3246284328232327
944,-0.38494658532982184
945,0.7180236677538672
946,-0.18318878467069843
947,0.6930314688725742
948,-0.33332201557948327
949,0.4893557897778418
950,0.3394889470045116
951,-0.15631532710095863
952,-0.2520385467174532
953,-0.24272474091929863
954,0.3017819586541465
955,0.3140861765035448
956,0.6618369280139209
957,0.21952670598996993
958,0.3340940360889298
959,-0.831030438617885
960,-0.061051452806916484
961,-0.007816579877114482
962,-0.788951700572485
963,0.0896895187166526
964,0.408842373285805
965,0.7729535323500131
966,0.15101717634329137
967,0.10941950481222051
968,-0.048154294021127475
969,0.15846561665977388
970,0.5365846102040089
971,-0.2705281303395387
972,-0.16217215534761653
973,-0.022030928642037595
974,0.40886595147094196
975,0.29262534401494894
976,-0.13667473752636916
977,0.27093500718700037
978,0.41383235864780404
979,0.3853674286032761
980,0.3013478825130822
981,0.44924084087662103
982,0.0628796052526337
983,0.41816702655113697
984,0.39665462455796235
985,-0.00678546089416876
986,0.25288866307317354
987,0.10041244588149978
988,0.2237288658454123
989,-0.029231325485733595
990,-0.2716672196437908
991,-0.5524189076156364
992,0.3816511998797929
993,0.5133861635737127
994,0.11601085850979409
995,0.37032268417902103
996,0.6121685434766584
997,0.7486809503546441
998,-0.2370094803253091
999,0.0013579658807924
1000,0.09728783660337614
1001,0.20909300498870698
1002,0.4410283498079181
1003,-0.3342516791824405
1004,0.0029795458960270027
1005,-0.33281491081429493
1006,0.3943581102375382
1007,-0.6130556685617082
1008,-0.9018984667961697
1009,-0.03198071017471671
1010,0.2618182617918273
1011,0.29262534401494894
1012,0.35354486868885904
1013,0.2080094852139956
1014,0.27635362114762274
1015,0.026809491764033466
1016,0.2821198920705468
1017,-0.2806994914893003
1018,0.30893382764330324
1019,0.20142117881031352
1020,0.45677523962898614
1021,0.22287308360537406
1022,-0.08697009761327834
1023,-0.21514619803857937
1024,0.5458822164838248
1025,0.26676719756291867
1026,-0.1615454528531467
1027,0.25884662196310937
1028,0.31859183107361455
1029,0.21103128729617732
1030,0.1793739651711022
1031,0.26892840723834754
1032,-0.0699365035736933
1033,-0.020189827654232495
1034,0.273232525208596
1035,0.54270752902086
1036,0.39144683409385506
1037,-0.04534570134744487
1038,0.5198067368126233
1039,-0.24088832971341578
1040,0.1273673282838143
1041,0.3196459998294227
1042,0.295576746608021
1043,0.22854766896891687
1044,0.349741568290481
1045,0.13377057011119908
1046,0.4851036800564664
1047,0.14727832617409997
1048,-0.10022029406803334
1049,0.39665462455796235
1050,-0.16197515586671907
1051,0.2254601174345517
1052,0.01903020455910376
1053,0.28135712295140425
1054,-0.04830046745573746
1055,0.40907252823543605
1056,0.325017609821867
1057,0.16171865684355113
1058,0.2844216608662302
1059,0.2640576596779872
1060,-0.1656078300140521
1061,-0.40569806321191326
1062,0.2631070391631499
1063,0.3407711005516877
1064,0.19212595607521954
1065,0.45400109587914617
1066,0.16972242999975629
1067,0.1586051868763425
1068,0.2714928057642072
1069,-0.16023519298795175
1070,0.14577671281782034
1071,0.15008685394514576
1072,0.03705039178246472
1073,0.06137960887587757
1074,0.48013875792278154
1075,-0.2752763061255922
1076,0.04075971054259864
1077,0.23494414266666436
1078,0.2351219009150215
1079,0.3521682418902033
1080,-0.8744486311338598
1081,-0.42733572336412695
1082,-0.09593590675029062
1083,0.0795871871030085
1084,0.45258950021274813
1085,0.37121547757606643
1086,0.1564107219716966
1087,0.6020216143249386
1088,-1.1715452702793292
1089,0.1929618137851541
1090,-0.18417288701014933
1091,0.3816511998797929
1092,0.24948425364667115
1093,-0.1402192809818128
1094,0.5029308246246685
1095,0.08593223906401803
1096,0.4741677012115258
1097,0.22237740569045517
1098,0.35413565313580625
1099,0.0228041789278417
1100,0.30103553322663157
1101,0.18641042746180864
1102,0.6333820724632799
1103,-0.3902128794541023
1104,-0.2817760499363392
1105,0.494209858609608
1106,-0.3893308271296946
1107,-0.26923329862936096
1108,0.28909745457042735
1109,-0.19041493931024733
1110,0.2553588014099521
1111,0.10291550817145878
1112,-0.6032270585420797
1113,-0.43502873770580897
1114,-0.5843398737826039
1115,0.33651717288788063
1116,-0.031242112454487825
1117,0.3845742789851942
1118,0.42834972851610736
1119,0.34122564764671504
1120,0.3556870587847627
1121,-0.3125845420271175
1122,0.3219333810353456
1123,-0.03260458976441094
1124,0.16007075039904323
1125,-0.06647014302848919
1126,-0.29567190934157905
1127,-0.06122695213908291
1128,0.2310847961247351
1129,0.3384789285583511
1130,0.7447274671682171
1131,-0.3252494202841424
1132,0.1380772416294776
1133,-0.28369087719402686
1134,0.21103128729617732
1135,0.23137930991165734
1136,0.10222466991763801
1137,0.26450738310962785
1138,-0.8806603024414036
1139,0.367479307431945
1140,0.24888004754005755
1141,0.30277486512551355
1142,0.12565253339373517
1143,0.18052372429561409
1144,0.6127500584632063
1145,0.10423313124063849
1146,-0.21551371719855716
1147,0.002164978914938276
1148,-0.05591329867027017
1149,0.2127723099307675
1150,0.18641042746180864
1151,0.3850029179441632
1152,0.21305264316549766
1153,0.23661284809976457
1154,0.16099693037861262
1155,0.4092993866730163
1156,0.2739883007279643
1157,0.06977065523457637
1158,-0.02602350069176007
1159,0.5707612026737601
1160,-0.1601657402311173
1161,0.22237740569045517
1162,0.5353330135291053
1163,0.33790735407832506
1164,-0.5484380166706783
1165,-0.147443686617741
1166,0.033682184225138245
1167,0.5144583010264863
1168,0.06899571072557331
1169,-0.06670634642226003
1170,0.2892263916585173
1171,0.24781906931011216
1172,0.4282273235825237
1173,0.1061183672552351
1174,-0.046299771752580154
1175,0.11195154791526168
1176,-0.19161173901037543
1177,0.37557988078381055
1178,0.18921976109091265
1179,0.15282942039565361
1180,-0.0244008764962923
1181,0.4034004501822208
1182,-0.13844553792062808
1183,0.48351015410631304
1184,-0.7965988707898498
1185,0.1332840720053181
1186,0.3903137202810981
1187,0.4524213436323573
1188,0.22132533853158476
1189,-0.32929850607149713
1190,-0.754419252909663
1191,0.52896028122491
1192,-0.2913366237414019
1193,0.248604674707965
1194,-0.31354232242905045
1195,-0.3142249953154944
1196,0.16963373006874966
1197,-0.13647650568348435
1198,0.3031210320330958
1199,0.21955797322847598
1200,0.40934539487268956
1201,0.0050439907528686545
1202,-0.23073692936687829
1203,0.21056957387012898
1204,-0.13667473752636916
1205,0.20901877508682287
1206,-0.09762538781367791
1207,0.11443583304112814
1208,0.6681511225435977
1209,0.33804519784174186
1210,-0.08968344960938734
1211,0.2927405147256975
1212,-0.6971235995246897
1213,0.42844277776293305
1214,0.04781375349319672
1215,-1.038116126740488
1216,0.02174335024951135
1217,0.23197484624586162
1218,0.2171451408220978
1219,0.11831720073789864
1220,0.09728783660337614
1221,-0.1277895595590408
1222,-0.3920064155897497
1223,-0.4203753528093953
1224,0.36991232887149256
1225,-0.16283017180676984
1226,0.10217481206985946
1227,0.06559518391960129
1228,0.010654364796580329
1229,-0.3995757927662166
1230,-0.6553600224156032
1231,0.24948425364667115
1232,0.7664135305114818
1233,0.33225533909897964
1234,0.3330284934391617
1235,-0.4224767669791957
1236,0.2594056264560631
1237,0.014152560564459238
1238,0.0257453253113179
1239,0.22203186863537627
1240,0.36370685643914186
1241,0.14526637253154545
1242,-0.05107909707652025
1243,0.11975580634814131
1244,-0.16283017180676984
1245,0.3701614905442259
1246,0.5014119015189011
1247,0.15285113596469968
1248,0.41221203439146165
1249,0.40238315379512357
1250,0.024705183387399687
1251,0.20171026763657918
1252,0.2647151487031645
1253,0.19939670122068837
1254,0.13571172452005775
1255,0.170096478840719
1256,0.440873291276892
1257,-0.5935744698745683
1258,-0.04195128796466607
1259,0.04699548370546025
1260,0.427612185885679
1261,-0.13087240045505333
1262,0.1745833686278052
1263,0.04098194180720782
1264,-1.0449226474925455
1265,-0.20267393224635588
1266,0.13571172452005775
1267,0.17230635380979697
1268,0.26881572490019273
1269,0.3771587826721235
1270,-0.25423020222676995
1271,0.5926203337768263
1272,-0.22143187933858843
1273,-0.1438036245763531
1274,-0.2615262178328458
1275,0.06415205519258615
1276,0.20493613945523947
1277,0.6491387496813394
1278,0.0720447337483191
1279,-0.7106024105005163
1280,0.19449230741825663
1281,0.3759096933336794
1282,0.20909300498870698
1283,-0.01572885714800487
1284,-0.11645055738854293
1285,0.40642662458078704
1286,0.3226514258902685
1287,-0.2840589559915975
1288,-0.3122657823047763
1289,0.10101622622570072
1290,-0.36333625133721215
1291,0.30736965822513834
1292,-0.26923329862936096
1293,0.42991635529489314
1294,-0.0005483562210647497
1295,-0.008853014130657977
1296,0.14829265178111728
1297,0.21421777603426262
1298,0.22579923596837126
1299,0.01465535876723878
1300,0.10863323485000664
1301,0.4160363591377352
1302,-0.046957433751873
1303,-0.49892716771011136
1304,0.3002666978517267
1305,0.3552813837391167
1306,0.49482403517425466
1307,-0.6046428569882271
1308,0.01780694772232816
1309,0.3748567930173273
1310,-0.7918917930897192
1311,-0.2522668608058566
1312,0.5599447070291683
1313,0.08413799260760246
1314,0.13353260994227922
1315,-0.027858180875628524
1316,0.1639018956008318
1317,0.48285333654834106
1318,0.3425364118189538
1319,0.4091346961510136
1320,-0.3920064155897497
1321,0.11830646019124136
1322,0.4358935405128963
1323,0.6793973429477029
1324,0.09553531874619692
1325,-0.20955606447172648
1326,-0.01680604029197641
1327,-0.25884908430188536
1328,-0.15583862046321817
1329,-0.10737900389734345
1330,-0.7389801024432318
1331,0.16449025834351927
1332,0.33814523836591037
1333,-0.25120008003168837
1334,0.32350759406555457
1335,0.37219758567039346
1336,0.3209768919899634
1337,-0.05558991569410099
1338,-0.5151440405635189
1339,0.3169238972909005
1340,-1.0189595003238825
1341,-0.1718888171152766
1342,0.2586858975205948
1343,0.42780630295958977
1344,0.02974208472148432
1345,0.6069605978000361
1346,-0.3281711340213257
1347,-0.36047571902345876
1348,0.21056957387012898
1349,0.4781179231454225
1350,0.0698180430016242
1351,0.5940289785600126
1352,-0.46642329349222134
1353,0.11003522669420113
1354,0.2655613810312575
1355,0.23775190307921068
1356,0.18693496571771584
1357,0.33733438322702614
1358,0.3117356224795184
1359,0.2773920912721224
1360,0.3504455476311246
1361,0.264180842559046
1362,0.4770189824322397
1363,-0.04534570134744487
1364,-0.13844553792062808
1365,0.12207115147869252
1366,0.23324127352464902
1367,0.1518752138345295
1368,0.11847130609111356
1369,0.13827404098490137
1370,0.32597694084850304
1371,-0.17575382317480792
1372,-0.49307885160922205
1373,0.1402236180323984
1374,-0.08838580709526678
1375,0.08727450207050769
1376,0.006760472403111617
1377,0.30736965822513834
1378,0.26798992075250366
1379,0.22061423906704197
1380,0.04343771758770354
1381,-0.10843868333400064
1382,0.3661178199010243
1383,0.10041244588149978
1384,0.692297918133912
1385,0.38208222128604363
1386,0.3584223685504254
1387,0.1942661016900903
1388,-0.9884600750790121
1389,0.40622618781312253
1390,0.15008685394514576
1391,0.07762972598402351
1392,0.4640634383356819
1393,-0.09630509655197961
1394,0.3671415078849024
1395,-0.20607636687308906
1396,0.30185385932473957
1397,-0.024274156134952096
1398,0.29580783052245085
1399,0.08644880704958269
1400,0.21210770605141044
1401,-0.33109048865540325
1402,-0.09534470460467948
1403,0.2500148140710615
1404,0.5388808654232127
1405,0.05682710517875278
1406,0.36367025716310286
1407,-0.9455725153708273
1408,-0.20557873565452822
1409,-0.11818737695654513
1410,0.6590535638399291
1411,-0.4532791756220237
1412,-0.29125929899282765
1413,0.11101500377883255
1414,0.14138201035402764
1415,0.32594846965628194
1416,-0.23836665280000024
1417,0.7288071890385648
1418,0.4662618886773428
1419,-0.29607688848477565
1420,-0.5063066056565052
1421,-0.03313889295802086
1422,-0.1601657402311173
1423,0.24682842051665255
1424,0.12174690973419733
1425,-0.09800737621058186
1426,-0.006340259275745774
1427,0.0688400007812272
1428,0.5669745186642741
1429,0.355344368162285
1430,0.017377137925055575
1431,0.3126539798724651
1432,0.003940777032940823
1433,0.2351219009150215
1434,0.09203712465128239
1435,-0.7870739664656053
1436,-0.16283017180676984
1437,0.546382826828797
1438,-0.09282013488086649
1439,0.03065714944368847
1440,-0.08159446053536346
1441,0.14268373406968804
1442,0.19314796826480207
1443,0.2843049467036456
1444,0.47919492637422917
1445,0.18410942079129328
1446,0.009524349870331128
1447,0.5635576945718893
1448,-0.00678546089416876
1449,0.38219353854016197
1450,0.23793835801767127
1451,0.04098194180720782
1452,0.3508099859368748
1453,0.13094135552314567
1454,0.28632970464333174
1455,0.5384428737689508
1456,-0.1474881727861267
1457,0.10460461073461347
1458,0.4617988829264289
1459,0.3392166099025786
1460,-0.417220272107636
1461,-0.9582239645453113
1462,0.7158902686081979
1463,0.3018275806684465
1464,-0.10590758784133814
1465,0.3117356224795184
1466,0.4509814178943689
1467,0.14391564514313449
1468,0.3020815948669838
1469,0.4548071272164642
1470,-0.09630509655197961
1471,-1.0972150965522238
1472,0.3427820863484493
1473,0.13104660585403383
1474,0.352084623359867
1475,0.16252291953865483
1476,0.3397302593999218
1477,-0.08874144728385847
1478,0.4358935405128963
1479,0.20888518273695822
1480,0.08306233721125844
1481,-0.36283640525028094
1482,0.0578071669752388
1483,-0.28107933504093785
1484,-0.2830815920054902
1485,0.1574485992641117
1486,0.43983968220257963
1487,0.17641699157158824
1488,0.00913319139811919
1489,0.0795871871030085
1490,-0.060096408409819
1491,0.32381246235364747
1492,0.16990828547231696
1493,0.20901877508682287
1494,-0.298425146404835
1495,0.22871749169910638
1496,0.16336272525120443
1497,0.2598771195743075
1498,-0.4246179732508567
1499,0.031619727282602206
1500,0.27921982129853207
1501,0.39098297808143545
1502,0.31090636515628134
1503,0.39524511169541054
1504,0.04699548370546025
1505,0.36361711495931487
1506,-0.1469431854194343
1507,-0.11175204549509188
1508,0.2480194686983646
1509,0.10173535083893126
1510,0.18921976109091265
1511,0.4211989134879432
1512,0.2948402878195947
1513,-0.2984895921265417
1514,0.09838920354050729
1515,-0.6173805541951619
1516,0.30714990205389536
1517,0.022674694051836086
1518,0.2162003108962779
1519,0.3674787897979849
1520,-0.2458526181239139
1521,0.09876853106387584
1522,0.2640576596779872
1523,-0.1240843911783589
1524,-0.5732828659274575
1525,0.17597387818169236
1526,0.17306982934505533
1527,-0.34878658869212276
1528,-0.30919104707076317
1529,-0.053055652680629395
1530,0.29753069676338945
1531,0.2671641490762061
1532,-0.13940914512438185
1533,0.5925318255257621
1534,-0.03313889295802086
1535,-0.17372184636454968
1536,-0.21522164425239476
1537,-0.3441885729087918
1538,0.44460442248018384
1539,-0.15709872295661576
1540,-0.07191785683220708
1541,0.34759056287046197
1542,0.3014243381108188
1543,0.10773248684085346
1544,0.016263224398998744
1545,0.32789717119341355
1546,0.27913830336381523
1547,0.14138201035402764
1548,0.07582500165278672
1549,0.2291538709452785
1550,-0.0068037965736227335
1551,0.2076277265764097
1552,-0.292341568745062
1553,-0.23835152969635198
1554,-0.006233522547903325
1555,0.6368498483641634
1556,-1.00313788944172
1557,-0.5796905721317561
1558,0.1680962430526628
1559,-0.9316671667765827
1560,-0.6146842782713143
1561,-0.1975959351223865
1562,0.11195154791526168
1563,-0.49382726019431844
1564,0.309241364254202
1565,0.44722393363354435
1566,0.21749745875859472
1567,-0.27044299784076287
1568,0.3597658990335303
1569,0.5703994664256389
1570,0.35034757054378785
1571,0.2801301760376411
1572,0.03099763086650098
1573,0.49708660487973244
1574,-0.10203630674668396
1575,-0.16788960622737437
1576,-0.017783189620389606
1577,0.4069953127662885
1578,0.16016327395659086
1579,-0.1618965698137773
1580,0.2509204264045265
1581,-0.15108574777616224
1582,0.20729078409900437
1583,0.3376378318179187
1584,0.6698797014801198
1585,0.05635968874603503
1586,-0.8250929476193286
1587,-0.2147389794943978
1588,0.4209339421866944
1589,-0.4701899957870136
1590,-0.3662564065241042
1591,0.02426788857422435
1592,0.2872393540306754
1593,-0.21500365349244033
1594,0.24731054436168232
1595,-0.009610760542950736
1596,0.37724516033922206
1597,0.10618453456988264
1598,0.13327945889720427
1599,0.2306905933704787
1600,0.09732523420664241
1601,0.40430500218268056
1602,0.16663426324966746
1603,0.26798992075250366
1604,0.4473313661586255
1605,-0.12040507126448141
1606,-0.3361345937152832
1607,0.33042893673731544
1608,-0.08494648825334017
1609,-0.009380765514940603
1610,-0.235353938887492
1611,0.38438289730294783
1612,0.5019161440760131
1613,-0.5830419914419837
1614,-0.04134570354672307
1615,0.27625583293382105
1616,0.41213742729222197
1617,0.23413215622609107
1618,0.06648957575763081
1619,0.16026462091563082
1620,0.16414544316643132
1621,0.4343152280864865
1622,0.17211078967649973
1623,0.06300928456476462
1624,0.39698162230046974
1625,0.24636337251954343
1626,-0.4157548047841134
1627,0.3399833515063873
1628,-0.2607010925892469
1629,0.21749745875859472
1630,0.24682842051665255
1631,-0.2107490033337044
1632,0.4680695638502766
1633,-0.1014207725067835
1634,-0.13659345181304994
1635,0.4463377876772622
1636,0.14268373406968804
1637,0.36077024880920566
1638,0.28913252846939497
1639,0.3290515137429422
1640,0.16465462806784714
1641,0.28648667931970606
1642,0.690411669317385
1643,0.18262622716042565
1644,0.47945539909088425
1645,-0.14781006622276394
1646,-0.3877174356493335
1647,0.38731740568072026
1648,-0.009610760542950736
1649,-0.08160091313049167
1650,-0.30619034930194433
1651,0.22048740860679505
1652,0.4309035829873713
1653,-0.05390975308647983
1654,0.10041244588149978
1655,-0.08349568098319715
1656,0.273232525208596
1657,-0.09630509655197961
1658,0.13587827346625592
1659,0.28648667931970606
1660,-0.02675739955347345
1661,0.2577516665169617
1662,-0.4161817478595796
1663,-0.22481776787138574
1664,0.07894132929800901
1665,0.21946339716567903
1666,-0.11542344785379266
1667,0.20377264635260284
1668,0.14268373406968804
1669,0.23288759608769116
1670,0.4401651588348925
1671,0.3815521749172722
1672,0.14774844130028136
1673,0.25827996798922803
1674,-0.5731889720458258
1675,0.47310925522598724
1676,-0.1171585232277279
1677,0.30089363198886354
1678,0.45292750295890166
1679,0.30268033647753717
1680,0.3041659067638611
1681,0.0322700376920797
1682,0.7977186206242719
1683,0.23414012533228978
1684,-0.30828260990236844
1685,-0.04290168873814926
1686,0.5718280226823083
1687,0.2291538709452785
1688,-0.18391704475472648
1689,-0.04534570134744487
1690,-0.01092575330023915
1691,-0.4462412592483641
1692,0.04199949951937665
1693,0.3749427551044562
1694,0.2625881493875524
1695,0.2859250708718735
1696,0.1685208621740636
1697,0.29981340716501104
1698,-0.11014202219752256
1699,-0.12063751001018308
1700,0.060052084547952855
1701,-0.2685775403223828
1702,-0.07213984063521017
1703,0.2949276696065363
1704,-0.16283017180676984
1705,0.11195154791526168
1706,-0.8406521272681892
1707,0.09203712465128239
1708,0.14714488520322216
1709,0.29088819040316277
1710,-0.10969094472161156
1711,-0.12291192924769079
1712,0.2705536991242421
1713,0.2949527706846937
1714,0.22651691373964988
1715,0.26645276565650544
1716,0.1091820732974067
1717,-0.31926613797026693
1718,0.3702408543308515
1719,0.311636059870434
1720,-0.2977430279387753
1721,0.41057743960227755
1722,0.10266529472931563
1723,0.06855461348479286
1724,0.33957211020872896
1725,0.7313955856888467
1726,0.31859183107361455
1727,0.27613321000188934
1728,0.2985361171138805
1729,-0.12839408747084324
1730,-0.17418913214343779
1731,0.10863323485000664
1732,0.7051025394718388
1733,0.6227278022493666
1734,0.4316423473889984
1735,0.3999841940427254
1736,0.26040996826542295
1737,0.12942975445055405
1738,-0.13897337890489891
1739,0.13571172452005775
1740,0.12172042780700665
1741,0.11065033026287407
1742,-0.17220074210537029
1743,-0.5523381544390077
1744,-0.40900127277109877
1745,-0.07325145358145502
1746,0.30448918339169645
1747,-0.05188989905422303
1748,0.0259147179884881
1749,0.26860239456239765
1750,0.3009989694109367
1751,0.6096334755412921
1752,0.19314796826480207
1753,0.22013782125749737
1754,0.2265023327489296
1755,0.14944390952118486
1756,-0.29475711497808443
1757,0.055444284227096685
1758,-0.005835938657574369
1759,-0.16283017180676984
1760,0.39851805976777255
1761,0.08014475887719918
1762,0.22637719017029134
1763,0.4244087020473928
1764,0.11781607767481628
1765,0.0795871871030085
1766,0.3117356224795184
1767,0.6713280098168983
1768,-0.13276988512558152
1769,0.24563123507053075
1770,-0.2648796705729608
1771,-0.30410390957530653
1772,0.52355122555735
1773,0.1328787091649527
1774,0.40934539487268956
1775,-0.23333801966161616
1776,0.14979268603394946
1777,0.13446181285428122
1778,0.2336828408021393
1779,0.1793739651711022
1780,0.23472510424819026
1781,-0.14872465475509922
1782,-0.2576856816484445
1783,0.09464037903705014
1784,0.03800465379799023
1785,0.12751956546246984
1786,0.16521334103946678
1787,0.15626260556472982
1788,0.08095352913728027
1789,0.38782235682376476
1790,0.12963360646157795
1791,0.5318880603099261
1792,-0.334181470250563
1793,0.10078403834860017
1794,0.23440484551156765
1795,0.10811289133579893
1796,-0.14518219774425123
1797,0.194343455735843
1798,0.30573354948967735
1799,0.3959670449834311
1800,-0.09296886450373631
1801,-0.1944320310751123
1802,0.10372432525659614
1803,0.18052372429561409
1804,0.20198813458878395
1805,0.0257453253113179
1806,0.29350170168051853
1807,0.5588168941048467
1808,0.15164907502409092
1809,-0.4246929122111299
1810,-0.34654108244491144
1811,-0.054466324860082516
1812,0.1534096623372041
1813,0.4731710219153422
1814,0.3513197435182437
1815,0.10811289133579893
1816,0.5762858706791867
1817,0.397723993067549
1818,0.3693833459792666
1819,0.3837309876404682
1820,0.39637250480772734
1821,-0.04857210131607981
1822,0.17134567954392477
1823,0.24387268447835964
1824,0.039975200970675195
1825,0.05384622668382277
1826,-0.06202413727234035
1827,0.18410192850587692
1828,0.11831720073789864
1829,0.025048374676888474
1830,-0.2063397537276065
1831,0.5821413609197366
1832,0.17211078967649973
1833,-0.023955857191784946
1834,0.06278319541174293
1835,0.0368025964857025
1836,0.30968178823484865
1837,0.003940777032940823
1838,0.23096304596884876
1839,0.25103842745059035
1840,-0.4298183705724622
1841,-0.6753703579989182
1842,-0.22985731614581562
1843,0.2564151568913473
1844,0.4418149414371218
1845,0.2655613810312575
1846,-0.15044523579914626
1847,-0.011450239955902553
1848,0.009937650733553682
1849,-0.3920064155897497
1850,-0.20767128016573178
1851,0.17699238521028715
1852,-0.01092575330023915
1853,0.24092094752718263
1854,0.21799860749243588
1855,-0.3155576795510383
1856,0.6692586710472952
1857,0.17048892631898904
1858,0.14753587570302618
1859,0.3500846092601869
1860,-0.08853987653606654
1861,0.00913319139811919
1862,-0.10718167514719112
1863,-0.08476854857011518
1864,0.19778213921336124
1865,0.19528761395878924
1866,0.10620971067079388
1867,0.21790370047313645
1868,-0.14158502462763856
1869,0.522882298869561
1870,0.6994543135973911
1871,0.34567789759729123
1872,0.7180949503915014
1873,0.07300087309847703
1874,0.6184353460829677
1875,0.06418393485403207
1876,-0.14393135377190014
1877,0.170096478840719
1878,0.14305577523167834
1879,0.4659015819650539
1880,0.42489657134493813
1881,0.3174120959257049
1882,0.11831720073789864
1883,0.28697728958404733
1884,-0.7257344577236599
1885,0.19939670122068837
1886,-0.07114378373729302
1887,0.6205907741138486
1888,-0.516607662700382
1889,-0.2571092841941778
1890,0.14144911055219855
1891,0.0795871871030085
1892,-0.1700240831617661
1893,-0.20646640820964124
1894,0.2409463802204343
1895,0.1686818866527755
1896,0.3487662868347411
1897,-0.9114034554575937
1898,0.48977489057213514
1899,0.2151335665262819
1900,0.5841450856460926
1901,0.3066062605052594
1902,0.2901114123021347
1903,-0.02602350069176007
1904,0.26610591642745224
1905,-0.90063935529547
1906,-0.31518810043507306
1907,0.33042893673731544
1908,-0.7563666242099057
1909,0.4442617585711135
1910,-0.09630509655197961
1911,-0.9072456461214095
1912,0.07237338572543517
1913,-0.1482956729913495
1914,0.04098194180720782
1915,0.26700281737135945
1916,-0.43064417602139005
1917,0.17713137739612944
1918,0.45545480262976884
1919,-0.9674084506011736
1920,0.3857643369596831
1921,0.4138870879765999
1922,0.04098194180720782
1923,0.17030701629344858
1924,-0.42971498887199655
1925,-0.28452176599380763
1926,0.14195295076419268
1927,0.21709197463715246
1928,0.41311183920552663
1929,0.03705039178246472
1930,0.24096414518999693
1931,-0.2726106291847784
1932,-0.11620953162524017
1933,-0.013565476788673259
1934,-0.015491052228941538
1935,0.46773214399981966
1936,0.10811289133579893
1937,0.10159484360996712
1938,0.17211078967649973
1939,-0.48138252259752956
1940,0.24777854493500018
1941,0.14183328529812966
1942,-0.3920064155897497
1943,0.08413799260760246
1944,0.16149172460806194
1945,0.039975200970675195
1946,-0.15897267189175068
1947,-1.079062995413116
1948,0.040461321874425527
1949,0.726351560628813
1950,0.2306905933704787
1951,0.1803031456582847
1952,0.12036109785882088
1953,-0.4033094231635921
1954,0.3054507645648416
1955,-0.014947255874581566
1956,-0.30306180470851707
1957,0.42249671134376166
1958,0.19137813918135915
1959,0.08902196524642092
1960,0.2306905933704787
1961,0.0388822972289502
1962,-0.08528700569956482
1963,-0.11222928234885166
1964,0.11975580634814131
1965,-0.8771597005553148
1966,0.20213070842159991
1967,0.34435109038074196
1968,0.3641489052007044
1969,0.10965827853516863
1970,0.26798992075250366
1971,-0.7342780802108321
1972,0.10863323485000664
1973,0.19680572250987427
1974,-0.10019497207597072
1975,-0.019772656873350947
1976,0.397121016755152
1977,-0.7944344866258727
1978,0.4122788634045235
1979,-1.0335129499033795
1980,0.07157390469194469
1981,-0.028329522104462934
1982,0.4502096338742458
1983,0.29545132300784904
1984,0.21056957387012898
1985,-0.3474108115719784
1986,0.44018729392137607
1987,-0.01092575330023915
1988,-0.44743088878894255
1989,0.022330821163521697
1990,-0.5602438605450532
1991,-0.08528700569956482
1992,0.14144911055219855
1993,-0.36283640525028094
1994,-0.08970293823427289
1995,0.6321937726972753
1996,0.2254601174345517
1997,-0.39398567463405365
1998,0.320125343308573
1999,-0.8580090659232568
2000,0.6241878295352822
2001,0.29940771457217685
2002,-0.1601657402311173
2003,0.35161300516171534
2004,0.06777212184357106
2005,-1.0098993028820389
2006,0.23413215622609107
2007,-1.0231324705693061
2008,-0.13844553792062808
2009,0.016700219459008125
2010,0.36815724504879677
2011,0.30324007214712057
2012,0.05763037489105338
2013,-0.26523623247245
2014,0.4230190708223981
2015,0.5784514130590777
2016,0.40934539487268956
2017,-0.0681199721287935
2018,0.30410340816642284
2019,0.3787267644415102
2020,0.37679419737405595
2021,0.17431168995149904
2022,0.046141804199452574
2023,0.2103926646902834
2024,0.4356566792896458
2025,-0.41854522768020297
2026,-0.1823183554162564
2027,0.3554878963503675
2028,0.2351219009150215
2029,0.34149847411245127
2030,-0.03313889295802086
2031,0.39524511169541054
2032,0.07675792321934116
2033,-0.1705857861912089
2034,-0.4881974594140873
2035,0.46611590083101934
2036,0.3637190256188027
2037,0.3397302593999218
2038,0.5060702571972642
2039,0.34567789759729123
2040,0.12365942840097155
2041,0.6480195639133459
2042,0.09597541386743363
2043,0.17134567954392477
2044,0.3128531624499111
2045,-1.038116126740488
2046,-0.24422768956480279
2047,-0.24979302999179775
2048,-0.2753668961642859
2049,-0.01888822834781656
2050,-0.42613373515265474
2051,0.2640576596779872
2052,0.22587178311768785
2053,0.6180718547109121
2054,0.06477179580280246
2055,-0.08528700569956482
2056,0.12625182608609226
2057,0.40241720737383946
2058,-1.2436077987324317
2059,-0.2063397537276065
2060,0.6930421202829536
2061,0.03251975503222948
2062,0.1628020487882474
2063,-1.4711614896354503
2064,0.40732931509387765
2065,0.26359652852455684
2066,-0.6478516205046995
2067,0.26402383270862584
2068,0.29850527952486106
2069,0.37428359931469685
2070,0.24448909134731744
2071,0.2822620878019897
2072,-0.1688807282431325
2073,0.04885947228236465
2074,0.4009533507154574
2075,0.09986213870757854
2076,0.29772680202581603
2077,0.34670888554054013
2078,0.28418511724629686
2079,0.5507321775415019
2080,0.2963475575233495
2081,0.6341666755645593
2082,0.08041147363040302
2083,0.31207583496688374
2084,0.34458904369740895
2085,0.7455900352442069
2086,0.4099057235673199
2087,0.05773728096514619
2088,0.5514065399864141
2089,0.016132195152952278
2090,0.18610302641063037
2091,0.24783431843646198
2092,-0.7121728586196009
2093,0.36398181505504856
2094,0.3221563161180259
2095,0.6361358762827288
2096,-0.1527178465283887
2097,0.1405910154703205
2098,0.3700821841027416
2099,0.38758483573210795
2100,0.09150738060109898
2101,-0.1508643082172314
2102,0.07562478050002863
2103,0.34636153801262975
2104,0.11877927245543429
2105,0.19027216803612507
2106,0.38301994447797605
2107,0.33042893673731544
2108,0.4125314481969075
2109,-1.0824917017601914
2110,0.18921976109091265
2111,0.044029455732293665
2112,-0.06607507495485043
2113,0.011792148959974602
2114,-0.09630509655197961
2115,-0.4534717094106758
2116,0.42752636934249744
2117,0.06128947654150785
2118,0.09190112347517532
2119,0.20654076313294012
2120,0.055257049968246985
2121,0.2518709805155863
2122,0.230666430843239
2123,0.35449023038319216
2124,-0.06576017217303554
2125,-0.8628690287235677
2126,0.3965654908558807
2127,-0.21742537626611635
2128,0.22917040505646885
2129,-1.030971040157405
2130,0.22354946154493882
2131,0.12878456151111817
2132,0.10502919685987988
2133,0.5203281244101499
2134,-0.6499555924103456
2135,0.6604707895345392
2136,0.2754051542496885
2137,0.43748838859348194
2138,0.13446181285428122
2139,-0.08360685837697357
2140,0.0316015027822939
2141,0.31820917334590193
2142,0.17659646572785687
2143,-0.4794293136753721
2144,-0.03260458976441094
2145,0.36296633284361934
2146,0.4243796890807102
2147,0.1663951636289891
2148,0.18058070556048922
2149,0.3759096933336794
2150,-0.20166300584849262
2151,0.43675969321384434
2152,0.25313959525771856
2153,0.24486703143413602
2154,0.5483484220164389
2155,0.14911560714331223
2156,0.3036309586874891
2157,0.342063815921793
2158,-0.514168128427534
2159,0.06638856001993443
2160,0.13387094002121547
2161,0.4272904474061569
2162,-0.5138793881713762
2163,0.13387094002121547
2164,-0.10929966124761359
