id_scenario,acc_train_mean,acc_train_sd,acc_test,f1_train_mean,f1_train_sd,f1_test,log_loss_train_mean,log_loss_train_sd,log_loss_test,demp,eqopp,eqodd
0,0.7662237752806615,0.007677201038142302,0.7611326085621276,0.6333146404316626,0.009475220814882543,0.6246501302963033,0.4374591815348556,0.008176596214421562,0.4451363870161551,0.2467963519505798,-0.08712025793866596,0.14595644954029846
1,0.7662544830958005,0.007615527806869689,0.7611940298507462,0.6333440892023635,0.009417424361331516,0.6247104247104247,0.4374587896267775,0.008178054438524427,0.4451359085202196,0.24671593377607237,-0.08712025793866596,0.14589069467443838
2,0.7662544878113741,0.0076977157216854405,0.7611326085621276,0.6333454366882512,0.0095041097013401,0.6246501302963033,0.4374815401614806,0.008168059453670655,0.44515160438561374,0.2467963519505798,-0.08712025793866596,0.14595644954029846
3,0.766285195626513,0.007626783634719895,0.7611940298507462,0.6333747710400617,0.009431743791428297,0.6247104247104247,0.43747194240877396,0.008172253240579807,0.4451465215503752,0.24671593377607237,-0.08712025793866596,0.14589069467443838
4,0.7661009204422378,0.007497130838567015,0.7608255021190344,0.63294122110758,0.009366523073196062,0.6239860950173812,0.43767658374128265,0.008145092710687727,0.4452723180829021,0.24639426107804263,-0.08625332860866797,0.14530366735587674
5,0.7663773285030769,0.0076311965373476315,0.7611326085621276,0.6334309304233723,0.009451113098542463,0.6244326412361177,0.4376064601095361,0.008114787043145846,0.44519380743366627,0.24665427147845864,-0.08583933564654833,0.14511872379665944
6,0.7610948958254348,0.006260045777848328,0.7550519009888828,0.6249789025843835,0.007756422421849309,0.6136407672931602,0.44218250783352675,0.007403632815260968,0.4488257097446542,0.24366004314478973,-0.10140301513179362,0.1550704741126645
7,0.7668379881703234,0.007410782392331789,0.761562557582458,0.6330339180760627,0.009409924001022394,0.6236183827806864,0.43907032501375415,0.007592037407376541,0.44644472091720894,0.24539969777319443,-0.08365254061867389,0.14310516206034862
8,0.7744234268186364,0.0027963720284284736,0.7671518948467538,0.5346888996139824,0.005068889094683281,0.5178684980287422,0.4892625116545635,0.0035355304160660573,0.49372186561227716,0.04693303775576836,-0.3355160352104523,0.18546247484808423
9,0.7697247538564904,0.004993299525767108,0.7639579878385848,0.6224453978366224,0.005922604752436482,0.6128739800543971,0.46369449327514756,0.0047771267731559226,0.4700866322229399,0.22653329293606003,-0.08353360535243781,0.13276830582922128
10,0.6692054937563919,4.5952247112046086e-05,0.6670351943983784,0.0,0.0,0.0,0.6352003779847233,2.9013710982981444e-05,0.6364546011672844,0.0,0.0,0.0
11,0.6718159456931911,0.0007559854557847835,0.6688164117683189,0.01637400844313807,0.004837813090856529,0.011730205278592374,0.5647919552509781,0.001284966596345907,0.5679001689073218,0.0028146361077603537,0.006623887393914303,0.0035092082945373726
12,0.7679128795895263,0.006978837584843608,0.7619925066027885,0.6350239187256411,0.00864031993140456,0.6255676876992946,0.435390067290857,0.009337762002229624,0.44401286708738924,0.24753347673110784,-0.0793056145164176,0.14141363209241609
13,0.7678821717743873,0.0070408990381101,0.7619925066027885,0.6349942412023843,0.008698668323029074,0.6255676876992946,0.43539046821045313,0.0093381731504414,0.44401337996481327,0.24753347673110784,-0.0793056145164176,0.14141363209241609
14,0.7679435874046653,0.006967852119740572,0.7620539278914071,0.6351222246238053,0.008801110227098312,0.625772797527048,0.4353760587732225,0.009346245992460823,0.44400717556005787,0.24777473125463015,-0.07889162155429796,0.14127239047721632
15,0.7679128795895263,0.006988967231790476,0.7619925066027885,0.6349886590393946,0.00865679135680631,0.6254953126510099,0.4353936002405724,0.009327401490729146,0.44401191737505386,0.24737264038209297,-0.07951261099747742,0.14145137546708592
16,0.7675136261214105,0.007035646965946861,0.7616239788710767,0.6345147122847973,0.009071500046649209,0.6246978048544628,0.43542788637220325,0.009214501908311601,0.4440013451043326,0.2468901313350483,-0.08075458988383644,0.14207236491026543
17,0.7680664328119418,0.006894072174915279,0.7618696640255512,0.6351740956558323,0.008691652676830563,0.6251571110896258,0.4354194001216334,0.009245598170376245,0.4440082481569871,0.24705096768406323,-0.08013360044065698,0.14169611532281562
18,0.7618934121928134,0.0069393177612486825,0.7553590074319759,0.6256273372716976,0.00860455730922892,0.6141625496464206,0.4392474587804743,0.00810533574381512,0.44671306740021416,0.24442131846914406,-0.0969782022180199,0.15272655792405748
19,0.7676364573819664,0.006699326808790011,0.7624224556231189,0.6331190809455447,0.007973076908600307,0.6236621910877601,0.43651762849253556,0.0083736755799699,0.44481513784399485,0.24318550064077354,-0.085929501910332,0.1430384060985213
20,0.7744234268186364,0.0027963720284284736,0.7671518948467538,0.5346888996139824,0.005068889094683281,0.5178684980287422,0.48773722704789224,0.003730657279842511,0.4927466683340656,0.04693303775576836,-0.3355160352104523,0.18546247484808423
21,0.7709532220759766,0.005437338097268229,0.7656777839199066,0.621222670314077,0.006176665535059137,0.6127296721145061,0.4625533868607695,0.004892718901871259,0.4691372890393311,0.22076194024841814,-0.08659960916257647,0.13088205470956676
22,0.6692054937563919,4.5952247112046086e-05,0.6670351943983784,0.0,0.0,0.0,0.6347403813348849,3.213283339015028e-05,0.6362647031561565,0.0,0.0,0.0
23,0.6708024793354135,0.0008295486715484627,0.668447884036607,0.010328846642805364,0.005246193292846529,0.009177679882525696,0.5643359097098605,0.0010208723145768432,0.5673493138946841,0.0021712907117008443,0.00517491202649555,0.0027189657449679223
24,0.7681893065126598,0.00755702108338059,0.7619925066027885,0.635159786729821,0.009693427133708618,0.6278690098914818,0.4354045232870873,0.009549951613417632,0.4449346008566652,0.2530206684745074,-0.07268172712250331,0.14042516162240398
25,0.7681585939819473,0.0075530014397162835,0.7619925066027885,0.635128964969092,0.00969520466867688,0.6278690098914818,0.43541049642256185,0.009560271877501905,0.4449538719331214,0.2530206684745074,-0.07268172712250331,0.14042516162240398
26,0.7681278767356612,0.007442848854963702,0.7618696640255512,0.6350621825223626,0.009534089499445779,0.6277484397503601,0.4353899926450903,0.009526230922638424,0.4449016562383314,0.25318150482352225,-0.07268172712250331,0.14055667135412414
27,0.7680971689205223,0.007503743318263287,0.7619925066027885,0.6349970163244614,0.00959261432311284,0.6278690098914818,0.4354100641940476,0.009546638659184233,0.44494600568799997,0.2530206684745074,-0.07268172712250331,0.14042516162240398
28,0.7677593452294051,0.00728364955492545,0.7611940298507462,0.6345293290178425,0.008302896667681489,0.6268714011516314,0.4356083118875965,0.009098199818907447,0.44470984657602264,0.25324316712113604,-0.07330271656568277,0.14117388748317175
29,0.7680971642049487,0.007350752590071574,0.7620539278914071,0.6348547722098993,0.009332031497342746,0.6278578290105667,0.4354199525080001,0.009414173802428082,0.44488288291310063,0.2527794139509851,-0.07288872360356313,0.14039715013121376
30,0.7619240917145109,0.0061076937666239995,0.7559732203181623,0.6262514151903886,0.008331443426709252,0.6162464985994398,0.4388205876291341,0.008238871853069478,0.44664842383168524,0.24717429227929066,-0.09283827259682342,0.15153345929148274
31,0.7685270924791883,0.006513999544996314,0.7625452982003562,0.6330861856901924,0.0068309013444191,0.6264012369540009,0.43668134728614205,0.008092595471081036,0.44535318850663946,0.2474530585566004,-0.07847762859217833,0.14067086480099605
32,0.7685582341270963,0.014050875744946296,0.7517351514034765,0.5484380124388997,0.030733312567424943,0.6104471858134155,0.4874944439824239,0.003198206539087184,0.4920452083845555,0.23404505299632977,-0.13183360289654744,0.16835359276591721
33,0.7719052586567556,0.005012192790181709,0.7643879368589153,0.6198747855329827,0.005351836884439857,0.6128381106176827,0.4630053136648457,0.0046120838893931185,0.4685212625333099,0.22466491904549526,-0.08287367250349964,0.13114489110972577
34,0.6692054937563919,4.5952247112046086e-05,0.6670351943983784,0.0,0.0,0.0,0.6347701262291495,7.11112599553756e-05,0.6362584415487955,0.0,0.0,0.0
35,0.670403244729592,0.0002962939208736994,0.6681407775935139,0.007763924990121846,0.002119425816740156,0.007713498622589533,0.5652777419155691,0.002157407214651284,0.5675956227516836,0.0019300361881785283,0.004346926102256262,0.002370727648708352
36,0.7679434365063108,0.004321227386565668,0.7604569743873226,0.6338677382257776,0.00671140080315299,0.6223857474825716,0.4394550139975042,0.009066156548295741,0.44549535453625555,0.2455042664915282,-0.0859684453160906,0.14487655722397272
37,0.7696633240794918,0.005345401995290354,0.7597813402125176,0.6348687182850498,0.006802167705078638,0.6248441247002399,0.43835610384344054,0.010571683069953349,0.4492864024084134,0.2522835436939794,-0.07516568489522124,0.14214866969229112
38,0.7670222869324665,0.008459255820409099,0.7605798169645599,0.6328908164950339,0.009765935841987082,0.6227255129694154,0.43783597302178273,0.009975715221056019,0.44543727605256017,0.24582593918955795,-0.08534745587291115,0.14463181736824307
39,0.7696940366102043,0.005336960932156577,0.7597813402125176,0.6348995582973144,0.006788367474820099,0.6247721385397679,0.43835227201195154,0.01055235608932659,0.44926640882362456,0.2521227073449645,-0.07537268137628106,0.14218641306696095
40,0.7691413053688503,0.006611063953965092,0.7603341318100854,0.6346213409075072,0.007342790962708554,0.6221189231067208,0.43726363939589297,0.010902877614460916,0.44537713162505566,0.24534343014251328,-0.08638243827821024,0.14508355370503254
41,0.7700011524861824,0.00510666403891177,0.7596584976352804,0.6349958768167728,0.006411945788692404,0.6245802552048355,0.43832934805157675,0.010365015552243036,0.4490845675357168,0.2521227073449645,-0.07557967785734088,0.14235566617335094
42,0.7612483170117901,0.004113468169947133,0.757201646090535,0.6254741868622443,0.00478943018573691,0.619281517865742,0.4417991173412867,0.00891790984297321,0.44744046073791094,0.2485655517897435,-0.08956527230562505,0.14978709843633847
43,0.7696940413257778,0.00521262742047014,0.7602112892328481,0.6324311006109286,0.00697138871300412,0.6235294117647059,0.43918170555321345,0.008933083314503048,0.4485595541724986,0.24854140124591712,-0.08013360044065698,0.14303286166219215
44,0.7719664243616339,0.007544002564932587,0.7671518948467538,0.5538687811448351,0.039145617448896664,0.5178684980287422,0.4882581341105497,0.004646763045287642,0.49899384356444054,0.04693303775576836,-0.3355160352104523,0.18546247484808423
45,0.7747613825458137,0.004224094670510404,0.7584300718629077,0.6110694622120701,0.013030420037863881,0.6075241991817184,0.4662039844854579,0.005328556877781194,0.4679279933619397,0.24022031568838143,-0.05268902462556435,0.12383409816375676
46,0.6692054937563919,4.5952247112046086e-05,0.6670351943983784,0.0,0.0,0.0,0.6352655193454143,0.0007770154201446935,0.6368278347255579,0.0,0.0,0.0
47,0.6739040912693607,0.00529057512565812,0.6678950924390393,0.042020600890677905,0.05995383762788886,0.00734349183036534,0.5667909636729085,0.004597574199284222,0.5702920083759878,0.0020908725371934058,0.004139929621196439,0.0024644940057586616
48,0.7681277588463218,0.008070847496946091,0.7774706713346846,0.6390646893265037,0.024157493600347017,0.6173830393916994,0.46738302310734403,0.012110655344380746,0.45724630832920476,0.16757391164162855,-0.15761589171628154,0.13896516622709182
49,0.7663465358076137,0.008196166656732196,0.7580615441311959,0.6303473476639452,0.004262603791984005,0.6323158779053487,0.49694519090911055,0.024291318613255588,0.5110263170182301,0.2703375493282699,-0.040648495416255925,0.13111231088966827
50,0.7684043696768248,0.012264278685453628,0.7630980897979239,0.6056412275282936,0.032969759593203946,0.6418423251926827,0.4688775573471122,0.020687173077836643,0.461870769247597,0.2758622528254568,-0.04538485557609928,0.13547680546590443
51,0.7663465358076137,0.008196166656732196,0.75787728026534,0.6302381086273746,0.00428473187309767,0.6318640268957789,0.4967899027881985,0.02417643821259202,0.5108215891637904,0.26993545845573264,-0.0414764813404952,0.13146054898592782
52,0.7706771676831558,0.012284725838595462,0.7632823536637798,0.6151992734689207,0.02150221707112511,0.6417549730433166,0.46571786177228086,0.02933020498480976,0.4608710041461328,0.27531808148079845,-0.04811475323563574,0.13682010527349758
53,0.7663772294760318,0.008016505661278317,0.7573244886677722,0.6299360418165167,0.004113342323731872,0.6305059384644159,0.49535562678570066,0.023107280229826246,0.508876993935177,0.26838875726319766,-0.04396043911321301,0.1322859457552838
54,0.765363664091209,0.008208168896345396,0.7606412382531785,0.6188889352559823,0.01904436629621969,0.634324856901567,0.45721050951131686,0.013623886755314757,0.45514358536256927,0.26413198868123605,-0.07062614681313129,0.1450723233551896
55,0.7666843830765987,0.00808898165363817,0.7572630673791536,0.6214668937896985,0.0045373026112911306,0.6273104488872123,0.49114024585692373,0.018954731524388455,0.49701125711831845,0.2564655396831072,-0.0684905746432819,0.14034189430593863
56,0.7361565142253765,0.04458811141762241,0.7137767950371599,0.38525552183279727,0.2537147866837227,0.24644243208279432,0.5147852282576862,0.032158018387932086,0.5482739576469162,-0.057110076924186744,-0.50413396531581,0.2521327375237651
57,0.7422992467154144,0.023661724903440547,0.7393280511025121,0.49351560954292534,0.14178679017692278,0.5563453899226427,0.5097036577274149,0.02481405129056212,0.5080597246044573,0.21963018930889922,-0.04638264878310633,0.1163851949394479
58,0.6692054937563919,4.5952247112046086e-05,0.6670351943983784,0.0,0.0,0.0,0.6437806737981636,0.005513308558215862,0.6374102129126065,0.0,0.0,0.0
59,0.7019757498799415,0.0350440371695397,0.6728702168171489,0.26444848717530184,0.2531884755172978,0.04517748296880602,0.5668342213046556,0.022347166247987153,0.5849595755384785,0.011263939097974051,0.022277733142943353,0.012738632374288504
60,0.712968652564461,0.046745535889714855,0.7511823598059088,0.5202318438322701,0.1876847718899208,0.6328953330312642,0.8380287539708665,0.23133736610019964,0.5318425568764992,0.3118919159661441,0.00010525244799652889,0.13300492599639271
61,0.7351438117905184,0.013644146140430686,0.7215772986917266,0.5840953986187162,0.033070330014458055,0.5046443011692711,1.672159327869624,0.27728060836541485,2.820748029596011,0.1780863610901493,-0.03175747029249654,0.08957782278536747
62,0.7397506159482207,0.014162460162460784,0.664762606719489,0.6275013337583238,0.059084177325158506,0.43847736625514405,0.7250294782011688,0.12570988379039846,1.2683488658101345,0.29771730314327166,0.3231909735500598,0.28682595192527416
63,0.7254391000648486,0.019576787762925787,0.7041950740126528,0.6001838343503038,0.017230945214998267,0.5715302491103202,2.007084434029791,0.35098507537551943,2.1625102399791887,0.3801227851285342,0.22553108631051583,0.27826690542805627
64,0.7530173540652583,0.004925583596592268,0.7490940359928752,0.6306264027019821,0.05717629185454322,0.6385275639323953,0.6479255706902182,0.08698266218229413,0.5617168108815315,0.26417614967566133,-0.08239021292570226,0.15177096075911575
65,0.7232886146059799,0.026081006575864152,0.7283950617283951,0.5729604907461991,0.022088863370893958,0.5286719249626946,1.6897659631341866,0.49832511620824416,2.226890788049466,0.15887538758486408,-0.11998533482557916,0.12754844111006775
66,0.7432815525629897,0.03947851576280216,0.7091087771021436,0.536576710784184,0.16904293690031552,0.5643855776306107,0.5963035264387073,0.08708322250450055,0.6422964215910645,-0.009644535359218942,-0.35773272193355765,0.19631062604386873
67,0.6920851125192442,0.046988158150743954,0.7282722191511578,0.6049859268699846,0.03451129653327007,0.49727272727272737,1.4719246570726738,0.23322312424339114,1.40607323838842,0.0957314384252089,-0.22607418894217784,0.15626033660280028
68,0.6692054937563919,4.5952247112046086e-05,0.7137767950371599,0.0,0.0,0.24644243208279432,0.6816066585735112,0.06340070986373728,0.5459143994950627,-0.057110076924186744,-0.50413396531581,0.2521327375237651
69,0.6509623306778995,0.029818792482301834,0.6966402555125607,0.32783647976714797,0.25836579401239435,0.43817540666590826,1.0652747189982783,0.20962168380433668,1.236964194402702,0.21313639035308093,0.20468022552091192,0.18237654774165685
70,0.6692054937563919,4.5952247112046086e-05,0.6670351943983784,0.0,0.0,0.0,0.6625567078708214,0.0367611574733963,0.639372947590581,0.0,0.0,0.0
71,0.6541870662379644,0.020846982528030526,0.5546956575148947,0.08787571705217231,0.17312777775406793,0.14504716981132074,0.9882186756352083,0.2674282981179359,0.6984355426421995,-0.3820915249155201,-0.23025657038406616,0.31783252271347207
72,0.7694484448226964,0.007184355382579772,0.7580001228425772,0.6253007566167152,0.02813606863557852,0.6278103155110523,0.45101760462303087,0.024593220631800805,0.4546360640711802,0.27408201273768684,-0.04628862326289607,0.1379045664824446
73,0.7680356684099199,0.00559482888327966,0.7582458079970518,0.6253337469606568,0.012480093736474183,0.6288193134666163,0.4502429343708848,0.015867229597842925,0.4570100852805217,0.27655082560359107,-0.03830592676534661,0.1343735022946904
74,0.768066475252104,0.008026258839025724,0.762913825932068,0.6327147168163904,0.011150920462997189,0.6265479876160992,0.43807453775198485,0.008935461001705463,0.4448790070112089,0.24887104048697534,-0.07529479456476351,0.1395842415916616
75,0.7704310949071428,0.006433507421891384,0.763589460106873,0.6339471081089287,0.007384431642260285,0.6263469566061548,0.43957170511337806,0.010575878803119058,0.44578051552241993,0.24639683295413842,-0.07777875233748144,0.13953317608266164
76,0.76723725578516,0.007480385949423057,0.7628524046434494,0.6347654976698902,0.009972120051674041,0.6206896551724137,0.435696323050889,0.009447307220828663,0.44452214615758484,0.2345432442146902,-0.09354942830378665,0.14270540884639654
77,0.7676979060212593,0.007223232453285162,0.7623610343345003,0.6356147309395436,0.009241022975467306,0.6252058510123025,0.4357419855958345,0.009577264969081888,0.44387864973048563,0.24714474706853173,-0.07947366759171881,0.1413228508539964
78,0.7618934074772399,0.0065873928545964735,0.7557889564523064,0.6253980056223042,0.00875204683037192,0.6155482498549604,0.43906079881717125,0.008142095623305897,0.44660430289539704,0.24628969235970882,-0.09428724796424215,0.1519949275117518
79,0.7674214932448465,0.0070944677775124825,0.7619310853141699,0.6323473037184376,0.00775784613576458,0.6245641224331654,0.43648006146819635,0.008330199008555373,0.4449052361825837,0.24722516524303917,-0.08009465703489826,0.14189636503902642
80,0.7744234268186364,0.0027963720284284736,0.7671518948467538,0.5346888996139824,0.005068889094683281,0.5178684980287422,0.48774753983592184,0.0036850492712152487,0.49275461414812666,0.04693303775576836,-0.3355160352104523,0.18546247484808423
81,0.7707689421761278,0.0051377827249125705,0.7646336220133898,0.6211438176170994,0.005921708330582575,0.6112012987012987,0.4625523014895654,0.004887403972222828,0.4691607089597693,0.2211640311209553,-0.08784158804893538,0.13222634767720703
82,0.6692054937563919,4.5952247112046086e-05,0.6670351943983784,0.0,0.0,0.0,0.6351830010253191,0.0003635340888986946,0.636319247483158,0.0,0.0,0.0
83,0.6727987089514036,0.0013819999637159374,0.668632147902463,0.02253375871932102,0.008905732335508352,0.010273344340487982,0.56517659549903,0.0014278640974000382,0.5678307860961308,0.0024125452352231603,0.005795901469675016,0.0030294604665576552
84,0.7694484448226964,0.007184355382579772,0.7580001228425772,0.6253007566167152,0.02813606863557852,0.6278103155110523,0.45101760462303087,0.024593220631800805,0.4546360640711802,0.27408201273768684,-0.04628862326289607,0.1379045664824446
85,0.7680356684099199,0.00559482888327966,0.7582458079970518,0.6253337469606568,0.012480093736474183,0.6288193134666163,0.4502429343708848,0.015867229597842925,0.4570100852805217,0.27655082560359107,-0.03830592676534661,0.1343735022946904
86,0.768066475252104,0.008026258839025724,0.762913825932068,0.6327147168163904,0.011150920462997189,0.6265479876160992,0.43807453775198485,0.008935461001705463,0.4448790070112089,0.24887104048697534,-0.07529479456476351,0.1395842415916616
87,0.7704310949071428,0.006433507421891384,0.763589460106873,0.6339471081089287,0.007384431642260285,0.6263469566061548,0.43957170511337806,0.010575878803119058,0.44578051552241993,0.24639683295413842,-0.07777875233748144,0.13953317608266164
88,0.76723725578516,0.007480385949423057,0.7628524046434494,0.6347654976698902,0.009972120051674041,0.6206896551724137,0.435696323050889,0.009447307220828663,0.44452214615758484,0.2345432442146902,-0.09354942830378665,0.14270540884639654
89,0.7676979060212593,0.007223232453285162,0.7623610343345003,0.6356147309395436,0.009241022975467306,0.6252058510123025,0.4357419855958345,0.009577264969081888,0.44387864973048563,0.24714474706853173,-0.07947366759171881,0.1413228508539964
90,0.7618934074772399,0.0065873928545964735,0.7557889564523064,0.6253980056223042,0.00875204683037192,0.6155482498549604,0.43906079881717125,0.008142095623305897,0.44660430289539704,0.24628969235970882,-0.09428724796424215,0.1519949275117518
91,0.7674214932448465,0.0070944677775124825,0.7619310853141699,0.6323473037184376,0.00775784613576458,0.6245641224331654,0.43648006146819635,0.008330199008555373,0.4449052361825837,0.24722516524303917,-0.08009465703489826,0.14189636503902642
92,0.7744234268186364,0.0027963720284284736,0.7671518948467538,0.5346888996139824,0.005068889094683281,0.5178684980287422,0.48774753983592184,0.0036850492712152487,0.49275461414812666,0.04693303775576836,-0.3355160352104523,0.18546247484808423
93,0.7707689421761278,0.0051377827249125705,0.7646336220133898,0.6211438176170994,0.005921708330582575,0.6112012987012987,0.4625523014895654,0.004887403972222828,0.4691607089597693,0.2211640311209553,-0.08784158804893538,0.13222634767720703
94,0.6692054937563919,4.5952247112046086e-05,0.6670351943983784,0.0,0.0,0.0,0.6351830010253191,0.0003635340888986946,0.636319247483158,0.0,0.0,0.0
95,0.6727987089514036,0.0013819999637159374,0.668632147902463,0.02253375871932102,0.008905732335508352,0.010273344340487982,0.56517659549903,0.0014278640974000382,0.5678307860961308,0.0024125452352231603,0.005795901469675016,0.0030294604665576552
96,0.7694484448226964,0.007184355382579772,0.7580001228425772,0.6253007566167152,0.02813606863557852,0.6278103155110523,0.45101760462303087,0.024593220631800805,0.4546360640711802,0.27408201273768684,-0.04628862326289607,0.1379045664824446
97,0.7680356684099199,0.00559482888327966,0.7582458079970518,0.6253337469606568,0.012480093736474183,0.6288193134666163,0.4502429343708848,0.015867229597842925,0.4570100852805217,0.27655082560359107,-0.03830592676534661,0.1343735022946904
98,0.768066475252104,0.008026258839025724,0.762913825932068,0.6327147168163904,0.011150920462997189,0.6265479876160992,0.43807453775198485,0.008935461001705463,0.4448790070112089,0.24887104048697534,-0.07529479456476351,0.1395842415916616
99,0.7704310949071428,0.006433507421891384,0.763589460106873,0.6339471081089287,0.007384431642260285,0.6263469566061548,0.43957170511337806,0.010575878803119058,0.44578051552241993,0.24639683295413842,-0.07777875233748144,0.13953317608266164
100,0.76723725578516,0.007480385949423057,0.7628524046434494,0.6347654976698902,0.009972120051674041,0.6206896551724137,0.435696323050889,0.009447307220828663,0.44452214615758484,0.2345432442146902,-0.09354942830378665,0.14270540884639654
101,0.7676979060212593,0.007223232453285162,0.7623610343345003,0.6356147309395436,0.009241022975467306,0.6252058510123025,0.4357419855958345,0.009577264969081888,0.44387864973048563,0.24714474706853173,-0.07947366759171881,0.1413228508539964
102,0.7618934074772399,0.0065873928545964735,0.7557889564523064,0.6253980056223042,0.00875204683037192,0.6155482498549604,0.43906079881717125,0.008142095623305897,0.44660430289539704,0.24628969235970882,-0.09428724796424215,0.1519949275117518
103,0.7674214932448465,0.0070944677775124825,0.7619310853141699,0.6323473037184376,0.00775784613576458,0.6245641224331654,0.43648006146819635,0.008330199008555373,0.4449052361825837,0.24722516524303917,-0.08009465703489826,0.14189636503902642
104,0.7744234268186364,0.0027963720284284736,0.7671518948467538,0.5346888996139824,0.005068889094683281,0.5178684980287422,0.48774753983592184,0.0036850492712152487,0.49275461414812666,0.04693303775576836,-0.3355160352104523,0.18546247484808423
105,0.7707689421761278,0.0051377827249125705,0.7646336220133898,0.6211438176170994,0.005921708330582575,0.6112012987012987,0.4625523014895654,0.004887403972222828,0.4691607089597693,0.2211640311209553,-0.08784158804893538,0.13222634767720703
106,0.6692054937563919,4.5952247112046086e-05,0.6670351943983784,0.0,0.0,0.0,0.6351830010253191,0.0003635340888986946,0.636319247483158,0.0,0.0,0.0
107,0.6727987089514036,0.0013819999637159374,0.668632147902463,0.02253375871932102,0.008905732335508352,0.010273344340487982,0.56517659549903,0.0014278640974000382,0.5678307860961308,0.0024125452352231603,0.005795901469675016,0.0030294604665576552
108,0.7694484448226964,0.007184355382579772,0.7580001228425772,0.6253007566167152,0.02813606863557852,0.6278103155110523,0.45101760462303087,0.024593220631800805,0.4546360640711802,0.27408201273768684,-0.04628862326289607,0.1379045664824446
109,0.7680356684099199,0.00559482888327966,0.7582458079970518,0.6253337469606568,0.012480093736474183,0.6288193134666163,0.4502429343708848,0.015867229597842925,0.4570100852805217,0.27655082560359107,-0.03830592676534661,0.1343735022946904
110,0.768066475252104,0.008026258839025724,0.762913825932068,0.6327147168163904,0.011150920462997189,0.6265479876160992,0.43807453775198485,0.008935461001705463,0.4448790070112089,0.24887104048697534,-0.07529479456476351,0.1395842415916616
111,0.7704310949071428,0.006433507421891384,0.763589460106873,0.6339471081089287,0.007384431642260285,0.6263469566061548,0.43957170511337806,0.010575878803119058,0.44578051552241993,0.24639683295413842,-0.07777875233748144,0.13953317608266164
112,0.76723725578516,0.007480385949423057,0.7628524046434494,0.6347654976698902,0.009972120051674041,0.6206896551724137,0.435696323050889,0.009447307220828663,0.44452214615758484,0.2345432442146902,-0.09354942830378665,0.14270540884639654
113,0.7676979060212593,0.007223232453285162,0.7623610343345003,0.6356147309395436,0.009241022975467306,0.6252058510123025,0.4357419855958345,0.009577264969081888,0.44387864973048563,0.24714474706853173,-0.07947366759171881,0.1413228508539964
114,0.7618934074772399,0.0065873928545964735,0.7557889564523064,0.6253980056223042,0.00875204683037192,0.6155482498549604,0.43906079881717125,0.008142095623305897,0.44660430289539704,0.24628969235970882,-0.09428724796424215,0.1519949275117518
115,0.7674214932448465,0.0070944677775124825,0.7619310853141699,0.6323473037184376,0.00775784613576458,0.6245641224331654,0.43648006146819635,0.008330199008555373,0.4449052361825837,0.24722516524303917,-0.08009465703489826,0.14189636503902642
116,0.7744234268186364,0.0027963720284284736,0.7671518948467538,0.5346888996139824,0.005068889094683281,0.5178684980287422,0.48774753983592184,0.0036850492712152487,0.49275461414812666,0.04693303775576836,-0.3355160352104523,0.18546247484808423
117,0.7707689421761278,0.0051377827249125705,0.7646336220133898,0.6211438176170994,0.005921708330582575,0.6112012987012987,0.4625523014895654,0.004887403972222828,0.4691607089597693,0.2211640311209553,-0.08784158804893538,0.13222634767720703
118,0.6692054937563919,4.5952247112046086e-05,0.6670351943983784,0.0,0.0,0.0,0.6351830010253191,0.0003635340888986946,0.636319247483158,0.0,0.0,0.0
119,0.6727987089514036,0.0013819999637159374,0.668632147902463,0.02253375871932102,0.008905732335508352,0.010273344340487982,0.56517659549903,0.0014278640974000382,0.5678307860961308,0.0024125452352231603,0.005795901469675016,0.0030294604665576552
120,0.7694484448226964,0.007184355382579772,0.7580001228425772,0.6253007566167152,0.02813606863557852,0.6278103155110523,0.45101760462303087,0.024593220631800805,0.4546360640711802,0.27408201273768684,-0.04628862326289607,0.1379045664824446
121,0.7680356684099199,0.00559482888327966,0.7582458079970518,0.6253337469606568,0.012480093736474183,0.6288193134666163,0.4502429343708848,0.015867229597842925,0.4570100852805217,0.27655082560359107,-0.03830592676534661,0.1343735022946904
122,0.768066475252104,0.008026258839025724,0.762913825932068,0.6327147168163904,0.011150920462997189,0.6265479876160992,0.43807453775198485,0.008935461001705463,0.4448790070112089,0.24887104048697534,-0.07529479456476351,0.1395842415916616
123,0.7704310949071428,0.006433507421891384,0.763589460106873,0.6339471081089287,0.007384431642260285,0.6263469566061548,0.43957170511337806,0.010575878803119058,0.44578051552241993,0.24639683295413842,-0.07777875233748144,0.13953317608266164
124,0.76723725578516,0.007480385949423057,0.7628524046434494,0.6347654976698902,0.009972120051674041,0.6206896551724137,0.435696323050889,0.009447307220828663,0.44452214615758484,0.2345432442146902,-0.09354942830378665,0.14270540884639654
125,0.7676979060212593,0.007223232453285162,0.7623610343345003,0.6356147309395436,0.009241022975467306,0.6252058510123025,0.4357419855958345,0.009577264969081888,0.44387864973048563,0.24714474706853173,-0.07947366759171881,0.1413228508539964
126,0.7618934074772399,0.0065873928545964735,0.7557889564523064,0.6253980056223042,0.00875204683037192,0.6155482498549604,0.43906079881717125,0.008142095623305897,0.44660430289539704,0.24628969235970882,-0.09428724796424215,0.1519949275117518
127,0.7674214932448465,0.0070944677775124825,0.7619310853141699,0.6323473037184376,0.00775784613576458,0.6245641224331654,0.43648006146819635,0.008330199008555373,0.4449052361825837,0.24722516524303917,-0.08009465703489826,0.14189636503902642
128,0.7744234268186364,0.0027963720284284736,0.7671518948467538,0.5346888996139824,0.005068889094683281,0.5178684980287422,0.48774753983592184,0.0036850492712152487,0.49275461414812666,0.04693303775576836,-0.3355160352104523,0.18546247484808423
129,0.7707689421761278,0.0051377827249125705,0.7646336220133898,0.6211438176170994,0.005921708330582575,0.6112012987012987,0.4625523014895654,0.004887403972222828,0.4691607089597693,0.2211640311209553,-0.08784158804893538,0.13222634767720703
130,0.6692054937563919,4.5952247112046086e-05,0.6670351943983784,0.0,0.0,0.0,0.6351830010253191,0.0003635340888986946,0.636319247483158,0.0,0.0,0.0
131,0.6727987089514036,0.0013819999637159374,0.668632147902463,0.02253375871932102,0.008905732335508352,0.010273344340487982,0.56517659549903,0.0014278640974000382,0.5678307860961308,0.0024125452352231603,0.005795901469675016,0.0030294604665576552
132,0.7694484448226964,0.007184355382579772,0.7580001228425772,0.6253007566167152,0.02813606863557852,0.6278103155110523,0.45101760462303087,0.024593220631800805,0.4546360640711802,0.27408201273768684,-0.04628862326289607,0.1379045664824446
133,0.7680356684099199,0.00559482888327966,0.7582458079970518,0.6253337469606568,0.012480093736474183,0.6288193134666163,0.4502429343708848,0.015867229597842925,0.4570100852805217,0.27655082560359107,-0.03830592676534661,0.1343735022946904
134,0.768066475252104,0.008026258839025724,0.762913825932068,0.6327147168163904,0.011150920462997189,0.6265479876160992,0.43807453775198485,0.008935461001705463,0.4448790070112089,0.24887104048697534,-0.07529479456476351,0.1395842415916616
135,0.7704310949071428,0.006433507421891384,0.763589460106873,0.6339471081089287,0.007384431642260285,0.6263469566061548,0.43957170511337806,0.010575878803119058,0.44578051552241993,0.24639683295413842,-0.07777875233748144,0.13953317608266164
136,0.76723725578516,0.007480385949423057,0.7628524046434494,0.6347654976698902,0.009972120051674041,0.6206896551724137,0.435696323050889,0.009447307220828663,0.44452214615758484,0.2345432442146902,-0.09354942830378665,0.14270540884639654
137,0.7676979060212593,0.007223232453285162,0.7623610343345003,0.6356147309395436,0.009241022975467306,0.6252058510123025,0.4357419855958345,0.009577264969081888,0.44387864973048563,0.24714474706853173,-0.07947366759171881,0.1413228508539964
138,0.7618934074772399,0.0065873928545964735,0.7557889564523064,0.6253980056223042,0.00875204683037192,0.6155482498549604,0.43906079881717125,0.008142095623305897,0.44660430289539704,0.24628969235970882,-0.09428724796424215,0.1519949275117518
139,0.7674214932448465,0.0070944677775124825,0.7619310853141699,0.6323473037184376,0.00775784613576458,0.6245641224331654,0.43648006146819635,0.008330199008555373,0.4449052361825837,0.24722516524303917,-0.08009465703489826,0.14189636503902642
140,0.7744234268186364,0.0027963720284284736,0.7671518948467538,0.5346888996139824,0.005068889094683281,0.5178684980287422,0.48774753983592184,0.0036850492712152487,0.49275461414812666,0.04693303775576836,-0.3355160352104523,0.18546247484808423
141,0.7707689421761278,0.0051377827249125705,0.7646336220133898,0.6211438176170994,0.005921708330582575,0.6112012987012987,0.4625523014895654,0.004887403972222828,0.4691607089597693,0.2211640311209553,-0.08784158804893538,0.13222634767720703
142,0.6692054937563919,4.5952247112046086e-05,0.6670351943983784,0.0,0.0,0.0,0.6351830010253191,0.0003635340888986946,0.636319247483158,0.0,0.0,0.0
143,0.6727987089514036,0.0013819999637159374,0.668632147902463,0.02253375871932102,0.008905732335508352,0.010273344340487982,0.56517659549903,0.0014278640974000382,0.5678307860961308,0.0024125452352231603,0.005795901469675016,0.0030294604665576552
