id_scenario,acc_train_mean,acc_train_sd,acc_test,f1_train_mean,f1_train_sd,f1_test,log_loss_train_mean,log_loss_train_sd,log_loss_test,demp,eqopp,eqodd
0,0.6694437193967167,0.013241020811213014,0.6766743648960739,0.5821260214921106,0.016699935409634985,0.6013667425968109,0.6253533349304589,0.006086496525232073,0.6087905445560967,-0.34870588275454784,-0.36522739042321983,0.31674458370296354
1,0.6694437193967167,0.013241020811213014,0.6766743648960739,0.5821260214921106,0.016699935409634985,0.6013667425968109,0.6253514485080545,0.006087623522460641,0.6087871960236407,-0.34870588275454784,-0.36522739042321983,0.31674458370296354
2,0.6696419354522172,0.01364168344210593,0.6766743648960739,0.5824753213161996,0.01738181349528028,0.6013667425968109,0.6253552200120258,0.0060789826776271524,0.6088288009074215,-0.34870588275454784,-0.36522739042321983,0.31674458370296354
3,0.6694437193967167,0.013241020811213014,0.6766743648960739,0.5821260214921106,0.016699935409634985,0.6013667425968109,0.6253554955146098,0.006086246997817978,0.608795228905359,-0.34870588275454784,-0.36522739042321983,0.31674458370296354
4,0.6708300542640984,0.012347331899983225,0.6762124711316397,0.5833272648417288,0.01678392521470534,0.6001140901312036,0.6254642474220622,0.006036900991391021,0.6090772582415342,-0.34964634516848103,-0.36986776165291824,0.31810323085627423
5,0.6694437193967167,0.013241020811213014,0.6766743648960739,0.5821260214921106,0.016699935409634985,0.6013667425968109,0.6253960281866364,0.006072514190393749,0.608875566122284,-0.34870588275454784,-0.36522739042321983,0.31674458370296354
6,0.6682542268101934,0.00923453801565747,0.6799076212471131,0.5754283792380337,0.014811126758780638,0.5977945443993036,0.6275049235946472,0.005129737817851784,0.6123404401789017,-0.336879269204379,-0.35869090968402256,0.3046659676625241
7,0.669839759000677,0.012267262829085988,0.6757505773672056,0.5817511072525857,0.01684492253017386,0.5988571428571429,0.6258185421843541,0.005957366394446956,0.6096794839962951,-0.35243444925770034,-0.3745081328826166,0.3211986102695731
8,0.5771429412515087,0.004961080624644229,0.5755196304849884,0.14755321835458712,0.01232613341823909,0.1757847533632287,0.6824428524614291,0.0007658529194288224,0.6803318007790401,-0.059410427355679134,-0.08660123389836037,0.05269984175538174
9,0.6666702646478722,0.010307917168589212,0.6706697459584295,0.5683143414428552,0.017543893146253563,0.5818181818181818,0.6309439126716734,0.004747425455453989,0.6182709005970312,-0.353607893739695,-0.3905414717887448,0.32502625169639987
10,0.5541691116584404,0.00043741999672258796,0.5381062355658198,0.0,0.0,0.0,0.6917020258335308,9.789360414670616e-06,0.6915426556304383,0.0,0.0,0.0
11,0.6516152645988088,0.00973771653129767,0.6540415704387991,0.488883388459898,0.02658378028177642,0.4963012777404169,0.6617143756971364,0.0015166633431113212,0.6583332015055466,-0.279063872930044,-0.3508373464253239,0.2576190309944151
12,0.669839759000677,0.01240631990119548,0.6822170900692841,0.5868230421023467,0.014812460183480912,0.6134831460674157,0.6191146673174771,0.008741877333415204,0.5973768195107231,-0.29499114156092865,-0.29899812020110994,0.2598747309413421
13,0.669839759000677,0.01240631990119548,0.6822170900692841,0.5868230421023467,0.014812460183480912,0.6134831460674157,0.6191148928166232,0.00874330632321239,0.5973749773661545,-0.29499114156092865,-0.29899812020110994,0.2598747309413421
14,0.6692453070876959,0.011794542847196826,0.6822170900692841,0.5857796771897156,0.01368253158719915,0.6134831460674157,0.6191152330741916,0.00872496615962554,0.5974069894961155,-0.29499114156092865,-0.29899812020110994,0.2598747309413421
15,0.669839759000677,0.01240631990119548,0.6822170900692841,0.5868230421023467,0.014812460183480912,0.6134831460674157,0.6191173282460785,0.00873924357783279,0.5973884221027793,-0.29499114156092865,-0.29899812020110994,0.2598747309413421
16,0.6700373862956167,0.011703785157036139,0.6826789838337183,0.5861732399177931,0.013005596032441077,0.6133933595948229,0.6191132456423574,0.008571821225588562,0.5975636365465152,-0.2940839622995757,-0.29724065095682173,0.25880965165610914
17,0.6694433268896761,0.011445754256475095,0.6817551963048499,0.585908260791456,0.013785636174293254,0.6127037661607645,0.6191423621304913,0.008698851973610013,0.5975230965257052,-0.29407286791538223,-0.29724065095682173,0.258995996319198
18,0.6706310531945167,0.011449253020522698,0.6826789838337183,0.5776382430619408,0.00963779965428474,0.6081003993154592,0.620278530728047,0.007374099188763074,0.6008170366786418,-0.26835011145589044,-0.27207336516622554,0.23295081496236142
19,0.6690476797927563,0.013330969484499577,0.6812933025404158,0.5835917681814251,0.014970060262008804,0.6097285067873304,0.6194034731394086,0.008311738198191018,0.598741772987091,-0.29690534954137526,-0.29892880006850453,0.26197930760729937
20,0.5771429412515087,0.004961080624644229,0.5755196304849884,0.14755321835458712,0.01232613341823909,0.1757847533632287,0.6759377681067577,0.00016255097311281358,0.6751615284578518,-0.059410427355679134,-0.08660123389836037,0.05269984175538174
21,0.6644924393331305,0.012762270580108547,0.6729792147806004,0.556809475270693,0.024176534805062964,0.5785714285714286,0.6252468712011778,0.005977352029905374,0.6118820546505608,-0.3288034109257495,-0.356656159909313,0.2988707156135712
22,0.5541691116584404,0.00043741999672258796,0.5381062355658198,0.0,0.0,0.0,0.6874286743227759,7.616262666904061e-05,0.6903996866926817,0.0,0.0,0.0
23,0.6173492037013414,0.007860264908641786,0.6198614318706698,0.32924451180170017,0.02593576176994033,0.3545098039215686,0.6593561299528745,0.0017701493324826464,0.6578372532659027,-0.17492430216323424,-0.25039247428019196,0.16189122819555216
24,0.6678599534879157,0.015061778333077402,0.6859122401847575,0.5941357305383576,0.013936137879071987,0.6263736263736263,0.6184108155025053,0.00967708097736585,0.5945429777632648,-0.25781642037133756,-0.2555466300221416,0.2205356882966999
25,0.6678599534879157,0.015061778333077402,0.6854503464203233,0.5941357305383576,0.013936137879071987,0.6256184716877405,0.6184118874089659,0.009677809448113407,0.5945429911755087,-0.25874578840107737,-0.2578668156369908,0.2216957811041245
26,0.6672656978284548,0.014590652640190181,0.684526558891455,0.5933078704201425,0.013201085389629661,0.6236914600550963,0.6184013466969495,0.00966339237940182,0.5949194395839356,-0.26061561884475026,-0.260749717622401,0.2239124258952792
27,0.6676617374324152,0.014653057970780007,0.6859122401847575,0.5937938971516128,0.01322944077197666,0.6263736263736263,0.6184108177131374,0.009671076632207513,0.5945595958519695,-0.25781642037133756,-0.2555466300221416,0.2205356882966999
28,0.6680575807828553,0.013812935312201608,0.6863741339491917,0.5936819941954862,0.012383834846931695,0.6258953168044076,0.618356468139931,0.009547896657703458,0.5946586627366914,-0.25692033549417803,-0.2561093463927026,0.2196691633573531
29,0.6672656978284548,0.014590652640190181,0.6854503464203233,0.5931139384779589,0.013262952444455233,0.6256184716877405,0.6184025748646654,0.00960462395661367,0.5947262888094061,-0.25689814672579114,-0.2537891607778534,0.2196569536745558
30,0.6716197784297756,0.0059771141340641196,0.6849884526558891,0.5829389556167184,0.007564404138054905,0.6142533936651583,0.6199916441949718,0.007801610723756233,0.5987679860612717,-0.24701902430864917,-0.2529491638768711,0.21082908402549577
31,0.6690480722997969,0.014089402407626276,0.6854503464203233,0.5883761400815173,0.014614564901411418,0.6214563646470261,0.6185338291538848,0.00858141805531511,0.5964332881501202,-0.26809494061944217,-0.2647580523489331,0.2311566051846037
32,0.5761528422416077,0.003114165212972734,0.5699769053117782,0.14750273077676962,0.024223228317700077,0.1544050862851953,0.6758253452842755,0.0009696204591598892,0.6755838819138583,-0.04655459631802992,-0.06375413372261345,0.04031475320596981
33,0.6633029467466073,0.009841379180084391,0.674364896073903,0.5552780957005575,0.020510768288029363,0.5796064400715564,0.625404895318129,0.005543566934854771,0.6113666521937975,-0.30941981491153503,-0.3362678856136259,0.27884503404116
34,0.5541691116584404,0.00043741999672258796,0.5381062355658198,0.0,0.0,0.0,0.6872713159868816,9.179759894943984e-05,0.6908533099199891,0.0,0.0,0.0
35,0.6086355474001315,0.0063006562528430815,0.6060046189376443,0.28932141765729014,0.024890750032342875,0.30819140308191406,0.6603995297397265,0.0015559967776795388,0.6580375788159615,-0.14374737575143118,-0.20751185578150294,0.1329449559169888
36,0.666670853408433,0.013982772511773746,0.6678983833718245,0.6059467211033301,0.011371293956003111,0.5503439649781113,0.622797157474986,0.009450077122510727,0.6003044696634706,-0.2119274871049119,-0.24319133579895524,0.18243347350472508
37,0.6670668930123934,0.013427081459734664,0.669284064665127,0.6063925362798642,0.011319025076334272,0.5541718555417185,0.6228975467721751,0.009518227048862243,0.6003763781014425,-0.21650776094845037,-0.24790102716125906,0.18671139610895393
38,0.6638972024060682,0.010526943701716042,0.6674364896073903,0.6074302214127982,0.013727646259301644,0.5488721804511278,0.6209273537498771,0.00944037529903521,0.5992526208573725,-0.1980868161165559,-0.22336577787382922,0.16808569156064745
39,0.666670853408433,0.013410189794537014,0.6688221709006928,0.6057680601424027,0.010321485648749996,0.5532710280373833,0.6228912435621975,0.009509425258657368,0.6003949906087029,-0.21743712897819015,-0.2502212127761082,0.1878714889163785
40,0.6678603459949564,0.015278888711459451,0.6748267898383372,0.6050362788618054,0.013574682040521292,0.5605493133583022,0.6215123870274519,0.011593609354029451,0.5983508257948663,-0.1943582496134034,-0.21415435554703777,0.1621457526095356
41,0.6662746175509523,0.012726959751345234,0.6674364896073903,0.6045176675950925,0.011239492276510584,0.550561797752809,0.622831593693341,0.009423278332385052,0.6005809754795874,-0.21837759139212334,-0.2531041147615184,0.1893129399090836
42,0.6690470910321954,0.011745198052079145,0.6678983833718245,0.6013325588725545,0.018958210671111912,0.5405750798722044,0.6214605967761633,0.009486759464460348,0.6030393576423485,-0.17331561645519064,-0.19292608435036845,0.14269142619426592
43,0.6650861062320306,0.01171654545850661,0.6646651270207852,0.6000379627045531,0.011872312844431685,0.5428211586901763,0.6225115348346786,0.008718433614052947,0.6024117667486015,-0.21845525208147717,-0.2559176966143232,0.19034704150930828
44,0.58249340097538,0.026333160373897376,0.6110854503464204,0.18188043824755554,0.1684741566285429,0.34321372854914195,0.6774956381922652,0.009942329438239857,0.6653701514249468,-0.109294192345899,-0.1338286324768899,0.09353178791405616
45,0.6635009665485875,0.010456284479960958,0.6554272517321016,0.5781906923876224,0.014525498735107223,0.500669344042838,0.6273507152209212,0.006754133984083871,0.6157110240166146,-0.21343376311270867,-0.25360566630919223,0.18834874847958122
46,0.5541691116584404,0.00043741999672258796,0.5381062355658198,0.0,0.0,0.0,0.6880395553867401,0.0006196532426518539,0.692398260781013,0.0,0.0,0.0
47,0.6280483568674013,0.03659848721276513,0.6152424942263279,0.38364319995387386,0.15370173208912932,0.34564021995286726,0.6615542446632451,0.009372504815112977,0.6486684317151715,-0.14352548806756307,-0.19499345536395113,0.12935421128364522
48,0.6205265481949582,0.03494980768418204,0.6581986143187067,0.5202093254000535,0.06927229063658676,0.5460122699386504,0.6746474708184177,0.0228072232027883,0.638574339553751,-0.1424689613266835,-0.1296490362462741,0.11071748174865882
49,0.621318627402879,0.038807301203002506,0.6207852193995381,0.5286982339188666,0.07896906893733002,0.5554953979426096,0.6920851070167708,0.025518254926880337,0.6896793140741715,-0.3768395342406832,-0.33478769689975907,0.35308257832465595
50,0.6561724675936375,0.010059179829586559,0.6803695150115473,0.5683841984214086,0.028931179387645275,0.6013824884792627,0.6467154985747172,0.015232273076211755,0.6075052543184256,-0.1936149258724453,-0.1915763805919939,0.15740864348621758
51,0.6209225877989186,0.038969033897631566,0.6217090069284065,0.5282026123106317,0.07918002177188024,0.5565782349756362,0.6919865095770368,0.025450587396013323,0.6895751568261369,-0.3768395342406832,-0.3365451661440473,0.35299977448526154
52,0.6310239527421523,0.03249489517717958,0.6655889145496536,0.6057404227661699,0.053655878774567796,0.6111707841031149,0.6482343413507764,0.01541223362078955,0.6184065544362879,-0.3924612805991651,-0.41689535514335,0.36339699182331486
53,0.6171602115612949,0.038116386748932606,0.6226327944572748,0.5052183584812282,0.07117370794262906,0.558139534883721,0.6819516366409334,0.025726968191793674,0.6885682844433981,-0.37867608153177607,-0.3400601046326237,0.35475724372954975
54,0.6532039368456172,0.024799299825181424,0.6300230946882217,0.5882681480691869,0.06612556370782127,0.43631245601688945,0.6421517772644094,0.009345201932356354,0.6523622201349182,-0.11498987850795897,-0.112584050660784,0.09181677190165019
55,0.6298332826345072,0.0268570574442293,0.6207852193995381,0.5311458132700844,0.055643845338114034,0.5588393336915637,0.669404107203311,0.013656471327417567,0.6812022810899571,-0.3933906486289048,-0.351167636468914,0.3697400495999907
56,0.537118017054431,0.08774944961094772,0.5381062355658198,0.4186933800960286,0.2527847464712482,0.0,0.6813593800227873,0.017739188848910004,0.691295013780999,0.0,0.0,0.0
57,0.613000618198589,0.03924525364967759,0.6466512702078522,0.5151856688765352,0.03580071781130571,0.4943820224719101,0.663349151005754,0.02449435402928151,0.7292736022127143,-0.13295595358792386,-0.15166429483075694,0.10701879022992827
58,0.5541691116584404,0.00043741999672258796,0.5381062355658198,0.0,0.0,0.0,0.6887928332035929,0.0022959302740278853,0.6902836820940543,0.0,0.0,0.0
59,0.599718964958934,0.0323517920799907,0.6383371824480369,0.3959908982008012,0.15780212858617604,0.4804246848042468,0.6680607379733788,0.006594531255226988,0.650366404122248,-0.2383048122318146,-0.28144789368738254,0.21762466240719752
60,0.5888372960189974,0.07088553934463078,0.5838337182448037,0.5457486183866989,0.1387844275133546,0.5983058403923317,1.4296641936716912,0.16358196963821012,1.6103730040798958,-0.08825838650103601,-0.06606208637288513,0.0672215619699846
61,0.5829000382694365,0.05418486588352627,0.646189376443418,0.5899631434884666,0.04374650387197556,0.6091836734693877,1.9567982061123468,0.38320940480926113,1.4657312473783355,-0.04271337914460588,0.015058779394794497,0.021378525058160514
62,0.6270635567025483,0.054626052202245326,0.5990762124711316,0.60464211567398,0.04985724760354815,0.636211232187762,1.1738202148656771,0.2844329445378341,0.8556878579749616,-0.13088471740043217,-0.06984615008216466,0.10289415434937096
63,0.5749794424437489,0.05107368225733633,0.6480369515011547,0.5384303524580134,0.08500356004236478,0.6092307692307692,2.066625461248116,0.3411578567289831,1.4682614786226829,-0.04461649274085905,0.016253532268521775,0.023928793564195305
64,0.5716156571058493,0.09893918254796157,0.6027713625866051,0.55562703598971,0.07451838369777418,0.49411764705882355,0.8828730432274431,0.15682387287332109,0.667761546637309,-0.11067074940004984,-0.10202292457561807,0.0909935732001525
65,0.5714143009940241,0.05762921701935345,0.6545034642032332,0.558985329612168,0.05732787073030124,0.6199186991869918,1.85030714887011,0.3289499540264219,1.500623879423756,-0.0703836267371245,-0.015943630499227313,0.03264384864257727
66,0.592600261017182,0.05526015818291999,0.5916859122401847,0.4948798332301135,0.10081009097089122,0.4655380894800484,0.8083086044761487,0.10253718256368902,0.6745678486852277,-0.08505893678249205,-0.06905508503949209,0.06740619487514259
67,0.5704242019841231,0.059572393947199105,0.641108545034642,0.5299003035563241,0.09405790478548239,0.5526770293609671,1.6031032676890828,0.2534799397135594,2.5476662551060287,0.04566021826920774,0.06980945118843251,0.07782362839683998
68,0.5723869334406186,0.03980516038796361,0.5390300230946882,0.2249876543209876,0.30953719060400026,0.003992015968063872,0.769925426514928,0.08774227193265012,0.6954599785544076,-0.0018365472910927456,-0.0035149384885764497,0.0017574692442882249
69,0.5880299090364933,0.03171171457147438,0.45866050808314085,0.5530259336499947,0.07147607906326356,0.4706413730803975,1.0362877996474857,0.1655575749810554,1.3910537279986732,0.8640400285381697,0.8214394937183727,0.8645659007053401
70,0.5107813833910646,0.059352837959130975,0.5381062355658198,0.24665984395391852,0.33775293444378635,0.0,0.7708572582537546,0.09773565090268571,0.6922087827109604,0.0,0.0,0.0
71,0.5480314790646557,0.0670007032233558,0.4618937644341801,0.5212367588284337,0.1234121871806686,0.631911532385466,0.8460887837049389,0.2176649019001346,0.958572189073735,0.0,0.0,0.0
72,0.620707101433632,0.036084528574966926,0.6318706697459584,0.5830742194573777,0.046772973277342485,0.5661404463799674,0.7650206602511362,0.10049717124167154,0.6622300809757286,-0.15148272177674005,-0.15544020323031815,0.12549141944461645
73,0.6110129625450157,0.013183817279223948,0.6360277136258661,0.5252038551152507,0.09617584752126619,0.611439842209073,1.0856641029285303,0.24026186797336413,1.1121276166890903,-0.2806819461939435,-0.2374010658989802,0.25049838625897136
74,0.6240924746587642,0.033881973843528715,0.6822170900692841,0.6082183163116683,0.017044210193930643,0.6344314558979809,0.6500478421023568,0.02578402137899159,0.6025136029551685,-0.2648630611624866,-0.2499887864491374,0.22709636102421094
75,0.6272517638285137,0.009516738046976314,0.6775981524249423,0.5012084897033056,0.10509642004195124,0.6537698412698413,0.6543362039104677,0.01233966975129369,0.5961616937535867,-0.2770532291485316,-0.24069988868002234,0.23784398131079232
76,0.6633039280142088,0.013359113075562833,0.684526558891455,0.5990434611593032,0.019714465879394818,0.6220254565578307,0.6205184293070504,0.009970656867800244,0.595276344818617,-0.28652697983553,-0.29041873437748483,0.25053137076655996
77,0.6631047306911068,0.010963737505594292,0.6757505773672056,0.5988917081404205,0.0164223867209996,0.6381443298969073,0.6205015096887666,0.008489164681967752,0.60093705211168,-0.22019792381401032,-0.2030223577815926,0.18265309898620474
78,0.6710259152773553,0.008170135800178929,0.684526558891455,0.5866534707524025,0.00479136497204608,0.6090440755580997,0.6200249298854306,0.0083126712807502,0.5995616736562375,-0.26099282790732603,-0.27847120564021216,0.2261318461116982
79,0.6702363873651984,0.014376695550378474,0.6863741339491917,0.5932476735041863,0.014100533919055086,0.6229872293170462,0.6183823744746398,0.009067044251937906,0.5966147133915827,-0.2736267712611071,-0.2723506456966469,0.23668963411844868
80,0.5678360105584394,0.013056351935750232,0.5755196304849884,0.08711816710219085,0.07977718963550377,0.1757847533632287,0.6802770583720753,0.006325290110892893,0.6750185140485441,-0.059410427355679134,-0.08660123389836037,0.05269984175538174
81,0.66449204682609,0.011858152789776286,0.6748267898383372,0.5560700181371654,0.024232937352342124,0.5799522673031026,0.6250565264185847,0.005950614507326988,0.6116530781679376,-0.3232826746682779,-0.3525785050501755,0.29298573433784864
82,0.5541691116584404,0.00043741999672258796,0.5381062355658198,0.0,0.0,0.0,0.6875710792639145,0.0002329881999539823,0.691313375367338,0.0,0.0,0.0
83,0.6011115799389651,0.011953416730126286,0.6055427251732102,0.25122469617500853,0.05274237299390669,0.30114566284779054,0.6595974951437188,0.0019123097580850362,0.6581116844336186,-0.1465798573774241,-0.21327765975232327,0.13623036237467087
84,0.620707101433632,0.036084528574966926,0.6318706697459584,0.5830742194573777,0.046772973277342485,0.5661404463799674,0.7650206602511362,0.10049717124167154,0.6622300809757286,-0.15148272177674005,-0.15544020323031815,0.12549141944461645
85,0.6110129625450157,0.013183817279223948,0.6360277136258661,0.5252038551152507,0.09617584752126619,0.611439842209073,1.0856641029285303,0.24026186797336413,1.1121276166890903,-0.2806819461939435,-0.2374010658989802,0.25049838625897136
86,0.6240924746587642,0.033881973843528715,0.6822170900692841,0.6082183163116683,0.017044210193930643,0.6344314558979809,0.6500478421023568,0.02578402137899159,0.6025136029551685,-0.2648630611624866,-0.2499887864491374,0.22709636102421094
87,0.6272517638285137,0.009516738046976314,0.6775981524249423,0.5012084897033056,0.10509642004195124,0.6537698412698413,0.6543362039104677,0.01233966975129369,0.5961616937535867,-0.2770532291485316,-0.24069988868002234,0.23784398131079232
88,0.6633039280142088,0.013359113075562833,0.684526558891455,0.5990434611593032,0.019714465879394818,0.6220254565578307,0.6205184293070504,0.009970656867800244,0.595276344818617,-0.28652697983553,-0.29041873437748483,0.25053137076655996
89,0.6631047306911068,0.010963737505594292,0.6757505773672056,0.5988917081404205,0.0164223867209996,0.6381443298969073,0.6205015096887666,0.008489164681967752,0.60093705211168,-0.22019792381401032,-0.2030223577815926,0.18265309898620474
90,0.6710259152773553,0.008170135800178929,0.684526558891455,0.5866534707524025,0.00479136497204608,0.6090440755580997,0.6200249298854306,0.0083126712807502,0.5995616736562375,-0.26099282790732603,-0.27847120564021216,0.2261318461116982
91,0.6702363873651984,0.014376695550378474,0.6863741339491917,0.5932476735041863,0.014100533919055086,0.6229872293170462,0.6183823744746398,0.009067044251937906,0.5966147133915827,-0.2736267712611071,-0.2723506456966469,0.23668963411844868
92,0.5678360105584394,0.013056351935750232,0.5755196304849884,0.08711816710219085,0.07977718963550377,0.1757847533632287,0.6802770583720753,0.006325290110892893,0.6750185140485441,-0.059410427355679134,-0.08660123389836037,0.05269984175538174
93,0.66449204682609,0.011858152789776286,0.6748267898383372,0.5560700181371654,0.024232937352342124,0.5799522673031026,0.6250565264185847,0.005950614507326988,0.6116530781679376,-0.3232826746682779,-0.3525785050501755,0.29298573433784864
94,0.5541691116584404,0.00043741999672258796,0.5381062355658198,0.0,0.0,0.0,0.6875710792639145,0.0002329881999539823,0.691313375367338,0.0,0.0,0.0
95,0.6011115799389651,0.011953416730126286,0.6055427251732102,0.25122469617500853,0.05274237299390669,0.30114566284779054,0.6595974951437188,0.0019123097580850362,0.6581116844336186,-0.1465798573774241,-0.21327765975232327,0.13623036237467087
96,0.620707101433632,0.036084528574966926,0.6318706697459584,0.5830742194573777,0.046772973277342485,0.5661404463799674,0.7650206602511362,0.10049717124167154,0.6622300809757286,-0.15148272177674005,-0.15544020323031815,0.12549141944461645
97,0.6110129625450157,0.013183817279223948,0.6360277136258661,0.5252038551152507,0.09617584752126619,0.611439842209073,1.0856641029285303,0.24026186797336413,1.1121276166890903,-0.2806819461939435,-0.2374010658989802,0.25049838625897136
98,0.6240924746587642,0.033881973843528715,0.6822170900692841,0.6082183163116683,0.017044210193930643,0.6344314558979809,0.6500478421023568,0.02578402137899159,0.6025136029551685,-0.2648630611624866,-0.2499887864491374,0.22709636102421094
99,0.6272517638285137,0.009516738046976314,0.6775981524249423,0.5012084897033056,0.10509642004195124,0.6537698412698413,0.6543362039104677,0.01233966975129369,0.5961616937535867,-0.2770532291485316,-0.24069988868002234,0.23784398131079232
100,0.6633039280142088,0.013359113075562833,0.684526558891455,0.5990434611593032,0.019714465879394818,0.6220254565578307,0.6205184293070504,0.009970656867800244,0.595276344818617,-0.28652697983553,-0.29041873437748483,0.25053137076655996
101,0.6631047306911068,0.010963737505594292,0.6757505773672056,0.5988917081404205,0.0164223867209996,0.6381443298969073,0.6205015096887666,0.008489164681967752,0.60093705211168,-0.22019792381401032,-0.2030223577815926,0.18265309898620474
102,0.6710259152773553,0.008170135800178929,0.684526558891455,0.5866534707524025,0.00479136497204608,0.6090440755580997,0.6200249298854306,0.0083126712807502,0.5995616736562375,-0.26099282790732603,-0.27847120564021216,0.2261318461116982
103,0.6702363873651984,0.014376695550378474,0.6863741339491917,0.5932476735041863,0.014100533919055086,0.6229872293170462,0.6183823744746398,0.009067044251937906,0.5966147133915827,-0.2736267712611071,-0.2723506456966469,0.23668963411844868
104,0.5678360105584394,0.013056351935750232,0.5755196304849884,0.08711816710219085,0.07977718963550377,0.1757847533632287,0.6802770583720753,0.006325290110892893,0.6750185140485441,-0.059410427355679134,-0.08660123389836037,0.05269984175538174
105,0.66449204682609,0.011858152789776286,0.6748267898383372,0.5560700181371654,0.024232937352342124,0.5799522673031026,0.6250565264185847,0.005950614507326988,0.6116530781679376,-0.3232826746682779,-0.3525785050501755,0.29298573433784864
106,0.5541691116584404,0.00043741999672258796,0.5381062355658198,0.0,0.0,0.0,0.6875710792639145,0.0002329881999539823,0.691313375367338,0.0,0.0,0.0
107,0.6011115799389651,0.011953416730126286,0.6055427251732102,0.25122469617500853,0.05274237299390669,0.30114566284779054,0.6595974951437188,0.0019123097580850362,0.6581116844336186,-0.1465798573774241,-0.21327765975232327,0.13623036237467087
108,0.620707101433632,0.036084528574966926,0.6318706697459584,0.5830742194573777,0.046772973277342485,0.5661404463799674,0.7650206602511362,0.10049717124167154,0.6622300809757286,-0.15148272177674005,-0.15544020323031815,0.12549141944461645
109,0.6110129625450157,0.013183817279223948,0.6360277136258661,0.5252038551152507,0.09617584752126619,0.611439842209073,1.0856641029285303,0.24026186797336413,1.1121276166890903,-0.2806819461939435,-0.2374010658989802,0.25049838625897136
110,0.6240924746587642,0.033881973843528715,0.6822170900692841,0.6082183163116683,0.017044210193930643,0.6344314558979809,0.6500478421023568,0.02578402137899159,0.6025136029551685,-0.2648630611624866,-0.2499887864491374,0.22709636102421094
111,0.6272517638285137,0.009516738046976314,0.6775981524249423,0.5012084897033056,0.10509642004195124,0.6537698412698413,0.6543362039104677,0.01233966975129369,0.5961616937535867,-0.2770532291485316,-0.24069988868002234,0.23784398131079232
112,0.6633039280142088,0.013359113075562833,0.684526558891455,0.5990434611593032,0.019714465879394818,0.6220254565578307,0.6205184293070504,0.009970656867800244,0.595276344818617,-0.28652697983553,-0.29041873437748483,0.25053137076655996
113,0.6631047306911068,0.010963737505594292,0.6757505773672056,0.5988917081404205,0.0164223867209996,0.6381443298969073,0.6205015096887666,0.008489164681967752,0.60093705211168,-0.22019792381401032,-0.2030223577815926,0.18265309898620474
114,0.6710259152773553,0.008170135800178929,0.684526558891455,0.5866534707524025,0.00479136497204608,0.6090440755580997,0.6200249298854306,0.0083126712807502,0.5995616736562375,-0.26099282790732603,-0.27847120564021216,0.2261318461116982
115,0.6702363873651984,0.014376695550378474,0.6863741339491917,0.5932476735041863,0.014100533919055086,0.6229872293170462,0.6183823744746398,0.009067044251937906,0.5966147133915827,-0.2736267712611071,-0.2723506456966469,0.23668963411844868
116,0.5678360105584394,0.013056351935750232,0.5755196304849884,0.08711816710219085,0.07977718963550377,0.1757847533632287,0.6802770583720753,0.006325290110892893,0.6750185140485441,-0.059410427355679134,-0.08660123389836037,0.05269984175538174
117,0.66449204682609,0.011858152789776286,0.6748267898383372,0.5560700181371654,0.024232937352342124,0.5799522673031026,0.6250565264185847,0.005950614507326988,0.6116530781679376,-0.3232826746682779,-0.3525785050501755,0.29298573433784864
118,0.5541691116584404,0.00043741999672258796,0.5381062355658198,0.0,0.0,0.0,0.6875710792639145,0.0002329881999539823,0.691313375367338,0.0,0.0,0.0
119,0.6011115799389651,0.011953416730126286,0.6055427251732102,0.25122469617500853,0.05274237299390669,0.30114566284779054,0.6595974951437188,0.0019123097580850362,0.6581116844336186,-0.1465798573774241,-0.21327765975232327,0.13623036237467087
120,0.620707101433632,0.036084528574966926,0.6318706697459584,0.5830742194573777,0.046772973277342485,0.5661404463799674,0.7650206602511362,0.10049717124167154,0.6622300809757286,-0.15148272177674005,-0.15544020323031815,0.12549141944461645
121,0.6110129625450157,0.013183817279223948,0.6360277136258661,0.5252038551152507,0.09617584752126619,0.611439842209073,1.0856641029285303,0.24026186797336413,1.1121276166890903,-0.2806819461939435,-0.2374010658989802,0.25049838625897136
122,0.6240924746587642,0.033881973843528715,0.6822170900692841,0.6082183163116683,0.017044210193930643,0.6344314558979809,0.6500478421023568,0.02578402137899159,0.6025136029551685,-0.2648630611624866,-0.2499887864491374,0.22709636102421094
123,0.6272517638285137,0.009516738046976314,0.6775981524249423,0.5012084897033056,0.10509642004195124,0.6537698412698413,0.6543362039104677,0.01233966975129369,0.5961616937535867,-0.2770532291485316,-0.24069988868002234,0.23784398131079232
124,0.6633039280142088,0.013359113075562833,0.684526558891455,0.5990434611593032,0.019714465879394818,0.6220254565578307,0.6205184293070504,0.009970656867800244,0.595276344818617,-0.28652697983553,-0.29041873437748483,0.25053137076655996
125,0.6631047306911068,0.010963737505594292,0.6757505773672056,0.5988917081404205,0.0164223867209996,0.6381443298969073,0.6205015096887666,0.008489164681967752,0.60093705211168,-0.22019792381401032,-0.2030223577815926,0.18265309898620474
126,0.6710259152773553,0.008170135800178929,0.684526558891455,0.5866534707524025,0.00479136497204608,0.6090440755580997,0.6200249298854306,0.0083126712807502,0.5995616736562375,-0.26099282790732603,-0.27847120564021216,0.2261318461116982
127,0.6702363873651984,0.014376695550378474,0.6863741339491917,0.5932476735041863,0.014100533919055086,0.6229872293170462,0.6183823744746398,0.009067044251937906,0.5966147133915827,-0.2736267712611071,-0.2723506456966469,0.23668963411844868
128,0.5678360105584394,0.013056351935750232,0.5755196304849884,0.08711816710219085,0.07977718963550377,0.1757847533632287,0.6802770583720753,0.006325290110892893,0.6750185140485441,-0.059410427355679134,-0.08660123389836037,0.05269984175538174
129,0.66449204682609,0.011858152789776286,0.6748267898383372,0.5560700181371654,0.024232937352342124,0.5799522673031026,0.6250565264185847,0.005950614507326988,0.6116530781679376,-0.3232826746682779,-0.3525785050501755,0.29298573433784864
130,0.5541691116584404,0.00043741999672258796,0.5381062355658198,0.0,0.0,0.0,0.6875710792639145,0.0002329881999539823,0.691313375367338,0.0,0.0,0.0
131,0.6011115799389651,0.011953416730126286,0.6055427251732102,0.25122469617500853,0.05274237299390669,0.30114566284779054,0.6595974951437188,0.0019123097580850362,0.6581116844336186,-0.1465798573774241,-0.21327765975232327,0.13623036237467087
132,0.620707101433632,0.036084528574966926,0.6318706697459584,0.5830742194573777,0.046772973277342485,0.5661404463799674,0.7650206602511362,0.10049717124167154,0.6622300809757286,-0.15148272177674005,-0.15544020323031815,0.12549141944461645
133,0.6110129625450157,0.013183817279223948,0.6360277136258661,0.5252038551152507,0.09617584752126619,0.611439842209073,1.0856641029285303,0.24026186797336413,1.1121276166890903,-0.2806819461939435,-0.2374010658989802,0.25049838625897136
134,0.6240924746587642,0.033881973843528715,0.6822170900692841,0.6082183163116683,0.017044210193930643,0.6344314558979809,0.6500478421023568,0.02578402137899159,0.6025136029551685,-0.2648630611624866,-0.2499887864491374,0.22709636102421094
135,0.6272517638285137,0.009516738046976314,0.6775981524249423,0.5012084897033056,0.10509642004195124,0.6537698412698413,0.6543362039104677,0.01233966975129369,0.5961616937535867,-0.2770532291485316,-0.24069988868002234,0.23784398131079232
136,0.6633039280142088,0.013359113075562833,0.684526558891455,0.5990434611593032,0.019714465879394818,0.6220254565578307,0.6205184293070504,0.009970656867800244,0.595276344818617,-0.28652697983553,-0.29041873437748483,0.25053137076655996
137,0.6631047306911068,0.010963737505594292,0.6757505773672056,0.5988917081404205,0.0164223867209996,0.6381443298969073,0.6205015096887666,0.008489164681967752,0.60093705211168,-0.22019792381401032,-0.2030223577815926,0.18265309898620474
138,0.6710259152773553,0.008170135800178929,0.684526558891455,0.5866534707524025,0.00479136497204608,0.6090440755580997,0.6200249298854306,0.0083126712807502,0.5995616736562375,-0.26099282790732603,-0.27847120564021216,0.2261318461116982
139,0.6702363873651984,0.014376695550378474,0.6863741339491917,0.5932476735041863,0.014100533919055086,0.6229872293170462,0.6183823744746398,0.009067044251937906,0.5966147133915827,-0.2736267712611071,-0.2723506456966469,0.23668963411844868
140,0.5678360105584394,0.013056351935750232,0.5755196304849884,0.08711816710219085,0.07977718963550377,0.1757847533632287,0.6802770583720753,0.006325290110892893,0.6750185140485441,-0.059410427355679134,-0.08660123389836037,0.05269984175538174
141,0.66449204682609,0.011858152789776286,0.6748267898383372,0.5560700181371654,0.024232937352342124,0.5799522673031026,0.6250565264185847,0.005950614507326988,0.6116530781679376,-0.3232826746682779,-0.3525785050501755,0.29298573433784864
142,0.5541691116584404,0.00043741999672258796,0.5381062355658198,0.0,0.0,0.0,0.6875710792639145,0.0002329881999539823,0.691313375367338,0.0,0.0,0.0
143,0.6011115799389651,0.011953416730126286,0.6055427251732102,0.25122469617500853,0.05274237299390669,0.30114566284779054,0.6595974951437188,0.0019123097580850362,0.6581116844336186,-0.1465798573774241,-0.21327765975232327,0.13623036237467087
