id_scenario,acc_train_mean,acc_train_sd,acc_test,f1_train_mean,f1_train_sd,f1_test,log_loss_train_mean,log_loss_train_sd,log_loss_test,demp,eqopp,eqodd
0,0.6621152204417667,0.011567944175643973,0.6826789838337183,0.6209902893203685,0.01423049503394116,0.6112054329371817,0.63077313142042,0.00553874076821231,0.6076449350816744,-0.19806206710566293,-0.17835662353867043,0.15982530043957968
1,0.6621152204417667,0.011567944175643973,0.6826789838337183,0.6209902893203685,0.01423049503394116,0.6112054329371817,0.6307709921734964,0.005539997420723823,0.6076413907149405,-0.19806206710566293,-0.17835662353867043,0.15982530043957968
2,0.6619172006397865,0.01178073238304821,0.6826789838337183,0.6208559277742645,0.01426816400894935,0.6112054329371817,0.6307742047136528,0.005494752545106497,0.6076858932655894,-0.19806206710566293,-0.17835662353867043,0.15982530043957968
3,0.6621152204417667,0.011567944175643973,0.6826789838337183,0.6209902893203685,0.01423049503394116,0.6112054329371817,0.6307756824771471,0.005538663488986683,0.6076503665345965,-0.19806206710566293,-0.17835662353867043,0.15982530043957968
4,0.6621152204417667,0.011652378493236012,0.6817551963048499,0.6215104866602121,0.013845506478973927,0.6096317280453258,0.6309135993752024,0.005410497005696754,0.607961165348048,-0.1999208031651425,-0.17891933990923142,0.16184339088484828
5,0.6621152204417667,0.011567944175643973,0.6822170900692841,0.6209902893203685,0.01423049503394116,0.6104190260475651,0.6308226406854772,0.005525356400110011,0.6077401262727128,-0.19899143513540268,-0.18067680915351964,0.16098539324700428
6,0.6627096723547479,0.01267580114580603,0.6863741339491917,0.6255610423433279,0.01535154648626941,0.6022261277094317,0.6332429321439965,0.004423252647297512,0.6114668422568014,-0.19469961528089277,-0.18974959121510038,0.15714372822532002
7,0.6619172006397865,0.01159199392937512,0.6822170900692841,0.6208526644591033,0.01424578579787847,0.6095346197502838,0.6313408017998505,0.0053579905134547275,0.6087764354851082,-0.19716598222850334,-0.1771618706649432,0.15904157933962723
8,0.633392536478623,0.009438407520936817,0.5755196304849884,0.5155804337427745,0.009760977732246299,0.1757847533632287,0.6891346727162281,0.0009703625534183928,0.6803318007838549,-0.059410427355679134,-0.08660123389836037,0.05269984175538174
9,0.6621152204417667,0.011610238089730213,0.6799076212471131,0.6206379206548602,0.014480644689033012,0.5954465849387041,0.6371709256211661,0.004226236925192931,0.6182651784665122,-0.19281869045302638,-0.18679736909708483,0.1565993404817565
10,0.5541691116584404,0.00043741999672258796,0.5381062355658198,0.0,0.0,0.0,0.6931400736336987,4.301269609117187e-08,0.6915426556304383,0.0,0.0,0.0
11,0.6591445309050231,0.014065931917699965,0.6484988452655889,0.6139411959517289,0.01721825836282744,0.47189451769604446,0.6681842351981976,0.001420630101836294,0.6598636590331984,-0.16106997654817862,-0.19792936686253002,0.1370311712070551
12,0.6637021264068924,0.019761320886251325,0.6854503464203233,0.6266132295876989,0.022026477878654218,0.6189143816452155,0.6243264438880318,0.008375990911751658,0.5966238714813589,-0.1961034815884427,-0.1808154494187303,0.15736508905045044
13,0.6637021264068924,0.019761320886251325,0.6854503464203233,0.6266132295876989,0.022026477878654218,0.6189143816452155,0.6243265947179293,0.008377457859740053,0.5966217765364596,-0.1961034815884427,-0.1808154494187303,0.15736508905045044
14,0.6637021264068924,0.019761320886251325,0.6854503464203233,0.6266132295876989,0.022026477878654218,0.6189143816452155,0.6243276468541527,0.008358298669752,0.5966566158000701,-0.1961034815884427,-0.1808154494187303,0.15736508905045044
15,0.6637021264068924,0.019761320886251325,0.6854503464203233,0.6266132295876989,0.022026477878654218,0.6189143816452155,0.6243289996922775,0.008372952070509724,0.5966355263983099,-0.1961034815884427,-0.1808154494187303,0.15736508905045044
16,0.6637017338998519,0.018526581417611643,0.6854503464203233,0.6272865291600137,0.02022839379692474,0.6189143816452155,0.6243465975474068,0.008169618818147786,0.5968511880893327,-0.19795112326372888,-0.1848931042778677,0.15940391648001911
17,0.6637021264068924,0.019761320886251325,0.6854503464203233,0.6266132295876989,0.022026477878654218,0.6189143816452155,0.6243538684324055,0.00832817978906601,0.5967733328967917,-0.1961034815884427,-0.1808154494187303,0.15736508905045044
18,0.6646916366562325,0.01803843612159439,0.6914549653579677,0.6340066860917971,0.0174857950841514,0.6208853575482407,0.625414681874173,0.007117420268369502,0.6003787116392068,-0.1916230572026449,-0.17842594367127584,0.15179496348739702
19,0.6633062830564523,0.02011784697449182,0.6854503464203233,0.6260064770877685,0.02252448097022781,0.6176305446378438,0.6246282467175749,0.007878454719260892,0.598040929736543,-0.1942891230657368,-0.17962069654500307,0.15561982948895947
20,0.633392536478623,0.009438407520936817,0.5755196304849884,0.5155804337427745,0.009760977732246299,0.1757847533632287,0.6813204307035933,0.00020651860615690464,0.6751615284800384,-0.059410427355679134,-0.08660123389836037,0.05269984175538174
21,0.6635035178443514,0.01698073430591664,0.6775981524249423,0.6238209005326024,0.01942641412670664,0.581032412965186,0.6310690592577128,0.0055775054812395594,0.6118263450507171,-0.18846030429335603,-0.19819033677351483,0.1542606424475803
22,0.5541691116584404,0.00043741999672258796,0.5381062355658198,0.0,0.0,0.0,0.6930764968289508,4.300884945532272e-07,0.6903996866926817,0.0,0.0,0.0
23,0.6621152204417667,0.01307931887860673,0.6143187066974596,0.6151536189383867,0.016336949810872196,0.3325339728217426,0.6669779177147072,0.001420865965651147,0.6593281441280011,-0.1048470511126814,-0.12904962098198083,0.08850364173726352
24,0.6635035178443514,0.017506593457385203,0.6882217090069284,0.6216877302862025,0.017177945575035856,0.627688913403199,0.6215120738361676,0.009839348409600684,0.5941678806721121,-0.19965453794450078,-0.18039137331338,0.1598215065732076
25,0.6635035178443514,0.01774297976389877,0.6882217090069284,0.621527359712517,0.017370427354265576,0.627688913403199,0.6215127633437211,0.00983925930810201,0.5941677347271063,-0.19965453794450078,-0.18039137331338,0.1598215065732076
26,0.6629094584384108,0.01759060481881793,0.6886836027713625,0.6216467725920992,0.017118687847341,0.6284454244762955,0.6216673638336052,0.009241529083327768,0.5945449488548987,-0.19687752823947485,-0.1780711876985308,0.15692468150579492
27,0.6635035178443514,0.01774297976389877,0.6882217090069284,0.621527359712517,0.017370427354265576,0.627688913403199,0.6215106620149881,0.00983132437580399,0.5941835960857681,-0.19965453794450078,-0.18039137331338,0.1598215065732076
28,0.6650884612742741,0.018278947671022224,0.68729792147806,0.6242721091121958,0.019793589267534367,0.6261733848702374,0.6217012438355572,0.008852107287033876,0.5942969017316265,-0.19966563232869416,-0.180954089683941,0.16010286475848806
29,0.6627114386364306,0.0177561548786262,0.6886836027713625,0.6215143546267868,0.017391724749622722,0.6280353200883002,0.6217546437092021,0.009033460639430413,0.5943430587262509,-0.20058390597424053,-0.18039137331338,0.1605967003716572
30,0.6650884612742741,0.018885622496924163,0.6919168591224019,0.6305467114694748,0.019688309668577274,0.6238014664410603,0.6237594504493323,0.008387524769888927,0.598500359912335,-0.19802878395308265,-0.18897075913700512,0.15840159900797782
31,0.6638997537018321,0.018527391613033014,0.6859122401847575,0.6225559021350536,0.021069637595144478,0.6218020022246941,0.6222047887676299,0.00852461219352557,0.5959965132654168,-0.19696628331302207,-0.1832049551661848,0.15815733745190574
32,0.6312141224033206,0.006281743143624019,0.5699769053117782,0.4646240744164477,0.014341768861854953,0.1544050862851953,0.680479747500351,0.0008080944023950134,0.6755838819144219,-0.04655459631802992,-0.06375413372261345,0.04031475320596981
33,0.66251322258093,0.016820801192596272,0.6748267898383372,0.6173480605654229,0.020105448990166412,0.5839243498817966,0.6299410371639115,0.005526498618648741,0.6112345690925433,-0.18831607729884176,-0.18314379034329775,0.1534383233171468
34,0.5541691116584404,0.00043741999672258796,0.5381062355658198,0.0,0.0,0.0,0.6917020258385683,9.789362390232095e-06,0.6908533099199891,0.0,0.0,0.0
35,0.6589482773847256,0.01794755239135269,0.6036951501154735,0.5780806342107411,0.023581807431613543,0.2967213114754098,0.6650341986258431,0.00258481143082588,0.6593171142287708,-0.09116170150303303,-0.11014153540016065,0.07694017736018766
36,0.6599368063664642,0.012598234741612934,0.684526558891455,0.5841902305935586,0.03285007903056748,0.6182224706539967,0.6225495441889225,0.008295892407135111,0.5997144716450982,-0.1997876705548216,-0.20120372371441742,0.1625353740814186
37,0.6585506677526028,0.013249667242066046,0.6799076212471131,0.5877061454771979,0.024910338377476648,0.6126327557294579,0.6219002848576384,0.009897664063528157,0.6004460689376636,-0.19609238720424932,-0.20057168721125102,0.1600801190975754
38,0.6644908693049681,0.012654085431371708,0.6859122401847575,0.5853974655995903,0.026325750657551533,0.6234772978959026,0.620149332061224,0.009910303257959191,0.5968160549661795,-0.2043124724773931,-0.20246779672074994,0.16642471529537795
39,0.658748687554583,0.013124479396703415,0.6799076212471131,0.5878450848292988,0.024829858814857293,0.6126327557294579,0.621897529765413,0.009891085262373388,0.6004626259553532,-0.19609238720424932,-0.20057168721125102,0.1600801190975754
40,0.6631045344375865,0.01245609017586956,0.6817551963048499,0.5980788802343048,0.022382450447871318,0.6152987158012284,0.6197292448529339,0.009814558910870925,0.5943118892914553,-0.19792893449534205,-0.19768878522584088,0.16115059416330804
41,0.6591447271585434,0.013216173345831422,0.679445727482679,0.5879501574369741,0.02440247847180831,0.6118568232662193,0.6218728378285305,0.009827270181913,0.6006287376920015,-0.19702175523398913,-0.20289187282610022,0.16124021190499999
42,0.6648867126554083,0.008526510123318278,0.6789838337182448,0.5942513977072372,0.036720543667834254,0.6026300743281875,0.620650571129986,0.009262672850646152,0.597503344704747,-0.19077134986225897,-0.19628607195429765,0.15529867103976064
43,0.6561738413682796,0.01343566281623674,0.6762124711316397,0.5825943151047484,0.025220460752450855,0.6041784302653869,0.6223949646438459,0.009020466472359845,0.6023246949871796,-0.19988752001256221,-0.2062681710494661,0.16506759774894292
44,0.5922016701174577,0.020378155558222626,0.6110854503464204,0.22715249242386654,0.10903835272635912,0.34321372854914195,0.6751667766045559,0.0037343407018834178,0.6653701514249468,-0.109294192345899,-0.1338286324768899,0.09353178791405616
45,0.6547880952614588,0.01667730522254272,0.6623556581986143,0.5639354181198171,0.03407693480322672,0.5677114133648729,0.6275344963522484,0.008505035324167343,0.6177874456443184,-0.1744643119262923,-0.18708280493722446,0.1435935789742771
46,0.5541691116584404,0.00043741999672258796,0.5381062355658198,0.0,0.0,0.0,0.6874286743404262,7.61626340676211e-05,0.692398260781013,0.0,0.0,0.0
47,0.62349606021058,0.02059479639919424,0.6161662817551963,0.3587986206040573,0.0802806563275262,0.34515366430260047,0.6588409882080863,0.007237664573838038,0.6497519378480128,-0.11583305170665766,-0.14838178266915134,0.09969029503165378
48,0.6381491330500741,0.02832882636520725,0.6429561200923788,0.550363064666178,0.02207332468421809,0.5595441595441596,0.6725726157756926,0.035295137936772025,0.6709181037225946,-0.17965221665796183,-0.15340545345560858,0.14992872553519845
49,0.6337921086459488,0.030141738300219694,0.6383371824480369,0.5442999231112374,0.028477563445988043,0.5598650927487353,0.6798765959676404,0.03658200939222561,0.6820486206962475,-0.16843323399592408,-0.13716415415166427,0.13905017486951132
50,0.6520152292731751,0.021182510758369417,0.6563510392609699,0.5777718938037224,0.018528019874426097,0.5753424657534247,0.6358457632033786,0.014153664375236661,0.6262295347564283,-0.18059267907189502,-0.16809724391308067,0.1488369344192714
51,0.6337921086459488,0.030141738300219694,0.6383371824480369,0.5442999231112374,0.028477563445988043,0.5598650927487353,0.6797848583048769,0.03653172389612536,0.6819541750433222,-0.16843323399592408,-0.13716415415166427,0.13905017486951132
52,0.6619175931468271,0.01500838112200578,0.6697459584295612,0.577104425486403,0.050571688349048134,0.6029983342587452,0.636647083395288,0.014914831291571999,0.6184818418022098,-0.1867876125226582,-0.17547372155326024,0.15172016429481738
53,0.6333958727884681,0.030410432856500594,0.6383371824480369,0.5436542841147346,0.028252306303047977,0.5598650927487353,0.6788954092040778,0.03604801280111112,0.6810447102182211,-0.16843323399592408,-0.13716415415166427,0.13905017486951132
54,0.6379477769382489,0.010482014505168353,0.6304849884526559,0.5245808192765106,0.07488717022674515,0.6726677577741407,0.6452194683864297,0.010424658370004872,0.6309716889847937,-0.18783987219269416,-0.15202312845836108,0.15480554156966952
55,0.6353760708082701,0.028980210483326194,0.6383371824480369,0.5455479372463865,0.02815589218420596,0.5583756345177665,0.6722652099958593,0.032659116801329005,0.6745296479296481,-0.16477123379793196,-0.13596940127793705,0.1355681830480323
56,0.5799140409581097,0.030608842117150054,0.5381062355658198,0.16111477793107293,0.1874679124338051,0.0,0.6749965807318594,0.013622594133574379,0.691295013780999,0.0,0.0,0.0
57,0.6328029909036493,0.03133772035974944,0.6508083140877599,0.5288783800021754,0.04003452221119752,0.49532710280373843,0.653877533180856,0.02613375336767622,0.7256226816906478,-0.17461109916331272,-0.20755670998495346,0.14947752016838609
58,0.5541691116584404,0.00043741999672258796,0.5381062355658198,0.0,0.0,0.0,0.6872713159870202,9.179759900557908e-05,0.6902836820940543,0.0,0.0,0.0
59,0.6058577750738404,0.01522802581085678,0.6346420323325636,0.31516610461084393,0.042536902144642535,0.4694835680751173,0.6628781060842792,0.004587832409754943,0.6519283996832855,-0.15709733359277123,-0.17880516557317558,0.13466942834413104
60,0.6084500878234503,0.05996132012964886,0.6632794457274827,0.5601998708009284,0.0814268629438854,0.6632794457274828,1.2764415298849878,0.2254328532833764,1.4356317990458107,-0.20509249302760618,-0.1568184505727066,0.16608066237639504
61,0.624091689644683,0.026680380775487712,0.6591224018475751,0.552302366407452,0.0773756075651324,0.6396484375000001,1.6760947725537931,0.7127822041191387,1.4907633299392318,-0.16786486015955426,-0.1194956756470219,0.13023084319023726
62,0.5890288394548077,0.021237968537612617,0.6605080831408776,0.520796100313201,0.09495112722663923,0.6933667083854819,0.9688651877967335,0.27286750664346127,0.6744704611773655,-0.21119611116231596,-0.13114145792471832,0.1686715041561576
63,0.6246855527971032,0.026587461012376815,0.6600461893764434,0.5543086599263105,0.07547155795981411,0.6409756097560976,1.6746161311114578,0.7074428822034958,1.49233298260753,-0.1660061241000747,-0.11893295927646097,0.12821275274496868
64,0.6290421846941879,0.031058084652649975,0.5990762124711316,0.5488526677414433,0.04440056056310898,0.5011494252873564,0.6965241930512703,0.036592787513360155,0.6716559610731629,-0.1122965033914679,-0.09752119361113037,0.09271557593496292
65,0.6171566789979295,0.020481242282965682,0.6609699769053118,0.538691407798186,0.07354919379733316,0.6443798449612403,1.6427336473995984,0.6494484261372965,1.4839983346471963,-0.17516667178715162,-0.13707036808990414,0.13784049114095684
66,0.6205216418569508,0.019316580917532106,0.5810623556581986,0.5349823470276812,0.07351092555574765,0.3892255892255892,0.7055927921728418,0.021668244784546275,0.675802651426762,-0.05551032460461325,-0.014512373643670029,0.03941182188444682
67,0.6205281182231206,0.031166318139326066,0.6471131639722864,0.5718547794550596,0.052930982067279954,0.5414165666266507,1.292158739489046,0.3613289440993669,2.407807266393569,-0.1921555876439283,-0.17689274544424005,0.16318549019379563
68,0.6014958443317077,0.04411170830987457,0.5390300230946882,0.29874931604504207,0.27322861787683916,0.003992015968063872,0.6823081906265306,0.01693542235291526,0.6954599785544076,-0.0018365472910927456,-0.0035149384885764497,0.0017574692442882249
69,0.5830872641278003,0.030595441080730774,0.6429561200923788,0.5103379313560772,0.05418605988059537,0.5937992643194956,1.0218881781961622,0.16222385060221522,1.1362422263941163,-0.16220245715007459,-0.12035198316744072,0.1298763493654735
70,0.5541691116584404,0.00043741999672258796,0.5381062355658198,0.0,0.0,0.0,0.6880395553867401,0.0006196532426518539,0.6922087827109604,0.0,0.0,0.0
71,0.5220914737658107,0.0804417870377516,0.5810623556581986,0.42405353413486996,0.06716716415697402,0.4327704815509693,0.8655728175054219,0.05417490131693766,0.9317986070937038,-0.0955260615618845,-0.09429984627241178,0.08201128270686778
72,0.6296307490015602,0.03364053464453596,0.6318706697459584,0.5063535208682141,0.09763403934217868,0.5661404463799674,0.7275978674790093,0.06045285672478659,0.661960504253427,-0.15148272177674005,-0.15544020323031815,0.12549141944461645
73,0.5939811007859953,0.020682321076466864,0.6346420323325636,0.5301039138717837,0.034628024835646413,0.5986808726534754,1.014786320167555,0.22693992538925983,1.0393685854154548,-0.17291109813921568,-0.1561334045563716,0.14395817514640286
74,0.6518176019782355,0.030450805376453106,0.6854503464203233,0.572369319580701,0.0373284832088751,0.6320907617504051,0.6371182236740596,0.015296512537376699,0.5998851365374521,-0.20868195302125686,-0.19220026178544192,0.16951247436320396
75,0.6601367887036473,0.023270388193570416,0.6757505773672056,0.5713842415915176,0.04050570387541129,0.6497005988023953,0.6335292556522548,0.015640731198505918,0.5953054621700865,-0.2253858285456799,-0.19401889585261722,0.1863430794111029
76,0.6631051231981474,0.01044619232601316,0.6886836027713625,0.5805747087781395,0.027420893938774313,0.6166097838452788,0.6200618039252018,0.010273409421303208,0.5935183404922719,-0.19718817099689018,-0.19410452660465916,0.15885906115563905
77,0.6607286893208647,0.01361821099607688,0.6762124711316397,0.583177495613561,0.031342212334809605,0.5917297612114153,0.621990881579146,0.009335551637691281,0.599844513300041,-0.18725357665878112,-0.19143774032678323,0.15253163104591994
78,0.6718193682599182,0.009789447543446137,0.6919168591224019,0.6005773633579198,0.012078125028545533,0.6133333333333333,0.6202495419928982,0.008062630085832514,0.5995241409575682,-0.19275212414786597,-0.1916457007245993,0.15402946932473258
79,0.6682546193172341,0.010250857488081378,0.6877598152424942,0.599495274639251,0.014068011442130244,0.6244444444444446,0.6187062278608323,0.008637493757926211,0.5962027707084532,-0.20065047227940097,-0.18439970803991212,0.1612666399472071
80,0.6072537263637167,0.03056973621128838,0.5755196304849884,0.3264527882561966,0.18675742066138054,0.1757847533632287,0.6812751349560793,0.005179817693910337,0.6750185388102538,-0.059410427355679134,-0.08660123389836037,0.05269984175538174
81,0.662710457368829,0.014256169391710568,0.6775981524249423,0.6063845542402592,0.02095627032116062,0.5805288461538461,0.628760438092016,0.005130597257224429,0.6116190825550678,-0.1884713986775494,-0.19643286752922662,0.15415710162388582
82,0.5541691116584404,0.00043741999672258796,0.5381062355658198,0.0,0.0,0.0,0.6925719412898295,0.00015474485079369882,0.691313375367338,0.0,0.0,0.0
83,0.6577599623193241,0.017601581913898167,0.5995381062355658,0.6005525038761268,0.026219192593648244,0.2756892230576441,0.6664567865738358,0.0013849228366248133,0.6596878763854177,-0.08297489938246952,-0.11056561150551095,0.07042144618209357
84,0.6296307490015602,0.03364053464453596,0.6318706697459584,0.5063535208682141,0.09763403934217868,0.5661404463799674,0.7275978674790093,0.06045285672478659,0.661960504253427,-0.15148272177674005,-0.15544020323031815,0.12549141944461645
85,0.5939811007859953,0.020682321076466864,0.6346420323325636,0.5301039138717837,0.034628024835646413,0.5986808726534754,1.014786320167555,0.22693992538925983,1.0393685854154548,-0.17291109813921568,-0.1561334045563716,0.14395817514640286
86,0.6518176019782355,0.030450805376453106,0.6854503464203233,0.572369319580701,0.0373284832088751,0.6320907617504051,0.6371182236740596,0.015296512537376699,0.5998851365374521,-0.20868195302125686,-0.19220026178544192,0.16951247436320396
87,0.6601367887036473,0.023270388193570416,0.6757505773672056,0.5713842415915176,0.04050570387541129,0.6497005988023953,0.6335292556522548,0.015640731198505918,0.5953054621700865,-0.2253858285456799,-0.19401889585261722,0.1863430794111029
88,0.6631051231981474,0.01044619232601316,0.6886836027713625,0.5805747087781395,0.027420893938774313,0.6166097838452788,0.6200618039252018,0.010273409421303208,0.5935183404922719,-0.19718817099689018,-0.19410452660465916,0.15885906115563905
89,0.6607286893208647,0.01361821099607688,0.6762124711316397,0.583177495613561,0.031342212334809605,0.5917297612114153,0.621990881579146,0.009335551637691281,0.599844513300041,-0.18725357665878112,-0.19143774032678323,0.15253163104591994
90,0.6718193682599182,0.009789447543446137,0.6919168591224019,0.6005773633579198,0.012078125028545533,0.6133333333333333,0.6202495419928982,0.008062630085832514,0.5995241409575682,-0.19275212414786597,-0.1916457007245993,0.15402946932473258
91,0.6682546193172341,0.010250857488081378,0.6877598152424942,0.599495274639251,0.014068011442130244,0.6244444444444446,0.6187062278608323,0.008637493757926211,0.5962027707084532,-0.20065047227940097,-0.18439970803991212,0.1612666399472071
92,0.6072537263637167,0.03056973621128838,0.5755196304849884,0.3264527882561966,0.18675742066138054,0.1757847533632287,0.6812751349560793,0.005179817693910337,0.6750185388102538,-0.059410427355679134,-0.08660123389836037,0.05269984175538174
93,0.662710457368829,0.014256169391710568,0.6775981524249423,0.6063845542402592,0.02095627032116062,0.5805288461538461,0.628760438092016,0.005130597257224429,0.6116190825550678,-0.1884713986775494,-0.19643286752922662,0.15415710162388582
94,0.5541691116584404,0.00043741999672258796,0.5381062355658198,0.0,0.0,0.0,0.6925719412898295,0.00015474485079369882,0.691313375367338,0.0,0.0,0.0
95,0.6577599623193241,0.017601581913898167,0.5995381062355658,0.6005525038761268,0.026219192593648244,0.2756892230576441,0.6664567865738358,0.0013849228366248133,0.6596878763854177,-0.08297489938246952,-0.11056561150551095,0.07042144618209357
96,0.6296307490015602,0.03364053464453596,0.6318706697459584,0.5063535208682141,0.09763403934217868,0.5661404463799674,0.7275978674790093,0.06045285672478659,0.661960504253427,-0.15148272177674005,-0.15544020323031815,0.12549141944461645
97,0.5939811007859953,0.020682321076466864,0.6346420323325636,0.5301039138717837,0.034628024835646413,0.5986808726534754,1.014786320167555,0.22693992538925983,1.0393685854154548,-0.17291109813921568,-0.1561334045563716,0.14395817514640286
98,0.6518176019782355,0.030450805376453106,0.6854503464203233,0.572369319580701,0.0373284832088751,0.6320907617504051,0.6371182236740596,0.015296512537376699,0.5998851365374521,-0.20868195302125686,-0.19220026178544192,0.16951247436320396
99,0.6601367887036473,0.023270388193570416,0.6757505773672056,0.5713842415915176,0.04050570387541129,0.6497005988023953,0.6335292556522548,0.015640731198505918,0.5953054621700865,-0.2253858285456799,-0.19401889585261722,0.1863430794111029
100,0.6631051231981474,0.01044619232601316,0.6886836027713625,0.5805747087781395,0.027420893938774313,0.6166097838452788,0.6200618039252018,0.010273409421303208,0.5935183404922719,-0.19718817099689018,-0.19410452660465916,0.15885906115563905
101,0.6607286893208647,0.01361821099607688,0.6762124711316397,0.583177495613561,0.031342212334809605,0.5917297612114153,0.621990881579146,0.009335551637691281,0.599844513300041,-0.18725357665878112,-0.19143774032678323,0.15253163104591994
102,0.6718193682599182,0.009789447543446137,0.6919168591224019,0.6005773633579198,0.012078125028545533,0.6133333333333333,0.6202495419928982,0.008062630085832514,0.5995241409575682,-0.19275212414786597,-0.1916457007245993,0.15402946932473258
103,0.6682546193172341,0.010250857488081378,0.6877598152424942,0.599495274639251,0.014068011442130244,0.6244444444444446,0.6187062278608323,0.008637493757926211,0.5962027707084532,-0.20065047227940097,-0.18439970803991212,0.1612666399472071
104,0.6072537263637167,0.03056973621128838,0.5755196304849884,0.3264527882561966,0.18675742066138054,0.1757847533632287,0.6812751349560793,0.005179817693910337,0.6750185388102538,-0.059410427355679134,-0.08660123389836037,0.05269984175538174
105,0.662710457368829,0.014256169391710568,0.6775981524249423,0.6063845542402592,0.02095627032116062,0.5805288461538461,0.628760438092016,0.005130597257224429,0.6116190825550678,-0.1884713986775494,-0.19643286752922662,0.15415710162388582
106,0.5541691116584404,0.00043741999672258796,0.5381062355658198,0.0,0.0,0.0,0.6925719412898295,0.00015474485079369882,0.691313375367338,0.0,0.0,0.0
107,0.6577599623193241,0.017601581913898167,0.5995381062355658,0.6005525038761268,0.026219192593648244,0.2756892230576441,0.6664567865738358,0.0013849228366248133,0.6596878763854177,-0.08297489938246952,-0.11056561150551095,0.07042144618209357
108,0.6296307490015602,0.03364053464453596,0.6318706697459584,0.5063535208682141,0.09763403934217868,0.5661404463799674,0.7275978674790093,0.06045285672478659,0.661960504253427,-0.15148272177674005,-0.15544020323031815,0.12549141944461645
109,0.5939811007859953,0.020682321076466864,0.6346420323325636,0.5301039138717837,0.034628024835646413,0.5986808726534754,1.014786320167555,0.22693992538925983,1.0393685854154548,-0.17291109813921568,-0.1561334045563716,0.14395817514640286
110,0.6518176019782355,0.030450805376453106,0.6854503464203233,0.572369319580701,0.0373284832088751,0.6320907617504051,0.6371182236740596,0.015296512537376699,0.5998851365374521,-0.20868195302125686,-0.19220026178544192,0.16951247436320396
111,0.6601367887036473,0.023270388193570416,0.6757505773672056,0.5713842415915176,0.04050570387541129,0.6497005988023953,0.6335292556522548,0.015640731198505918,0.5953054621700865,-0.2253858285456799,-0.19401889585261722,0.1863430794111029
112,0.6631051231981474,0.01044619232601316,0.6886836027713625,0.5805747087781395,0.027420893938774313,0.6166097838452788,0.6200618039252018,0.010273409421303208,0.5935183404922719,-0.19718817099689018,-0.19410452660465916,0.15885906115563905
113,0.6607286893208647,0.01361821099607688,0.6762124711316397,0.583177495613561,0.031342212334809605,0.5917297612114153,0.621990881579146,0.009335551637691281,0.599844513300041,-0.18725357665878112,-0.19143774032678323,0.15253163104591994
114,0.6718193682599182,0.009789447543446137,0.6919168591224019,0.6005773633579198,0.012078125028545533,0.6133333333333333,0.6202495419928982,0.008062630085832514,0.5995241409575682,-0.19275212414786597,-0.1916457007245993,0.15402946932473258
115,0.6682546193172341,0.010250857488081378,0.6877598152424942,0.599495274639251,0.014068011442130244,0.6244444444444446,0.6187062278608323,0.008637493757926211,0.5962027707084532,-0.20065047227940097,-0.18439970803991212,0.1612666399472071
116,0.6072537263637167,0.03056973621128838,0.5755196304849884,0.3264527882561966,0.18675742066138054,0.1757847533632287,0.6812751349560793,0.005179817693910337,0.6750185388102538,-0.059410427355679134,-0.08660123389836037,0.05269984175538174
117,0.662710457368829,0.014256169391710568,0.6775981524249423,0.6063845542402592,0.02095627032116062,0.5805288461538461,0.628760438092016,0.005130597257224429,0.6116190825550678,-0.1884713986775494,-0.19643286752922662,0.15415710162388582
118,0.5541691116584404,0.00043741999672258796,0.5381062355658198,0.0,0.0,0.0,0.6925719412898295,0.00015474485079369882,0.691313375367338,0.0,0.0,0.0
119,0.6577599623193241,0.017601581913898167,0.5995381062355658,0.6005525038761268,0.026219192593648244,0.2756892230576441,0.6664567865738358,0.0013849228366248133,0.6596878763854177,-0.08297489938246952,-0.11056561150551095,0.07042144618209357
120,0.6296307490015602,0.03364053464453596,0.6318706697459584,0.5063535208682141,0.09763403934217868,0.5661404463799674,0.7275978674790093,0.06045285672478659,0.661960504253427,-0.15148272177674005,-0.15544020323031815,0.12549141944461645
121,0.5939811007859953,0.020682321076466864,0.6346420323325636,0.5301039138717837,0.034628024835646413,0.5986808726534754,1.014786320167555,0.22693992538925983,1.0393685854154548,-0.17291109813921568,-0.1561334045563716,0.14395817514640286
122,0.6518176019782355,0.030450805376453106,0.6854503464203233,0.572369319580701,0.0373284832088751,0.6320907617504051,0.6371182236740596,0.015296512537376699,0.5998851365374521,-0.20868195302125686,-0.19220026178544192,0.16951247436320396
123,0.6601367887036473,0.023270388193570416,0.6757505773672056,0.5713842415915176,0.04050570387541129,0.6497005988023953,0.6335292556522548,0.015640731198505918,0.5953054621700865,-0.2253858285456799,-0.19401889585261722,0.1863430794111029
124,0.6631051231981474,0.01044619232601316,0.6886836027713625,0.5805747087781395,0.027420893938774313,0.6166097838452788,0.6200618039252018,0.010273409421303208,0.5935183404922719,-0.19718817099689018,-0.19410452660465916,0.15885906115563905
125,0.6607286893208647,0.01361821099607688,0.6762124711316397,0.583177495613561,0.031342212334809605,0.5917297612114153,0.621990881579146,0.009335551637691281,0.599844513300041,-0.18725357665878112,-0.19143774032678323,0.15253163104591994
126,0.6718193682599182,0.009789447543446137,0.6919168591224019,0.6005773633579198,0.012078125028545533,0.6133333333333333,0.6202495419928982,0.008062630085832514,0.5995241409575682,-0.19275212414786597,-0.1916457007245993,0.15402946932473258
127,0.6682546193172341,0.010250857488081378,0.6877598152424942,0.599495274639251,0.014068011442130244,0.6244444444444446,0.6187062278608323,0.008637493757926211,0.5962027707084532,-0.20065047227940097,-0.18439970803991212,0.1612666399472071
128,0.6072537263637167,0.03056973621128838,0.5755196304849884,0.3264527882561966,0.18675742066138054,0.1757847533632287,0.6812751349560793,0.005179817693910337,0.6750185388102538,-0.059410427355679134,-0.08660123389836037,0.05269984175538174
129,0.662710457368829,0.014256169391710568,0.6775981524249423,0.6063845542402592,0.02095627032116062,0.5805288461538461,0.628760438092016,0.005130597257224429,0.6116190825550678,-0.1884713986775494,-0.19643286752922662,0.15415710162388582
130,0.5541691116584404,0.00043741999672258796,0.5381062355658198,0.0,0.0,0.0,0.6925719412898295,0.00015474485079369882,0.691313375367338,0.0,0.0,0.0
131,0.6577599623193241,0.017601581913898167,0.5995381062355658,0.6005525038761268,0.026219192593648244,0.2756892230576441,0.6664567865738358,0.0013849228366248133,0.6596878763854177,-0.08297489938246952,-0.11056561150551095,0.07042144618209357
132,0.6296307490015602,0.03364053464453596,0.6318706697459584,0.5063535208682141,0.09763403934217868,0.5661404463799674,0.7275978674790093,0.06045285672478659,0.661960504253427,-0.15148272177674005,-0.15544020323031815,0.12549141944461645
133,0.5939811007859953,0.020682321076466864,0.6346420323325636,0.5301039138717837,0.034628024835646413,0.5986808726534754,1.014786320167555,0.22693992538925983,1.0393685854154548,-0.17291109813921568,-0.1561334045563716,0.14395817514640286
134,0.6518176019782355,0.030450805376453106,0.6854503464203233,0.572369319580701,0.0373284832088751,0.6320907617504051,0.6371182236740596,0.015296512537376699,0.5998851365374521,-0.20868195302125686,-0.19220026178544192,0.16951247436320396
135,0.6601367887036473,0.023270388193570416,0.6757505773672056,0.5713842415915176,0.04050570387541129,0.6497005988023953,0.6335292556522548,0.015640731198505918,0.5953054621700865,-0.2253858285456799,-0.19401889585261722,0.1863430794111029
136,0.6631051231981474,0.01044619232601316,0.6886836027713625,0.5805747087781395,0.027420893938774313,0.6166097838452788,0.6200618039252018,0.010273409421303208,0.5935183404922719,-0.19718817099689018,-0.19410452660465916,0.15885906115563905
137,0.6607286893208647,0.01361821099607688,0.6762124711316397,0.583177495613561,0.031342212334809605,0.5917297612114153,0.621990881579146,0.009335551637691281,0.599844513300041,-0.18725357665878112,-0.19143774032678323,0.15253163104591994
138,0.6718193682599182,0.009789447543446137,0.6919168591224019,0.6005773633579198,0.012078125028545533,0.6133333333333333,0.6202495419928982,0.008062630085832514,0.5995241409575682,-0.19275212414786597,-0.1916457007245993,0.15402946932473258
139,0.6682546193172341,0.010250857488081378,0.6877598152424942,0.599495274639251,0.014068011442130244,0.6244444444444446,0.6187062278608323,0.008637493757926211,0.5962027707084532,-0.20065047227940097,-0.18439970803991212,0.1612666399472071
140,0.6072537263637167,0.03056973621128838,0.5755196304849884,0.3264527882561966,0.18675742066138054,0.1757847533632287,0.6812751349560793,0.005179817693910337,0.6750185388102538,-0.059410427355679134,-0.08660123389836037,0.05269984175538174
141,0.662710457368829,0.014256169391710568,0.6775981524249423,0.6063845542402592,0.02095627032116062,0.5805288461538461,0.628760438092016,0.005130597257224429,0.6116190825550678,-0.1884713986775494,-0.19643286752922662,0.15415710162388582
142,0.5541691116584404,0.00043741999672258796,0.5381062355658198,0.0,0.0,0.0,0.6925719412898295,0.00015474485079369882,0.691313375367338,0.0,0.0,0.0
143,0.6577599623193241,0.017601581913898167,0.5995381062355658,0.6005525038761268,0.026219192593648244,0.2756892230576441,0.6664567865738358,0.0013849228366248133,0.6596878763854177,-0.08297489938246952,-0.11056561150551095,0.07042144618209357
