id_scenario,acc_train_mean,acc_train_sd,acc_test,f1_train_mean,f1_train_sd,f1_test,log_loss_train_mean,log_loss_train_sd,log_loss_test,demp,eqopp,eqodd
0,0.8003734900215975,0.003659770158643773,0.8042590753613593,0.8129125668287831,0.0034902106437736187,0.8209346926415665,0.45448105836232155,0.004725784921119361,0.45372902327371445,-0.18372398127765371,-0.04486519452197146,0.048409517139710895
1,0.8003498465649241,0.0036114890136126733,0.8042590753613593,0.8128863979208456,0.0034369470928937917,0.8209346926415665,0.45448123987888633,0.004726780745980998,0.45372809195642944,-0.18372398127765371,-0.04486519452197146,0.048409517139710895
2,0.800278907808717,0.0037460646718280137,0.8042039059913936,0.8128064664229968,0.003620603746518052,0.8209294111710983,0.4544894227024625,0.004716314591627445,0.453755718440918,-0.18382830602041433,-0.044726566775611265,0.048089978356437565
3,0.8003734900215975,0.0035962107631839846,0.8042590753613593,0.8129126009326935,0.0034285643845935955,0.8209346926415665,0.4544867481322221,0.004720445407031913,0.45374618150862395,-0.18372398127765371,-0.04486519452197146,0.048409517139710895
4,0.7999715400765676,0.0035986743848230203,0.8041487366214278,0.8126249428974476,0.0032920549302706574,0.8210324662230288,0.45467375079606,0.004697195280044526,0.45397615918867057,-0.18325605412262452,-0.0446325892181656,0.04858442529188246
5,0.8002316180999746,0.003739461258450496,0.8042590753613593,0.8127371941498741,0.003619733558993252,0.820952765442067,0.45466373831993534,0.004688175550867459,0.45393375223784976,-0.18350086659670772,-0.044565613934793524,0.04834859993535051
6,0.7977726203348655,0.004177923959162622,0.8005627275736511,0.8105148214903645,0.004071800076501768,0.8191143357518138,0.4587910316026204,0.00409795525465103,0.45812584256974165,-0.17457934773365452,-0.040800339688607856,0.051784545563440615
7,0.7995696013131204,0.0036005257171919337,0.8039280591415646,0.8120531172291607,0.003291774150259259,0.8207946752722872,0.4568653217470593,0.004338148608813518,0.45612391328227536,-0.18149524533409783,-0.04260717757090815,0.048346985734922215
8,0.766302413564199,0.0039091891445487015,0.7676817830740373,0.8016487096221463,0.0029665114397015194,0.8045304739358492,0.5409690468580056,0.0019328732682450537,0.5404736450001701,-0.11244914168790421,-0.011835434254911292,0.06686235519006692
9,0.7955974083439374,0.003988517664067927,0.7991834933245062,0.8073797867304863,0.004148460253210278,0.8181636527125585,0.4944753666361217,0.0024279424819288226,0.4939674815913455,-0.16626317538216606,-0.030851882207979853,0.04990448058853446
10,0.5226746116657285,5.318110650877852e-05,0.526922652543308,0.686521738374697,4.587353823428771e-05,0.6901759583769917,0.693136795765911,1.838707522179971e-08,0.6920344878963276,0.0,0.0,0.0
11,0.7812927033379904,0.00610691328210417,0.7864393688624076,0.7926985150733402,0.005914900104430958,0.8144562143507645,0.619965154983117,0.0006640975807877729,0.6191542263132792,-0.13092514129865884,-0.004736922147718481,0.052616383541084694
12,0.8012955708548803,0.004211441653023128,0.8050314465408805,0.8135259494714782,0.003925539979830042,0.8214790866841786,0.4529785465743373,0.005495789625412376,0.4525298570397161,-0.18992538589196345,-0.04960915654828768,0.04677530783631685
13,0.8013192143115537,0.004193351237675398,0.8050314465408805,0.8135524043565727,0.0039011639115147075,0.8214790866841786,0.4529788208178261,0.0054957752775408215,0.4525298862379616,-0.18992538589196345,-0.04960915654828768,0.04677530783631685
14,0.8013428577682271,0.0041270393846111735,0.8048659384309831,0.813536647537191,0.0038742131256548017,0.8213185147764588,0.4529792309163848,0.005487504998242554,0.4525332134114543,-0.18937483178731074,-0.04928725086665242,0.046961650173617295
15,0.8013192143115537,0.004193351237675398,0.8050314465408805,0.8135524043565727,0.0039011639115147075,0.8214790866841786,0.4529815914431725,0.005487400188965056,0.4525332183704823,-0.18992538589196345,-0.04960915654828768,0.04677530783631685
16,0.8012010026189783,0.0043986058505907834,0.8047004303210857,0.8135353288484292,0.004142662432762661,0.8211940600060611,0.45304428032402183,0.005441511371212492,0.4526158029885191,-0.18793664069068244,-0.04698458372667458,0.046076935871314104
17,0.8014374315949205,0.004371376150156399,0.8048659384309831,0.813690428043602,0.004168633578280182,0.8213004597585005,0.4530350700177608,0.0054153072204871765,0.45258573509215505,-0.18937724265321487,-0.04912629802583479,0.046792300663979894
18,0.7982218432162638,0.004178592139293389,0.8021074699326933,0.8113932528999547,0.003912042415905892,0.8198302275352854,0.4564223210363511,0.0045216349002251965,0.456287616835731,-0.17886433312380717,-0.042003339216936,0.04931517722105534
19,0.800278907808717,0.003549722468255514,0.8039832285115304,0.8129052571171711,0.0034537075552738498,0.8207637592695353,0.4548157260161981,0.004755708377389472,0.45450659950459515,-0.18426489191868978,-0.0456476336316024,0.048389159963568476
20,0.7661605528241588,0.003949479666149202,0.7676817830740373,0.8015600957650744,0.003019182003535346,0.8045304739358492,0.5402253365374209,0.0018982757969812619,0.5402320150318112,-0.11244914168790421,-0.011835434254911292,0.06686235519006692
21,0.7960229933594537,0.004004373028536548,0.8000110338739932,0.8082647363149017,0.0038725682927577766,0.8188677359716185,0.4936134239069957,0.002522456701313282,0.4936051110310327,-0.16858659260486608,-0.03211717984006368,0.04913155433451158
22,0.5226746116657285,5.318110650877852e-05,0.526922652543308,0.686521738374697,4.587353823428771e-05,0.6901759583769917,0.6930479252674702,1.836342108941523e-07,0.6917258746047359,0.0,0.0,0.0
23,0.782096614409633,0.00476060300009523,0.7812534480856229,0.7944825433231252,0.004612803780754456,0.8113970413356799,0.6198737584725998,0.0010478747850059342,0.6190922222319486,-0.12675960335557468,-0.0017587641907799156,0.05026834871683952
24,0.8016265820437032,0.004096176549312467,0.8040383978814962,0.8148167089456917,0.004151928641785299,0.8210579345088161,0.45256560260864315,0.005919215288778351,0.45305288112045716,-0.18478410476658874,-0.04744043997505376,0.049665647028597285
25,0.8016738661616541,0.004115654849484272,0.8040383978814962,0.8149666620275094,0.004172272600527553,0.8210579345088161,0.45249627766283496,0.005920278608327487,0.4530506081753537,-0.18478410476658874,-0.04744043997505376,0.049665647028597285
26,0.8012010054143739,0.004127149334395357,0.8037625510316673,0.814551109220697,0.004130820037903335,0.8208692148864379,0.45255543457442693,0.005769145438928597,0.4530577280400878,-0.18356179575319392,-0.045298725675893436,0.048611184236609636
27,0.8016738661616541,0.004115654849484272,0.8040383978814962,0.8149666620275094,0.004172272600527553,0.8210579345088161,0.45249484907002446,0.005911427606525496,0.4530496193938915,-0.18478410476658874,-0.04744043997505376,0.049665647028597285
28,0.8010591306973553,0.004562660610735115,0.8033763654419066,0.8144924993867096,0.004482893594271587,0.8195808443859471,0.45256343793282533,0.0056577329646270574,0.45312207143832184,-0.18335489962469392,-0.04243325399486597,0.045755183090908313
29,0.8014847185082673,0.004000697344513178,0.8037625510316673,0.8148627475465334,0.004120865057049709,0.8208150722885496,0.4525656305718295,0.005719406010328612,0.45306301463835336,-0.18334832453586453,-0.045276400581436116,0.04885024659947419
30,0.7997114285084124,0.0047462334109666104,0.7980249365552246,0.8142623134735425,0.004928485126491848,0.8156317671350154,0.4562418993052374,0.004594533450944104,0.45720403564664136,-0.1674504172551371,-0.032784377101415796,0.050076475655930874
31,0.8014611085963421,0.0038281368662105592,0.8031556879620435,0.8151295984120452,0.0034764108705416558,0.819378353751139,0.4542849730590164,0.0049055826219610195,0.4550548619260826,-0.1813685652893171,-0.0421113483132306,0.04758093105077418
32,0.7662314971711573,0.003674063890076031,0.7677369524440031,0.8016478375200976,0.0027785515360375045,0.8045496750232126,0.5397893864206028,0.0023776813166366427,0.5384688006871345,-0.11256310989428131,-0.011674481414093663,0.06660413259120093
33,0.7967559964242417,0.0044935460107894945,0.7958733311265586,0.8117942198034681,0.004221956101331425,0.8134328358208955,0.4932396179903223,0.0031396474314116392,0.49448703445747083,-0.16626668209620848,-0.03223922047520733,0.04939232061186877
34,0.5226746116657285,5.318110650877852e-05,0.526922652543308,0.686521738374697,4.587353823428771e-05,0.6901759583769917,0.6923432430634395,2.4977431892241856e-06,0.6917733970711559,0.0,0.0,0.0
35,0.7813164865644477,0.0022958817001656573,0.7785501489572989,0.8047557411200232,0.001678909569209533,0.8120082427875609,0.6183641604725842,0.0012540669266199705,0.6169959852735402,-0.1236042182263215,-0.0021865573614612277,0.051773933833013125
36,0.8025959805396853,0.004927688778902274,0.8039280591415646,0.817233232191003,0.004886459009137196,0.819428919825221,0.4549923649356939,0.006039219919129484,0.4559997573381547,-0.19204913958387576,-0.05172025219738241,0.04597961926712624
37,0.8029269945239037,0.00483734755079086,0.8014454374931038,0.8177560794668777,0.0047398950813249624,0.8148757779949592,0.45535362432048765,0.005820884385245165,0.4548408450816048,-0.19200859320276087,-0.0508096005042481,0.04379212707617414
38,0.8019339805252051,0.0031960431449962845,0.8003972194637538,0.8162298036983401,0.003101248271641154,0.8138697396851529,0.4544379931502542,0.005951530678042269,0.4547461669700825,-0.1896948194436774,-0.04949965268324963,0.04436498205728252
39,0.8029269945239037,0.00483734755079086,0.8014454374931038,0.8177560794668777,0.0047398950813249624,0.8148757779949592,0.455354697378837,0.00581111663250813,0.4548374991741509,-0.19200859320276087,-0.0508096005042481,0.04379212707617414
40,0.8027142145954261,0.004708665156168001,0.8003420500937879,0.817283776075593,0.004632933176702155,0.813770390572737,0.454293005107183,0.0057503777674377775,0.45464476627694983,-0.18848697562570738,-0.04855626073280117,0.04474922825915906
41,0.8029742730510634,0.005192859477252414,0.8013902681231381,0.8178300455471614,0.005125065859722751,0.8148148148148149,0.4553898113289276,0.005718762744517399,0.45482847656795206,-0.19189944672819192,-0.05064864766343047,0.04371165065576532
42,0.7977963644257834,0.0037407404136792365,0.801114421273309,0.8132483240307572,0.002926084224954018,0.8162308202069634,0.45665956263978824,0.005323787448066958,0.4563728348226842,-0.17921631954581047,-0.03870072000599445,0.045308293769069266
43,0.8026669416590578,0.004246649595701405,0.7998455257640957,0.8180156208138261,0.0040814140608387665,0.8136620441705187,0.45742100867020513,0.005165082452546944,0.45640527770588113,-0.1872285036237506,-0.04758586650827912,0.04475757966581852
44,0.7662314971711573,0.003674063890076031,0.7697230497627717,0.8016478375200976,0.0027785515360375045,0.8016536780079833,0.5382262414200133,0.0055448117459772905,0.5343933002641107,-0.1305966060268141,-0.028537739101520576,0.06586715667792276
45,0.7990731110861451,0.004858240663078387,0.7924528301886793,0.8168887967954851,0.004331648445644636,0.8069184972284952,0.49468294478910124,0.007096525673280577,0.4933181291314621,-0.1781627711457049,-0.04161296348318533,0.043696139156175956
46,0.5226746116657285,5.318110650877852e-05,0.526922652543308,0.686521738374697,4.587353823428771e-05,0.6901759583769917,0.692119123556446,5.229714773574041e-06,0.6917086718422201,0.0,0.0,0.0
47,0.7790232389908722,0.011299948403873696,0.7611166280481076,0.8091301729520988,0.010482831518957026,0.7864259642892374,0.6247612996464589,0.0062246129145845245,0.6100904408833405,-0.13947012674141224,-0.017570186866344706,0.03930147230050787
48,0.79562076107946,0.008907290481927945,0.7938872338077899,0.8092735541897792,0.01105872988368698,0.8181995133819951,0.4710585978242099,0.010317405544900479,0.4837506111173031,-0.17246370331796523,-0.037847062398494336,0.0451291282570386
49,0.7861868457568592,0.01613127365978541,0.7907425797197396,0.800975301052552,0.016609062953001408,0.8099794599468965,0.48523844957182294,0.020477101741244952,0.4902333262518411,-0.2138935572019578,-0.051255041589770456,0.041410133783049835
50,0.7911523713998483,0.009313105425623384,0.7692816948030453,0.805891782834601,0.010638599603521764,0.7839876033057851,0.4700360403883378,0.012840953646669168,0.5047239924057013,-0.17588450286630036,-0.05171620185627135,0.04071036425961137
51,0.7861632023001858,0.01609804839623221,0.790632240979808,0.8009497795553283,0.016570833499549846,0.8098792645659036,0.485197458089688,0.02052115923024572,0.49007330956763057,-0.2138935572019578,-0.051094088748952826,0.04149920636230192
52,0.7915779508245733,0.007783873365662005,0.7826878517047335,0.805923739751217,0.008548995768127078,0.7913775753402892,0.4710592927799873,0.013260109643433318,0.4792609265118963,-0.1948906738063365,-0.05759257175155175,0.035340196173566124
53,0.7850519262917893,0.016972342636431544,0.7904115634999448,0.8001569674090457,0.017179792012483364,0.8097170047583271,0.48483906395575155,0.020959486674134702,0.4886040403348835,-0.21344732784006581,-0.051094088748952826,0.041143714005387605
54,0.7942260011996161,0.008204578075266655,0.7818603111552466,0.8119156145629183,0.010389564517574064,0.8172828096118301,0.46567251262914544,0.004680304554942158,0.5139277685776851,-0.1292160565422572,-0.019139549391836486,0.06495509815357989
55,0.7885752681671997,0.01584472233630021,0.7846187796535363,0.8036681827522609,0.01668274121876143,0.8057711442786071,0.4794820314462448,0.019389492914549767,0.4823301564323499,-0.2133949462990578,-0.05028464736524829,0.04557954793947455
56,0.7663260709978509,0.0036551781464644346,0.7743572768398985,0.8009095389315031,0.0033127076354255176,0.8114512262585285,0.5426667804743935,0.016666115275991034,0.5279006004669754,-0.1256221129880798,-0.019748064925425024,0.0643102311078394
57,0.7663022737944151,0.02969390320769122,0.7684541542535585,0.7834871950358668,0.031072052486366276,0.7788608461984299,0.50887119425546,0.03076947918688246,0.5002277656536136,-0.16608104542159036,-0.02951874136228594,0.028853184017157266
58,0.5226746116657285,5.318110650877852e-05,0.526922652543308,0.686521738374697,4.587353823428771e-05,0.6901759583769917,0.6921638042062574,8.712188677551314e-05,0.7048255664368983,0.0,0.0,0.0
59,0.6757697422513799,0.07830700655581246,0.5650446871896723,0.7117607833659986,0.07777501313281436,0.7051828584249495,0.650434270083557,0.031143437323809874,0.6380166349736617,-0.002782358422995568,-0.0020088245360406765,0.02824309494763466
60,0.6886802464566193,0.10176116106456255,0.7515723270440252,0.7240236559822439,0.08196682656357326,0.776048142437957,0.8300582966449265,0.22067916158256184,0.8680367303024048,-0.12874659519983445,-0.060669818410671206,0.09109486965153697
61,0.7325628263082851,0.02836550774174818,0.741365993600353,0.7420485714672213,0.02221890718669063,0.7568464730290456,1.5084517369785504,0.3178020442500622,1.5227106316036632,-0.2448405277955305,-0.0888346368198959,0.10935232502856708
62,0.7668939472443423,0.016285234235864553,0.7730332119607194,0.7767445401029666,0.017821080377128477,0.8107287449392713,0.6761800530122095,0.1171925805682435,0.5984859272264439,-0.12667259301339828,-0.022739193617588138,0.06520957124323998
63,0.7311202931162458,0.02787005749583471,0.6846518812755158,0.7441664746396263,0.02246962714951293,0.6954714970697922,1.576252201263479,0.26841342426639225,1.965587563258281,-0.1911621601007829,-0.05440538726227517,0.08824280471737586
64,0.7641508729839013,0.0055568370073943605,0.6411232483725036,0.7802272379596796,0.011926025035326233,0.6817670368377282,0.651225848729865,0.05007725842444273,1.27572228773524,-0.01644714636761413,0.028893108315668492,0.07641671353389393
65,0.7231534210150188,0.04791653335445057,0.740041928721174,0.7344786917113069,0.04401101762912735,0.7460659624919164,1.4292034312077273,0.31328163041758267,1.8309579389007493,-0.13712698425222386,0.010967600453522408,0.011261515400595043
66,0.7772493479809458,0.01375412636797802,0.7634889109566368,0.7957381378861426,0.007907418711664066,0.8078870714765851,0.542637171865608,0.07648310797255423,0.7914404291227943,-0.1079872864082394,-0.022714746915882267,0.07897355068673295
67,0.703621256199943,0.026260616446382726,0.6932583029901799,0.7196048124339264,0.03094078819703629,0.7144617912900576,1.1618293237308952,0.17457556489187004,1.725782798064436,-0.17354245622525022,-0.045624006641787895,0.06346609238107173
68,0.6668344388610764,0.13158900835915946,0.7676817830740373,0.7553028874771942,0.06280155819105676,0.8045304739358492,0.6132081677924747,0.08225743173352121,0.5387649379166826,-0.11244914168790421,-0.011835434254911292,0.06686235519006692
69,0.6189546556350662,0.10688061357794842,0.7355732097539446,0.6404300591869604,0.11008755881306721,0.775535053622442,1.2537294594578314,0.7218177370714647,0.6160746005611555,-0.09811172215603303,-0.008195383054742211,0.05713609036761497
70,0.5226746116657285,5.318110650877852e-05,0.526922652543308,0.686521738374697,4.587353823428771e-05,0.6901759583769917,0.6923090431885384,0.0002678693070876368,0.7126643276375885,0.0,0.0,0.0
71,0.49123163204899906,0.12471739031961762,0.49591746662253117,0.5205016593262397,0.1346575561060964,0.4975529282375585,1.1101029374432203,0.5920430399112023,0.830722818118843,-0.02424279085343778,-0.010639571041874074,0.029751898836807983
72,0.7961410289421013,0.0076124907867613795,0.8038728897715988,0.8110038327652642,0.007966560988718594,0.8240011881776326,0.45979165266782884,0.00660732064751603,0.45861189306220934,-0.1818253147933362,-0.04442954176080094,0.04907180255900068
73,0.7926181455115827,0.007081327485785489,0.7964801941961823,0.8080441926793045,0.008965821537326283,0.80918636528216,0.466112517352392,0.00878728681516309,0.46944796697347146,-0.19235948377662576,-0.05744140723508584,0.04708343890520422
74,0.8012246852111912,0.0037392818992052004,0.8043694141012909,0.8149652857741638,0.0026111774472628783,0.8212701612903225,0.4535063426455163,0.004998431091413943,0.4538682276088222,-0.18369264002089997,-0.0438948002974493,0.04744026456485588
75,0.8016501947510241,0.005127100440640785,0.8044797528412225,0.8165469058503396,0.004671518854977572,0.8213349465618068,0.45421801268098994,0.006851655437831082,0.4539235599573333,-0.18325605412262452,-0.04281278060064053,0.046891057537655226
76,0.8019339693436224,0.004512932989004917,0.8042590753613593,0.8165783262412591,0.0041850558168988646,0.8198619008935825,0.452384101730825,0.005992169117993132,0.452883084862398,-0.18783889103675128,-0.046882312613620525,0.04598351854327548
77,0.8020285236025461,0.004623540481440912,0.8057486483504358,0.8166898119645919,0.004295804296689795,0.8223959646910467,0.45227971625772917,0.005809755098134768,0.4527562089329201,-0.19000078024387446,-0.050686499065480284,0.0482833858976313
78,0.7986001245460592,0.005457690198224479,0.8010040825333775,0.8149250218268845,0.006121132962575476,0.8185339840016099,0.45634440463019665,0.005169009426930825,0.45648668542943494,-0.18066853749860823,-0.044726566775611265,0.049368286198353054
79,0.8020285236025461,0.004689567243502824,0.8042039059913936,0.8165591632808142,0.005075354662496,0.8212540921682197,0.45402182720554246,0.005052319895928109,0.4544728245440537,-0.18510913332439116,-0.046242117626342005,0.048121670587912044
80,0.7661132659108122,0.0038812192655205482,0.7676817830740373,0.8015278018277298,0.0029648329339724646,0.8045304739358492,0.5412721287914761,0.0012603192606184534,0.5455608118286687,-0.11244914168790421,-0.011835434254911292,0.06686235519006692
81,0.7964249125551311,0.004602396598899286,0.7993490014344036,0.8091238943184103,0.00471716792032928,0.8183407422206683,0.49354524044617476,0.0025937727107754114,0.49341609278475823,-0.16636991099083082,-0.030874207302437062,0.04991564313576306
82,0.49550827994803137,0.024848660118565888,0.526922652543308,0.27462732843680876,0.376048957124236,0.6901759583769917,0.6931557420302646,0.00011901534142503534,0.6917356450378822,0.0,0.0,0.0
83,0.7810326309053747,0.005309666505256036,0.7766192210084961,0.7919429452790404,0.004978942887554886,0.812120087234931,0.6199876811392111,0.000589916184912409,0.6190568745191017,-0.12568172712680015,-0.007555622032582643,0.053227623608291086
84,0.7961410289421013,0.0076124907867613795,0.8038728897715988,0.8110038327652642,0.007966560988718594,0.8240011881776326,0.45979165266782884,0.00660732064751603,0.45861189306220934,-0.1818253147933362,-0.04442954176080094,0.04907180255900068
85,0.7926181455115827,0.007081327485785489,0.7964801941961823,0.8080441926793045,0.008965821537326283,0.80918636528216,0.466112517352392,0.00878728681516309,0.46944796697347146,-0.19235948377662576,-0.05744140723508584,0.04708343890520422
86,0.8012246852111912,0.0037392818992052004,0.8043694141012909,0.8149652857741638,0.0026111774472628783,0.8212701612903225,0.4535063426455163,0.004998431091413943,0.4538682276088222,-0.18369264002089997,-0.0438948002974493,0.04744026456485588
87,0.8016501947510241,0.005127100440640785,0.8044797528412225,0.8165469058503396,0.004671518854977572,0.8213349465618068,0.45421801268098994,0.006851655437831082,0.4539235599573333,-0.18325605412262452,-0.04281278060064053,0.046891057537655226
88,0.8019339693436224,0.004512932989004917,0.8042590753613593,0.8165783262412591,0.0041850558168988646,0.8198619008935825,0.452384101730825,0.005992169117993132,0.452883084862398,-0.18783889103675128,-0.046882312613620525,0.04598351854327548
89,0.8020285236025461,0.004623540481440912,0.8057486483504358,0.8166898119645919,0.004295804296689795,0.8223959646910467,0.45227971625772917,0.005809755098134768,0.4527562089329201,-0.19000078024387446,-0.050686499065480284,0.0482833858976313
90,0.7986001245460592,0.005457690198224479,0.8010040825333775,0.8149250218268845,0.006121132962575476,0.8185339840016099,0.45634440463019665,0.005169009426930825,0.45648668542943494,-0.18066853749860823,-0.044726566775611265,0.049368286198353054
91,0.8020285236025461,0.004689567243502824,0.8042039059913936,0.8165591632808142,0.005075354662496,0.8212540921682197,0.45402182720554246,0.005052319895928109,0.4544728245440537,-0.18510913332439116,-0.046242117626342005,0.048121670587912044
92,0.7661132659108122,0.0038812192655205482,0.7676817830740373,0.8015278018277298,0.0029648329339724646,0.8045304739358492,0.5412721287914761,0.0012603192606184534,0.5455608118286687,-0.11244914168790421,-0.011835434254911292,0.06686235519006692
93,0.7964249125551311,0.004602396598899286,0.7993490014344036,0.8091238943184103,0.00471716792032928,0.8183407422206683,0.49354524044617476,0.0025937727107754114,0.49341609278475823,-0.16636991099083082,-0.030874207302437062,0.04991564313576306
94,0.49550827994803137,0.024848660118565888,0.526922652543308,0.27462732843680876,0.376048957124236,0.6901759583769917,0.6931557420302646,0.00011901534142503534,0.6917356450378822,0.0,0.0,0.0
95,0.7810326309053747,0.005309666505256036,0.7766192210084961,0.7919429452790404,0.004978942887554886,0.812120087234931,0.6199876811392111,0.000589916184912409,0.6190568745191017,-0.12568172712680015,-0.007555622032582643,0.053227623608291086
96,0.7961410289421013,0.0076124907867613795,0.8038728897715988,0.8110038327652642,0.007966560988718594,0.8240011881776326,0.45979165266782884,0.00660732064751603,0.45861189306220934,-0.1818253147933362,-0.04442954176080094,0.04907180255900068
97,0.7926181455115827,0.007081327485785489,0.7964801941961823,0.8080441926793045,0.008965821537326283,0.80918636528216,0.466112517352392,0.00878728681516309,0.46944796697347146,-0.19235948377662576,-0.05744140723508584,0.04708343890520422
98,0.8012246852111912,0.0037392818992052004,0.8043694141012909,0.8149652857741638,0.0026111774472628783,0.8212701612903225,0.4535063426455163,0.004998431091413943,0.4538682276088222,-0.18369264002089997,-0.0438948002974493,0.04744026456485588
99,0.8016501947510241,0.005127100440640785,0.8044797528412225,0.8165469058503396,0.004671518854977572,0.8213349465618068,0.45421801268098994,0.006851655437831082,0.4539235599573333,-0.18325605412262452,-0.04281278060064053,0.046891057537655226
100,0.8019339693436224,0.004512932989004917,0.8042590753613593,0.8165783262412591,0.0041850558168988646,0.8198619008935825,0.452384101730825,0.005992169117993132,0.452883084862398,-0.18783889103675128,-0.046882312613620525,0.04598351854327548
101,0.8020285236025461,0.004623540481440912,0.8057486483504358,0.8166898119645919,0.004295804296689795,0.8223959646910467,0.45227971625772917,0.005809755098134768,0.4527562089329201,-0.19000078024387446,-0.050686499065480284,0.0482833858976313
102,0.7986001245460592,0.005457690198224479,0.8010040825333775,0.8149250218268845,0.006121132962575476,0.8185339840016099,0.45634440463019665,0.005169009426930825,0.45648668542943494,-0.18066853749860823,-0.044726566775611265,0.049368286198353054
103,0.8020285236025461,0.004689567243502824,0.8042039059913936,0.8165591632808142,0.005075354662496,0.8212540921682197,0.45402182720554246,0.005052319895928109,0.4544728245440537,-0.18510913332439116,-0.046242117626342005,0.048121670587912044
104,0.7661132659108122,0.0038812192655205482,0.7676817830740373,0.8015278018277298,0.0029648329339724646,0.8045304739358492,0.5412721287914761,0.0012603192606184534,0.5455608118286687,-0.11244914168790421,-0.011835434254911292,0.06686235519006692
105,0.7964249125551311,0.004602396598899286,0.7993490014344036,0.8091238943184103,0.00471716792032928,0.8183407422206683,0.49354524044617476,0.0025937727107754114,0.49341609278475823,-0.16636991099083082,-0.030874207302437062,0.04991564313576306
106,0.49550827994803137,0.024848660118565888,0.526922652543308,0.27462732843680876,0.376048957124236,0.6901759583769917,0.6931557420302646,0.00011901534142503534,0.6917356450378822,0.0,0.0,0.0
107,0.7810326309053747,0.005309666505256036,0.7766192210084961,0.7919429452790404,0.004978942887554886,0.812120087234931,0.6199876811392111,0.000589916184912409,0.6190568745191017,-0.12568172712680015,-0.007555622032582643,0.053227623608291086
108,0.7961410289421013,0.0076124907867613795,0.8038728897715988,0.8110038327652642,0.007966560988718594,0.8240011881776326,0.45979165266782884,0.00660732064751603,0.45861189306220934,-0.1818253147933362,-0.04442954176080094,0.04907180255900068
109,0.7926181455115827,0.007081327485785489,0.7964801941961823,0.8080441926793045,0.008965821537326283,0.80918636528216,0.466112517352392,0.00878728681516309,0.46944796697347146,-0.19235948377662576,-0.05744140723508584,0.04708343890520422
110,0.8012246852111912,0.0037392818992052004,0.8043694141012909,0.8149652857741638,0.0026111774472628783,0.8212701612903225,0.4535063426455163,0.004998431091413943,0.4538682276088222,-0.18369264002089997,-0.0438948002974493,0.04744026456485588
111,0.8016501947510241,0.005127100440640785,0.8044797528412225,0.8165469058503396,0.004671518854977572,0.8213349465618068,0.45421801268098994,0.006851655437831082,0.4539235599573333,-0.18325605412262452,-0.04281278060064053,0.046891057537655226
112,0.8019339693436224,0.004512932989004917,0.8042590753613593,0.8165783262412591,0.0041850558168988646,0.8198619008935825,0.452384101730825,0.005992169117993132,0.452883084862398,-0.18783889103675128,-0.046882312613620525,0.04598351854327548
113,0.8020285236025461,0.004623540481440912,0.8057486483504358,0.8166898119645919,0.004295804296689795,0.8223959646910467,0.45227971625772917,0.005809755098134768,0.4527562089329201,-0.19000078024387446,-0.050686499065480284,0.0482833858976313
114,0.7986001245460592,0.005457690198224479,0.8010040825333775,0.8149250218268845,0.006121132962575476,0.8185339840016099,0.45634440463019665,0.005169009426930825,0.45648668542943494,-0.18066853749860823,-0.044726566775611265,0.049368286198353054
115,0.8020285236025461,0.004689567243502824,0.8042039059913936,0.8165591632808142,0.005075354662496,0.8212540921682197,0.45402182720554246,0.005052319895928109,0.4544728245440537,-0.18510913332439116,-0.046242117626342005,0.048121670587912044
116,0.7661132659108122,0.0038812192655205482,0.7676817830740373,0.8015278018277298,0.0029648329339724646,0.8045304739358492,0.5412721287914761,0.0012603192606184534,0.5455608118286687,-0.11244914168790421,-0.011835434254911292,0.06686235519006692
117,0.7964249125551311,0.004602396598899286,0.7993490014344036,0.8091238943184103,0.00471716792032928,0.8183407422206683,0.49354524044617476,0.0025937727107754114,0.49341609278475823,-0.16636991099083082,-0.030874207302437062,0.04991564313576306
118,0.49550827994803137,0.024848660118565888,0.526922652543308,0.27462732843680876,0.376048957124236,0.6901759583769917,0.6931557420302646,0.00011901534142503534,0.6917356450378822,0.0,0.0,0.0
119,0.7810326309053747,0.005309666505256036,0.7766192210084961,0.7919429452790404,0.004978942887554886,0.812120087234931,0.6199876811392111,0.000589916184912409,0.6190568745191017,-0.12568172712680015,-0.007555622032582643,0.053227623608291086
120,0.7961410289421013,0.0076124907867613795,0.8038728897715988,0.8110038327652642,0.007966560988718594,0.8240011881776326,0.45979165266782884,0.00660732064751603,0.45861189306220934,-0.1818253147933362,-0.04442954176080094,0.04907180255900068
121,0.7926181455115827,0.007081327485785489,0.7964801941961823,0.8080441926793045,0.008965821537326283,0.80918636528216,0.466112517352392,0.00878728681516309,0.46944796697347146,-0.19235948377662576,-0.05744140723508584,0.04708343890520422
122,0.8012246852111912,0.0037392818992052004,0.8043694141012909,0.8149652857741638,0.0026111774472628783,0.8212701612903225,0.4535063426455163,0.004998431091413943,0.4538682276088222,-0.18369264002089997,-0.0438948002974493,0.04744026456485588
123,0.8016501947510241,0.005127100440640785,0.8044797528412225,0.8165469058503396,0.004671518854977572,0.8213349465618068,0.45421801268098994,0.006851655437831082,0.4539235599573333,-0.18325605412262452,-0.04281278060064053,0.046891057537655226
124,0.8019339693436224,0.004512932989004917,0.8042590753613593,0.8165783262412591,0.0041850558168988646,0.8198619008935825,0.452384101730825,0.005992169117993132,0.452883084862398,-0.18783889103675128,-0.046882312613620525,0.04598351854327548
125,0.8020285236025461,0.004623540481440912,0.8057486483504358,0.8166898119645919,0.004295804296689795,0.8223959646910467,0.45227971625772917,0.005809755098134768,0.4527562089329201,-0.19000078024387446,-0.050686499065480284,0.0482833858976313
126,0.7986001245460592,0.005457690198224479,0.8010040825333775,0.8149250218268845,0.006121132962575476,0.8185339840016099,0.45634440463019665,0.005169009426930825,0.45648668542943494,-0.18066853749860823,-0.044726566775611265,0.049368286198353054
127,0.8020285236025461,0.004689567243502824,0.8042039059913936,0.8165591632808142,0.005075354662496,0.8212540921682197,0.45402182720554246,0.005052319895928109,0.4544728245440537,-0.18510913332439116,-0.046242117626342005,0.048121670587912044
128,0.7661132659108122,0.0038812192655205482,0.7676817830740373,0.8015278018277298,0.0029648329339724646,0.8045304739358492,0.5412721287914761,0.0012603192606184534,0.5455608118286687,-0.11244914168790421,-0.011835434254911292,0.06686235519006692
129,0.7964249125551311,0.004602396598899286,0.7993490014344036,0.8091238943184103,0.00471716792032928,0.8183407422206683,0.49354524044617476,0.0025937727107754114,0.49341609278475823,-0.16636991099083082,-0.030874207302437062,0.04991564313576306
130,0.49550827994803137,0.024848660118565888,0.526922652543308,0.27462732843680876,0.376048957124236,0.6901759583769917,0.6931557420302646,0.00011901534142503534,0.6917356450378822,0.0,0.0,0.0
131,0.7810326309053747,0.005309666505256036,0.7766192210084961,0.7919429452790404,0.004978942887554886,0.812120087234931,0.6199876811392111,0.000589916184912409,0.6190568745191017,-0.12568172712680015,-0.007555622032582643,0.053227623608291086
132,0.7961410289421013,0.0076124907867613795,0.8038728897715988,0.8110038327652642,0.007966560988718594,0.8240011881776326,0.45979165266782884,0.00660732064751603,0.45861189306220934,-0.1818253147933362,-0.04442954176080094,0.04907180255900068
133,0.7926181455115827,0.007081327485785489,0.7964801941961823,0.8080441926793045,0.008965821537326283,0.80918636528216,0.466112517352392,0.00878728681516309,0.46944796697347146,-0.19235948377662576,-0.05744140723508584,0.04708343890520422
134,0.8012246852111912,0.0037392818992052004,0.8043694141012909,0.8149652857741638,0.0026111774472628783,0.8212701612903225,0.4535063426455163,0.004998431091413943,0.4538682276088222,-0.18369264002089997,-0.0438948002974493,0.04744026456485588
135,0.8016501947510241,0.005127100440640785,0.8044797528412225,0.8165469058503396,0.004671518854977572,0.8213349465618068,0.45421801268098994,0.006851655437831082,0.4539235599573333,-0.18325605412262452,-0.04281278060064053,0.046891057537655226
136,0.8019339693436224,0.004512932989004917,0.8042590753613593,0.8165783262412591,0.0041850558168988646,0.8198619008935825,0.452384101730825,0.005992169117993132,0.452883084862398,-0.18783889103675128,-0.046882312613620525,0.04598351854327548
137,0.8020285236025461,0.004623540481440912,0.8057486483504358,0.8166898119645919,0.004295804296689795,0.8223959646910467,0.45227971625772917,0.005809755098134768,0.4527562089329201,-0.19000078024387446,-0.050686499065480284,0.0482833858976313
138,0.7986001245460592,0.005457690198224479,0.8010040825333775,0.8149250218268845,0.006121132962575476,0.8185339840016099,0.45634440463019665,0.005169009426930825,0.45648668542943494,-0.18066853749860823,-0.044726566775611265,0.049368286198353054
139,0.8020285236025461,0.004689567243502824,0.8042039059913936,0.8165591632808142,0.005075354662496,0.8212540921682197,0.45402182720554246,0.005052319895928109,0.4544728245440537,-0.18510913332439116,-0.046242117626342005,0.048121670587912044
140,0.7661132659108122,0.0038812192655205482,0.7676817830740373,0.8015278018277298,0.0029648329339724646,0.8045304739358492,0.5412721287914761,0.0012603192606184534,0.5455608118286687,-0.11244914168790421,-0.011835434254911292,0.06686235519006692
141,0.7964249125551311,0.004602396598899286,0.7993490014344036,0.8091238943184103,0.00471716792032928,0.8183407422206683,0.49354524044617476,0.0025937727107754114,0.49341609278475823,-0.16636991099083082,-0.030874207302437062,0.04991564313576306
142,0.49550827994803137,0.024848660118565888,0.526922652543308,0.27462732843680876,0.376048957124236,0.6901759583769917,0.6931557420302646,0.00011901534142503534,0.6917356450378822,0.0,0.0,0.0
143,0.7810326309053747,0.005309666505256036,0.7766192210084961,0.7919429452790404,0.004978942887554886,0.812120087234931,0.6199876811392111,0.000589916184912409,0.6190568745191017,-0.12568172712680015,-0.007555622032582643,0.053227623608291086
