id_scenario,acc_train_mean,acc_train_sd,acc_test,f1_train_mean,f1_train_sd,f1_test,log_loss_train_mean,log_loss_train_sd,log_loss_test,demp,eqopp,eqodd
0,0.815742142191659,0.0015604675384906187,0.8204237007613373,0.8251941566121412,0.0013690878286931245,0.8311459251958292,0.4267824798989,0.00334921994917943,0.42598681945491274,-0.3559685149679706,-0.2453639265241121,0.17312595501328326
1,0.815742142191659,0.0015604675384906187,0.82025819265144,0.8251941566121412,0.0013690878286931245,0.8310165975103734,0.42678254827782164,0.003348673503382523,0.4260538880761036,-0.3562959543916772,-0.2453639265241121,0.17363460201226597
2,0.8156475683649655,0.0016237798083498253,0.8200375151715767,0.8251361378084738,0.0013873916769989642,0.8308968377397615,0.4268151954848979,0.003360257106618313,0.4260950124889733,-0.35518038098694715,-0.24446518476257817,0.17256311950689893
3,0.815742142191659,0.0015604675384906187,0.8204237007613373,0.8251941566121412,0.0013690878286931245,0.8311459251958292,0.4268022302569207,0.003346324680586858,0.4260028817120173,-0.3559685149679706,-0.2453639265241121,0.17312595501328326
4,0.8153165320175816,0.0021838170582190127,0.8178307403729449,0.8253935276527388,0.0020288114629520844,0.8299866131191432,0.4269962771496562,0.003407784368417142,0.42632196505116876,-0.34001340441442696,-0.231145011180388,0.15748468077547736
5,0.8157184987349856,0.0016041055425709946,0.8198168376917135,0.8252532714637423,0.001522420312513567,0.830689476412649,0.4269691334951949,0.0033588450247019033,0.4261907149169807,-0.355401084801989,-0.24506434593693405,0.17294337600450918
6,0.8143235180188829,0.002120295327852857,0.8156239655743132,0.8258568313217794,0.0019063767998546732,0.8288961703870571,0.43122322578105443,0.0032163298249246607,0.4304146065722614,-0.32972843129777346,-0.21835702348918173,0.14804311448218338
7,0.815576632404154,0.0016843270781963379,0.818106587222774,0.8254557143161032,0.0015665471848575817,0.829884938857644,0.42927616194883506,0.003205238569018665,0.42844609738504746,-0.3459114782640713,-0.23653746174959112,0.16377551964567322
8,0.7662787840845041,0.0037442349200112585,0.7676817830740373,0.8016801314574421,0.0028347633445667407,0.8045304739358492,0.5292410384412017,0.0019657524211663924,0.529381795102704,-0.11244914168790421,-0.011835434254911292,0.06686235519006692
9,0.8111078988908736,0.002190168898562232,0.812148295266468,0.8226487684082407,0.0022385606115458458,0.8257866462010744,0.4684248064312765,0.0021569061048906744,0.4678214185205594,-0.3549833474916913,-0.2424257415764719,0.17866617369074844
10,0.5226746116657285,5.318110650877852e-05,0.526922652543308,0.686521738374697,4.587353823428771e-05,0.6901759583769917,0.6923432430618983,2.4977418557149654e-06,0.6920344878963276,0.0,0.0,0.0
11,0.7965432416543252,0.00402739424796933,0.7964801941961823,0.8171769896822088,0.0034518835373193125,0.8193880048959609,0.605718786818198,0.0007241824985963863,0.6054205061355633,-0.3510534168983289,-0.20380940367695743,0.18955366898792306
12,0.8160731282219207,0.0024703091689085755,0.8207547169811321,0.8253273358377223,0.0023935151741758666,0.8316318598745919,0.42533931440825284,0.003823740568697569,0.4248788107977794,-0.34910258804263106,-0.23686404461084276,0.16541125945426416
13,0.8160731282219207,0.0024703091689085755,0.8207547169811321,0.8253273358377223,0.0023935151741758666,0.8316318598745919,0.4253391235563177,0.0038235108218339043,0.4248783926713019,-0.34910258804263106,-0.23686404461084276,0.16541125945426416
14,0.8160494763790602,0.0026347454708922666,0.8206995476111663,0.8253247660826206,0.002520714502814125,0.8315887656751995,0.42534455845170627,0.0038209211629132277,0.4248852816196635,-0.3489910307021581,-0.23686404461084276,0.1653223863650356
15,0.8160731282219207,0.0024703091689085755,0.8207547169811321,0.8253273358377223,0.0023935151741758666,0.8316318598745919,0.42534230282362684,0.0038187462921020323,0.42488082517914755,-0.34910258804263106,-0.23686404461084276,0.16541125945426416
16,0.8152692534904219,0.002079840465325366,0.8192651439920556,0.8250983039233392,0.002004819928324773,0.830452334126902,0.4254789024537807,0.0037861109317688353,0.4250077165482809,-0.34675506216088975,-0.23808469205401184,0.1637108828559056
17,0.8160967716785941,0.002532102583545596,0.8205340395012689,0.8253693931744429,0.002450562911040226,0.8314769724913226,0.42539394556962123,0.0037721908088578374,0.4249261792652133,-0.34909535544491876,-0.2370249974516604,0.16556421460630905
18,0.8125739050204496,0.0025097436586582035,0.812148295266468,0.8238469556449528,0.0024468432372333616,0.8248907174080741,0.4291449885702116,0.0034406046107935415,0.4288153180222413,-0.33656477032338045,-0.2366807666755678,0.15723777479056147
19,0.8159549193247408,0.002179111077492937,0.8203133620214057,0.8259456546661397,0.0021459414191478863,0.8314967147808993,0.42734815112874125,0.0033993454576720403,0.4268898567371858,-0.3501675332633744,-0.23741387841666772,0.16700977963927885
20,0.7662314971711573,0.003674063890076031,0.7676817830740373,0.8016478375200976,0.0027785515360375045,0.8045304739358492,0.5286930227404036,0.001779885465276611,0.529407025682307,-0.11244914168790421,-0.011835434254911292,0.06686235519006692
21,0.8116044254579927,0.002138568955358447,0.8125344808562286,0.8232766117650517,0.0021255212681099353,0.8261181045952308,0.4677369570650696,0.0021677552534379078,0.4674138802597422,-0.35686294621840337,-0.2436687141140983,0.18050729167237303
22,0.5226746116657285,5.318110650877852e-05,0.526922652543308,0.686521738374697,4.587353823428771e-05,0.6901759583769917,0.6921191235563987,5.229714729644232e-06,0.6917258746047359,0.0,0.0,0.0
23,0.7912941846181619,0.00451733271795425,0.7907977490897053,0.8160038673877599,0.003736462115949004,0.8168646769052449,0.606035497272845,0.0005613954251622493,0.6055328803698733,-0.34928011544102633,-0.19326540139796555,0.1928018215165983
24,0.8156948468921252,0.0015193795990816696,0.8175548935231159,0.8249636918314059,0.0018673387901295484,0.8293865758654493,0.4255573768990119,0.003890531016667212,0.4253365567481533,-0.33972936057699477,-0.230827782678369,0.15728637650801686
25,0.8157657856483324,0.001397558679958633,0.8176100628930818,0.8250429750501946,0.0017638093596807696,0.8294469665703673,0.4255600697003449,0.003896901678024287,0.42532844349163873,-0.33961780323652174,-0.23052820209119107,0.1571365862144279
26,0.815742133805472,0.0018353106618041342,0.8175548935231159,0.8250196517629046,0.00192502170773868,0.8294041784885221,0.42548296959283866,0.003876622426540888,0.42537033088479176,-0.3395062458960487,-0.23052820209119107,0.15704771312519927
27,0.815742142191659,0.001387429110448829,0.8176100628930818,0.8250324627463369,0.0017340945653829963,0.829429367454339,0.4255597071605841,0.003890482428434878,0.4253249546344651,-0.33984091791746773,-0.230827782678369,0.15737524959724541
28,0.8145835904514986,0.0015973726572145678,0.8178859097429108,0.8238109124355454,0.0018721890714867252,0.8299067346833617,0.4255375016024329,0.003875824348533714,0.42545602270820043,-0.3374933920357265,-0.2267946072986955,0.15472835310401234
29,0.8153638524756766,0.001443775211510872,0.8175548935231159,0.8242879466757006,0.0016847347217647378,0.8294041784885221,0.4254855464604055,0.003820839217076881,0.4253157437516715,-0.33994765352613254,-0.23098873551918675,0.1575364019280866
30,0.8141107269088227,0.003156682252080288,0.8176652322630475,0.8255073702783591,0.003326910564804068,0.8310586310893012,0.4295267836116973,0.0033440478195471642,0.4292642537062463,-0.3247252270378173,-0.2077107500971358,0.14143606452050927
31,0.8163332090407234,0.002839351369045229,0.8161756592739711,0.8262049151711166,0.0031117113745654013,0.8288297544436453,0.4276866930941178,0.0036267699898879465,0.4276493881366074,-0.3326771394681542,-0.22260047907820413,0.15069937668959638
32,0.7663024359273646,0.003553417001363301,0.7701092353525323,0.8016553991493723,0.002767268613370341,0.8057433219896508,0.5285099830052195,0.004370494182656853,0.5291385702465602,-0.12271241701142044,-0.01902536834718216,0.0644139521686588
33,0.8121009045033852,0.003911590823894257,0.8096105042480415,0.8242851361744129,0.0040550489116609615,0.8233969602374493,0.46780955134115676,0.0022972261486926358,0.4688794470937039,-0.34748423951207585,-0.2342571197040706,0.17219868370296862
34,0.5226746116657285,5.318110650877852e-05,0.526922652543308,0.686521738374697,4.587353823428771e-05,0.6901759583769917,0.6921638042062574,8.712188677550098e-05,0.6917733970711559,0.0,0.0,0.0
35,0.7918852011501041,0.007371721289041711,0.7877082643716209,0.8154243026354827,0.00441853982562056,0.8101628021706956,0.6035112221851906,0.0012257325235008106,0.6039796067332308,-0.35024709183821073,-0.20893501391629699,0.19426452672914102
36,0.8138742000940316,0.004361221156196177,0.8182169259627055,0.8239818109586537,0.005277232081832264,0.827006877723526,0.4288153730217132,0.004205769867860679,0.42876183148402364,-0.38626148339264066,-0.28488623893714426,0.2072737627409727
37,0.8133067655200578,0.0036257043702255494,0.8114310934569128,0.8232735490610755,0.004340482371974948,0.8229565938050347,0.4290436323463575,0.00387637303184621,0.43220227525258165,-0.33573915833602913,-0.2175403493534933,0.15765974626204607
38,0.813637790685859,0.003209167635272137,0.8128654970760234,0.8229170395917891,0.0029327154355395036,0.823056859676578,0.4284771433195223,0.00384184916814187,0.43196126651416683,-0.33634450484759376,-0.216517011384448,0.15711097901613302
39,0.8132831192679888,0.00365579507003382,0.8114310934569128,0.8232471118082272,0.0043679382109719795,0.8229565938050347,0.42903843299056355,0.0038740396090360166,0.43219527054787404,-0.33573915833602913,-0.2175403493534933,0.15765974626204607
40,0.814134317252978,0.0031148413378557526,0.8106035529074258,0.8234161416011291,0.0033475371041226287,0.8225381235461359,0.42786253501157007,0.004858004007898919,0.4318772073612867,-0.3179254893400276,-0.1987477791835034,0.13862806927897386
41,0.813212186102573,0.003573129241752546,0.8113759240869469,0.823207458203949,0.004312661846867469,0.822822200342022,0.42901480584149093,0.003858603463545216,0.43214730399455487,-0.33696387821532797,-0.219038252289383,0.15902261217579472
42,0.8129047624625099,0.004721552805501846,0.8090588105483836,0.8241746900807003,0.0060385456170830186,0.8215151358877829,0.4298679011627964,0.0052468568323679144,0.43408637915463577,-0.3145594821986045,-0.20342008874683115,0.13560854304806436
43,0.8135431944960001,0.004095206937503698,0.8114310934569128,0.8240987011093105,0.005187787192972289,0.8231581125827815,0.43130708705628984,0.003881598558510597,0.43323172810320676,-0.340568122742005,-0.2216134977424652,0.16311189198613885
44,0.7715044045232745,0.005245537287656899,0.7923424914487477,0.8027401538985284,0.0019993465431131156,0.812006792528219,0.5199882994681362,0.0014896020113819442,0.5144153869646476,-0.29426656637464504,-0.1952763475412549,0.12569518804227736
45,0.8085543468668408,0.004193473291315875,0.8091691492883152,0.8203673966580606,0.006370099521387759,0.8185109397135212,0.47352608239814975,0.006932810768438978,0.46395947366972595,-0.4151592179677014,-0.30719383013467283,0.24626897475437054
46,0.5226746116657285,5.318110650877852e-05,0.526922652543308,0.686521738374697,4.587353823428771e-05,0.6901759583769917,0.6923090431885384,0.0002678693070876368,0.6917086718422201,0.0,0.0,0.0
47,0.7932093549258268,0.004152511973665075,0.7841222553238442,0.8126479408394602,0.005313331816319587,0.8026627666548994,0.6110510090961707,0.007267870355159249,0.6020088421041113,-0.39039502257008823,-0.23222809168082115,0.24148401887530874
48,0.8059772939513145,0.0045189903798165685,0.7958181617565927,0.8085615487248302,0.008915270662701208,0.810951626909128,0.44413953204467643,0.004629764136365128,0.44540287149565383,-0.49884366104452743,-0.3574978612752384,0.35187177970694405
49,0.7909630001148069,0.008968402522571854,0.799514509544301,0.8081538713439811,0.008968217392467054,0.8166128381106177,0.47314890917976804,0.004823791047292732,0.47288009681831134,-0.3682299597867567,-0.21126574413397303,0.20573184697361402
50,0.8000662564684408,0.00757772792106086,0.7988524771047114,0.8188873728695677,0.005298064666507416,0.812506428057184,0.4521464350297198,0.01110691999817892,0.4576926770162957,-0.4311351496358716,-0.31638111279650305,0.27264728174345826
51,0.7909630001148069,0.009022390424377235,0.7995696789142668,0.8081636853009982,0.008977006733003313,0.8166725538678913,0.4730388636681165,0.004813579934180474,0.4726760095082782,-0.36833910626132554,-0.21142669697479066,0.20581232339402283
52,0.8014374958890212,0.0073184614466737085,0.7870462319320314,0.8128156803188615,0.012166402256362481,0.7969703345255629,0.4507606856171488,0.007636346053589768,0.47764769922064443,-0.3568397142378727,-0.25179798981570656,0.19715523184585984
53,0.7906083482647064,0.00908349918367467,0.7988524771047114,0.8079281479657201,0.008940196019241224,0.8161742462438236,0.4720145103666527,0.0047327135774199065,0.4708029165316527,-0.3688703734387451,-0.21128806922843024,0.20699413407130873
54,0.8022170786320485,0.017949709351822288,0.8107138916473574,0.8109347359488265,0.022595403654159324,0.8235173087804126,0.44980766854761867,0.02828547920625965,0.43257180707212706,-0.33590748061006304,-0.21354246980350156,0.15890423726193553
55,0.7865416094227868,0.01049635386503069,0.793059693258303,0.8030028096425817,0.011625832559802547,0.8127215537470668,0.4670445025844727,0.006119569059197323,0.4629198178096067,-0.369187073550697,-0.20057014337339596,0.21259588411511582
56,0.7490875618841202,0.05083209118525428,0.7743572768398985,0.7542175703109927,0.10121554138673516,0.8114512262585285,0.5365298855970833,0.016631088365109452,0.5228363021101754,-0.1256221129880798,-0.019748064925425024,0.0643102311078394
57,0.7845319435595076,0.012627349268799666,0.7713781308617456,0.7939437509536537,0.01565713814007202,0.8070404172099087,0.4809515550845648,0.012928518799229322,0.5074204488301546,-0.19959756072971213,-0.0970341184340957,0.05802491265679505
58,0.5045164369405837,0.024843059245425923,0.526922652543308,0.411905070558794,0.3760161651226904,0.6901759583769917,0.6939373677093853,0.0004337319054199281,0.7048255664368983,0.0,0.0,0.0
59,0.6766210855969446,0.05753068491740571,0.5898157343043142,0.7184569532753684,0.03436851609214974,0.7167295309940184,0.6352051904216814,0.033376077291636205,0.6229600696838006,-0.10920652704684708,-0.024096781164988035,0.07818380170777739
60,0.7732537240051613,0.010053965626461388,0.7214498510427011,0.7841467681712031,0.01429301817466343,0.7136294027565084,0.720139360511094,0.07596693219594772,0.7996845756090237,-0.15843640880921633,-0.07352666190076529,0.053625138691099125
61,0.7452596392860549,0.013796097416180994,0.7960388392364559,0.7550296567259839,0.0062587031658900205,0.802689864973048,1.641853738388548,0.2332944296639654,1.5828690390201683,-0.4157680711933085,-0.32015424663317815,0.2549313202178867
62,0.7765884437615728,0.03051529735978279,0.7743572768398985,0.7971896031378258,0.021483131970074718,0.8135315036017141,0.6849192577546328,0.1541761258218249,0.6413623549203146,-0.14960781786828614,-0.04843402722427137,0.06614886805386741
63,0.75899699917069,0.020215286361100496,0.7150502041266689,0.763875877374995,0.016960401628075824,0.724988019807252,1.523626723265055,0.3578996767999305,1.8313978040441483,-0.40534195283644947,-0.29075450815020243,0.30277128414211196
64,0.76533409409095,0.02998351187315837,0.7745227849497959,0.7541394455954606,0.053735642029375294,0.7645872933586774,0.7002051960527061,0.19267833960128497,0.6719578925159414,-0.5085774225476453,-0.5377094954557584,0.3628163562409869
65,0.7480971280356354,0.020744062222607662,0.6602118503806687,0.7519790081333658,0.011337764091364489,0.6862934854581573,1.5299877843692264,0.17391840921645974,1.922380999432901,0.11985663676316266,0.2816028588464802,0.2359958393812693
66,0.7452809653597083,0.05127534103130589,0.6854242524550369,0.7207672206767375,0.08472308936522227,0.7637358084030826,0.6135141467404084,0.07945595512845657,0.8017385911037466,-0.3952476572958501,-0.10035949670461353,0.3352846185975965
67,0.707003807971859,0.021758631383609787,0.7116297031887896,0.7132824655268478,0.010884089607023584,0.7288197146562905,1.4809414132931602,0.2644890283909232,1.7544979509643346,-0.38753157138486277,-0.25828244127945654,0.2874123187012522
68,0.5964688226304947,0.10912876685978216,0.526922652543308,0.7035959072355404,0.05612378396168258,0.6901759583769917,0.7174834777819246,0.13893590011625984,0.7024090790920889,0.0,0.0,0.0
69,0.5706472523454837,0.08676131270819287,0.5983669866490124,0.5089555089669618,0.17572254365920584,0.6119402985074627,1.5161888956242773,0.5582754301111922,1.171306545499503,0.2535439728790736,0.32141308300682286,0.3475489062593037
70,0.4954609930346846,0.024837916894953203,0.526922652543308,0.2746069339128313,0.3760210308507212,0.6901759583769917,0.8683041588289274,0.1510343261992667,0.7126643276375885,0.0,0.0,0.0
71,0.5079713055987778,0.12285622609863299,0.453437051748869,0.4324012913330817,0.2276220041834088,0.5419999075401045,1.1762646827090562,0.8812726918694246,1.1650484120510536,0.30346292395076924,0.2571050939114983,0.29973441257819167
72,0.8096418340579884,0.005654247547727649,0.8162859980139027,0.8166505762848151,0.010452861840420652,0.8265263596582622,0.4365063987922961,0.005415056352647881,0.4290193958416267,-0.36632888243653505,-0.2613626774760627,0.1870772357125129
73,0.8042982758754194,0.008317181219656227,0.8154584574644158,0.8139450956045012,0.007536894832540513,0.8271228487260324,0.44056137948540924,0.01008805054068858,0.4296132893325262,-0.3664755069174318,-0.2586524206526122,0.18833522927227667
74,0.812952169577871,0.0023493442400208766,0.8149067637647578,0.8232333097706435,0.004291078909499458,0.8262288289221525,0.42836819187993014,0.004563701187506602,0.428786642065115,-0.38440314411981036,-0.26920471648721245,0.20898813941726624
75,0.8149382031660596,0.00237964721948401,0.8147964250248262,0.8251957428818931,0.0017911266826379551,0.8262692128551468,0.4266793010204355,0.00439699691503668,0.4293929752635004,-0.3850459686377029,-0.268028719232958,0.2099260817870871
76,0.8160258301269911,0.002706119893973143,0.8183824340726029,0.8254885299676024,0.0029817858462382013,0.8277882402176187,0.4257575646835212,0.004137160898929004,0.4252992626724033,-0.35892138736127654,-0.25890373467488337,0.176878061687488
77,0.8160021922611091,0.002736650842955863,0.8187134502923976,0.8254617186593584,0.003044274072444527,0.8280481423338566,0.4257152660731523,0.004140515217893033,0.4252862331325691,-0.3611356581094078,-0.25936426810287916,0.17919209947019427
78,0.8117700274935551,0.0034016493518473356,0.8171135385633896,0.8228352884477667,0.003522944010878017,0.8304954747660683,0.4295767815045977,0.003293074308677885,0.42889598263137824,-0.3240703481904041,-0.20642312737059476,0.14113135115656056
79,0.8159312954358373,0.0021778975244683436,0.8205892088712347,0.8259880906762002,0.0022504937722586044,0.8316770186335404,0.4272922142583608,0.003422287235097009,0.42687091405450317,-0.3513922531426733,-0.23847357301901917,0.16816173856505465
80,0.7662314971711573,0.003674063890076031,0.7676817830740373,0.8016478375200976,0.0027785515360375045,0.8045304739358492,0.5294481731056113,0.0009662194041939016,0.5323667613046503,-0.11244914168790421,-0.011835434254911292,0.06686235519006692
81,0.8115098432451122,0.002220999305285679,0.8120931258965023,0.8231786360992438,0.002319464773552143,0.8257978723404255,0.467764752223639,0.002122319682807596,0.4673645248221623,-0.35398174229333845,-0.24152699981493797,0.1776028883641777
82,0.5226746116657285,5.318110650877852e-05,0.526922652543308,0.686521738374697,4.587353823428771e-05,0.6901759583769917,0.6922599350627174,0.0001703928542727908,0.6917356450378822,0.0,0.0,0.0
83,0.7969450574203625,0.008441874263737353,0.7821913273750414,0.8162112379470394,0.003789173827813118,0.815410510566673,0.6058282247736407,0.0005886751139595874,0.6052928773830347,-0.3341122621899955,-0.15638424891776337,0.18493150733427602
84,0.8096418340579884,0.005654247547727649,0.8162859980139027,0.8166505762848151,0.010452861840420652,0.8265263596582622,0.4365063987922961,0.005415056352647881,0.4290193958416267,-0.36632888243653505,-0.2613626774760627,0.1870772357125129
85,0.8042982758754194,0.008317181219656227,0.8154584574644158,0.8139450956045012,0.007536894832540513,0.8271228487260324,0.44056137948540924,0.01008805054068858,0.4296132893325262,-0.3664755069174318,-0.2586524206526122,0.18833522927227667
86,0.812952169577871,0.0023493442400208766,0.8149067637647578,0.8232333097706435,0.004291078909499458,0.8262288289221525,0.42836819187993014,0.004563701187506602,0.428786642065115,-0.38440314411981036,-0.26920471648721245,0.20898813941726624
87,0.8149382031660596,0.00237964721948401,0.8147964250248262,0.8251957428818931,0.0017911266826379551,0.8262692128551468,0.4266793010204355,0.00439699691503668,0.4293929752635004,-0.3850459686377029,-0.268028719232958,0.2099260817870871
88,0.8160258301269911,0.002706119893973143,0.8183824340726029,0.8254885299676024,0.0029817858462382013,0.8277882402176187,0.4257575646835212,0.004137160898929004,0.4252992626724033,-0.35892138736127654,-0.25890373467488337,0.176878061687488
89,0.8160021922611091,0.002736650842955863,0.8187134502923976,0.8254617186593584,0.003044274072444527,0.8280481423338566,0.4257152660731523,0.004140515217893033,0.4252862331325691,-0.3611356581094078,-0.25936426810287916,0.17919209947019427
90,0.8117700274935551,0.0034016493518473356,0.8171135385633896,0.8228352884477667,0.003522944010878017,0.8304954747660683,0.4295767815045977,0.003293074308677885,0.42889598263137824,-0.3240703481904041,-0.20642312737059476,0.14113135115656056
91,0.8159312954358373,0.0021778975244683436,0.8205892088712347,0.8259880906762002,0.0022504937722586044,0.8316770186335404,0.4272922142583608,0.003422287235097009,0.42687091405450317,-0.3513922531426733,-0.23847357301901917,0.16816173856505465
92,0.7662314971711573,0.003674063890076031,0.7676817830740373,0.8016478375200976,0.0027785515360375045,0.8045304739358492,0.5294481731056113,0.0009662194041939016,0.5323667613046503,-0.11244914168790421,-0.011835434254911292,0.06686235519006692
93,0.8115098432451122,0.002220999305285679,0.8120931258965023,0.8231786360992438,0.002319464773552143,0.8257978723404255,0.467764752223639,0.002122319682807596,0.4673645248221623,-0.35398174229333845,-0.24152699981493797,0.1776028883641777
94,0.5226746116657285,5.318110650877852e-05,0.526922652543308,0.686521738374697,4.587353823428771e-05,0.6901759583769917,0.6922599350627174,0.0001703928542727908,0.6917356450378822,0.0,0.0,0.0
95,0.7969450574203625,0.008441874263737353,0.7821913273750414,0.8162112379470394,0.003789173827813118,0.815410510566673,0.6058282247736407,0.0005886751139595874,0.6052928773830347,-0.3341122621899955,-0.15638424891776337,0.18493150733427602
96,0.8096418340579884,0.005654247547727649,0.8162859980139027,0.8166505762848151,0.010452861840420652,0.8265263596582622,0.4365063987922961,0.005415056352647881,0.4290193958416267,-0.36632888243653505,-0.2613626774760627,0.1870772357125129
97,0.8042982758754194,0.008317181219656227,0.8154584574644158,0.8139450956045012,0.007536894832540513,0.8271228487260324,0.44056137948540924,0.01008805054068858,0.4296132893325262,-0.3664755069174318,-0.2586524206526122,0.18833522927227667
98,0.812952169577871,0.0023493442400208766,0.8149067637647578,0.8232333097706435,0.004291078909499458,0.8262288289221525,0.42836819187993014,0.004563701187506602,0.428786642065115,-0.38440314411981036,-0.26920471648721245,0.20898813941726624
99,0.8149382031660596,0.00237964721948401,0.8147964250248262,0.8251957428818931,0.0017911266826379551,0.8262692128551468,0.4266793010204355,0.00439699691503668,0.4293929752635004,-0.3850459686377029,-0.268028719232958,0.2099260817870871
100,0.8160258301269911,0.002706119893973143,0.8183824340726029,0.8254885299676024,0.0029817858462382013,0.8277882402176187,0.4257575646835212,0.004137160898929004,0.4252992626724033,-0.35892138736127654,-0.25890373467488337,0.176878061687488
101,0.8160021922611091,0.002736650842955863,0.8187134502923976,0.8254617186593584,0.003044274072444527,0.8280481423338566,0.4257152660731523,0.004140515217893033,0.4252862331325691,-0.3611356581094078,-0.25936426810287916,0.17919209947019427
102,0.8117700274935551,0.0034016493518473356,0.8171135385633896,0.8228352884477667,0.003522944010878017,0.8304954747660683,0.4295767815045977,0.003293074308677885,0.42889598263137824,-0.3240703481904041,-0.20642312737059476,0.14113135115656056
103,0.8159312954358373,0.0021778975244683436,0.8205892088712347,0.8259880906762002,0.0022504937722586044,0.8316770186335404,0.4272922142583608,0.003422287235097009,0.42687091405450317,-0.3513922531426733,-0.23847357301901917,0.16816173856505465
104,0.7662314971711573,0.003674063890076031,0.7676817830740373,0.8016478375200976,0.0027785515360375045,0.8045304739358492,0.5294481731056113,0.0009662194041939016,0.5323667613046503,-0.11244914168790421,-0.011835434254911292,0.06686235519006692
105,0.8115098432451122,0.002220999305285679,0.8120931258965023,0.8231786360992438,0.002319464773552143,0.8257978723404255,0.467764752223639,0.002122319682807596,0.4673645248221623,-0.35398174229333845,-0.24152699981493797,0.1776028883641777
106,0.5226746116657285,5.318110650877852e-05,0.526922652543308,0.686521738374697,4.587353823428771e-05,0.6901759583769917,0.6922599350627174,0.0001703928542727908,0.6917356450378822,0.0,0.0,0.0
107,0.7969450574203625,0.008441874263737353,0.7821913273750414,0.8162112379470394,0.003789173827813118,0.815410510566673,0.6058282247736407,0.0005886751139595874,0.6052928773830347,-0.3341122621899955,-0.15638424891776337,0.18493150733427602
108,0.8096418340579884,0.005654247547727649,0.8162859980139027,0.8166505762848151,0.010452861840420652,0.8265263596582622,0.4365063987922961,0.005415056352647881,0.4290193958416267,-0.36632888243653505,-0.2613626774760627,0.1870772357125129
109,0.8042982758754194,0.008317181219656227,0.8154584574644158,0.8139450956045012,0.007536894832540513,0.8271228487260324,0.44056137948540924,0.01008805054068858,0.4296132893325262,-0.3664755069174318,-0.2586524206526122,0.18833522927227667
110,0.812952169577871,0.0023493442400208766,0.8149067637647578,0.8232333097706435,0.004291078909499458,0.8262288289221525,0.42836819187993014,0.004563701187506602,0.428786642065115,-0.38440314411981036,-0.26920471648721245,0.20898813941726624
111,0.8149382031660596,0.00237964721948401,0.8147964250248262,0.8251957428818931,0.0017911266826379551,0.8262692128551468,0.4266793010204355,0.00439699691503668,0.4293929752635004,-0.3850459686377029,-0.268028719232958,0.2099260817870871
112,0.8160258301269911,0.002706119893973143,0.8183824340726029,0.8254885299676024,0.0029817858462382013,0.8277882402176187,0.4257575646835212,0.004137160898929004,0.4252992626724033,-0.35892138736127654,-0.25890373467488337,0.176878061687488
113,0.8160021922611091,0.002736650842955863,0.8187134502923976,0.8254617186593584,0.003044274072444527,0.8280481423338566,0.4257152660731523,0.004140515217893033,0.4252862331325691,-0.3611356581094078,-0.25936426810287916,0.17919209947019427
114,0.8117700274935551,0.0034016493518473356,0.8171135385633896,0.8228352884477667,0.003522944010878017,0.8304954747660683,0.4295767815045977,0.003293074308677885,0.42889598263137824,-0.3240703481904041,-0.20642312737059476,0.14113135115656056
115,0.8159312954358373,0.0021778975244683436,0.8205892088712347,0.8259880906762002,0.0022504937722586044,0.8316770186335404,0.4272922142583608,0.003422287235097009,0.42687091405450317,-0.3513922531426733,-0.23847357301901917,0.16816173856505465
116,0.7662314971711573,0.003674063890076031,0.7676817830740373,0.8016478375200976,0.0027785515360375045,0.8045304739358492,0.5294481731056113,0.0009662194041939016,0.5323667613046503,-0.11244914168790421,-0.011835434254911292,0.06686235519006692
117,0.8115098432451122,0.002220999305285679,0.8120931258965023,0.8231786360992438,0.002319464773552143,0.8257978723404255,0.467764752223639,0.002122319682807596,0.4673645248221623,-0.35398174229333845,-0.24152699981493797,0.1776028883641777
118,0.5226746116657285,5.318110650877852e-05,0.526922652543308,0.686521738374697,4.587353823428771e-05,0.6901759583769917,0.6922599350627174,0.0001703928542727908,0.6917356450378822,0.0,0.0,0.0
119,0.7969450574203625,0.008441874263737353,0.7821913273750414,0.8162112379470394,0.003789173827813118,0.815410510566673,0.6058282247736407,0.0005886751139595874,0.6052928773830347,-0.3341122621899955,-0.15638424891776337,0.18493150733427602
120,0.8096418340579884,0.005654247547727649,0.8162859980139027,0.8166505762848151,0.010452861840420652,0.8265263596582622,0.4365063987922961,0.005415056352647881,0.4290193958416267,-0.36632888243653505,-0.2613626774760627,0.1870772357125129
121,0.8042982758754194,0.008317181219656227,0.8154584574644158,0.8139450956045012,0.007536894832540513,0.8271228487260324,0.44056137948540924,0.01008805054068858,0.4296132893325262,-0.3664755069174318,-0.2586524206526122,0.18833522927227667
122,0.812952169577871,0.0023493442400208766,0.8149067637647578,0.8232333097706435,0.004291078909499458,0.8262288289221525,0.42836819187993014,0.004563701187506602,0.428786642065115,-0.38440314411981036,-0.26920471648721245,0.20898813941726624
123,0.8149382031660596,0.00237964721948401,0.8147964250248262,0.8251957428818931,0.0017911266826379551,0.8262692128551468,0.4266793010204355,0.00439699691503668,0.4293929752635004,-0.3850459686377029,-0.268028719232958,0.2099260817870871
124,0.8160258301269911,0.002706119893973143,0.8183824340726029,0.8254885299676024,0.0029817858462382013,0.8277882402176187,0.4257575646835212,0.004137160898929004,0.4252992626724033,-0.35892138736127654,-0.25890373467488337,0.176878061687488
125,0.8160021922611091,0.002736650842955863,0.8187134502923976,0.8254617186593584,0.003044274072444527,0.8280481423338566,0.4257152660731523,0.004140515217893033,0.4252862331325691,-0.3611356581094078,-0.25936426810287916,0.17919209947019427
126,0.8117700274935551,0.0034016493518473356,0.8171135385633896,0.8228352884477667,0.003522944010878017,0.8304954747660683,0.4295767815045977,0.003293074308677885,0.42889598263137824,-0.3240703481904041,-0.20642312737059476,0.14113135115656056
127,0.8159312954358373,0.0021778975244683436,0.8205892088712347,0.8259880906762002,0.0022504937722586044,0.8316770186335404,0.4272922142583608,0.003422287235097009,0.42687091405450317,-0.3513922531426733,-0.23847357301901917,0.16816173856505465
128,0.7662314971711573,0.003674063890076031,0.7676817830740373,0.8016478375200976,0.0027785515360375045,0.8045304739358492,0.5294481731056113,0.0009662194041939016,0.5323667613046503,-0.11244914168790421,-0.011835434254911292,0.06686235519006692
129,0.8115098432451122,0.002220999305285679,0.8120931258965023,0.8231786360992438,0.002319464773552143,0.8257978723404255,0.467764752223639,0.002122319682807596,0.4673645248221623,-0.35398174229333845,-0.24152699981493797,0.1776028883641777
130,0.5226746116657285,5.318110650877852e-05,0.526922652543308,0.686521738374697,4.587353823428771e-05,0.6901759583769917,0.6922599350627174,0.0001703928542727908,0.6917356450378822,0.0,0.0,0.0
131,0.7969450574203625,0.008441874263737353,0.7821913273750414,0.8162112379470394,0.003789173827813118,0.815410510566673,0.6058282247736407,0.0005886751139595874,0.6052928773830347,-0.3341122621899955,-0.15638424891776337,0.18493150733427602
132,0.8096418340579884,0.005654247547727649,0.8162859980139027,0.8166505762848151,0.010452861840420652,0.8265263596582622,0.4365063987922961,0.005415056352647881,0.4290193958416267,-0.36632888243653505,-0.2613626774760627,0.1870772357125129
133,0.8042982758754194,0.008317181219656227,0.8154584574644158,0.8139450956045012,0.007536894832540513,0.8271228487260324,0.44056137948540924,0.01008805054068858,0.4296132893325262,-0.3664755069174318,-0.2586524206526122,0.18833522927227667
134,0.812952169577871,0.0023493442400208766,0.8149067637647578,0.8232333097706435,0.004291078909499458,0.8262288289221525,0.42836819187993014,0.004563701187506602,0.428786642065115,-0.38440314411981036,-0.26920471648721245,0.20898813941726624
135,0.8149382031660596,0.00237964721948401,0.8147964250248262,0.8251957428818931,0.0017911266826379551,0.8262692128551468,0.4266793010204355,0.00439699691503668,0.4293929752635004,-0.3850459686377029,-0.268028719232958,0.2099260817870871
136,0.8160258301269911,0.002706119893973143,0.8183824340726029,0.8254885299676024,0.0029817858462382013,0.8277882402176187,0.4257575646835212,0.004137160898929004,0.4252992626724033,-0.35892138736127654,-0.25890373467488337,0.176878061687488
137,0.8160021922611091,0.002736650842955863,0.8187134502923976,0.8254617186593584,0.003044274072444527,0.8280481423338566,0.4257152660731523,0.004140515217893033,0.4252862331325691,-0.3611356581094078,-0.25936426810287916,0.17919209947019427
138,0.8117700274935551,0.0034016493518473356,0.8171135385633896,0.8228352884477667,0.003522944010878017,0.8304954747660683,0.4295767815045977,0.003293074308677885,0.42889598263137824,-0.3240703481904041,-0.20642312737059476,0.14113135115656056
139,0.8159312954358373,0.0021778975244683436,0.8205892088712347,0.8259880906762002,0.0022504937722586044,0.8316770186335404,0.4272922142583608,0.003422287235097009,0.42687091405450317,-0.3513922531426733,-0.23847357301901917,0.16816173856505465
140,0.7662314971711573,0.003674063890076031,0.7676817830740373,0.8016478375200976,0.0027785515360375045,0.8045304739358492,0.5294481731056113,0.0009662194041939016,0.5323667613046503,-0.11244914168790421,-0.011835434254911292,0.06686235519006692
141,0.8115098432451122,0.002220999305285679,0.8120931258965023,0.8231786360992438,0.002319464773552143,0.8257978723404255,0.467764752223639,0.002122319682807596,0.4673645248221623,-0.35398174229333845,-0.24152699981493797,0.1776028883641777
142,0.5226746116657285,5.318110650877852e-05,0.526922652543308,0.686521738374697,4.587353823428771e-05,0.6901759583769917,0.6922599350627174,0.0001703928542727908,0.6917356450378822,0.0,0.0,0.0
143,0.7969450574203625,0.008441874263737353,0.7821913273750414,0.8162112379470394,0.003789173827813118,0.815410510566673,0.6058282247736407,0.0005886751139595874,0.6052928773830347,-0.3341122621899955,-0.15638424891776337,0.18493150733427602
