id_scenario,acc_train_mean,acc_train_sd,acc_test,f1_train_mean,f1_train_sd,f1_test,log_loss_train_mean,log_loss_train_sd,log_loss_test,demp,eqopp,eqodd
0,0.6159632613410003,0.005044750707722811,0.6540415704387991,0.4749557915586372,0.03459766187552175,0.5591524426133019,0.6599909436630675,0.0022874198469051412,0.6410365724346573,-0.3795081603462813,-0.40664413082747847,0.3544475871787959
1,0.6646886928534281,0.009981379704185054,0.6803695150115473,0.5870931799115019,0.01384770455785167,0.6218579234972678,0.6164892095211786,0.008322031898455602,0.5962997195156058,-0.35199067388996425,-0.3638858419745636,0.31828013028960733
2,0.6670643417166295,0.009282057023998364,0.684526558891455,0.5889935935175037,0.01345264907206904,0.6298102981029811,0.621737554446957,0.008980724828915536,0.5924659226557886,-0.29001146988642756,-0.303422375723274,0.2544616350888284
3,0.6666692833802706,0.012490313333469031,0.6946882217090069,0.5910698510925321,0.0169609761343986,0.638995084653195,0.619768207503242,0.01565776176855472,0.5996131891149469,-0.2531362970700585,-0.2655980492499153,0.2147683150244806
4,0.667061986674386,0.008035246542092882,0.684526558891455,0.5939049672582964,0.020384315230772988,0.6143421795595708,0.6181368800871098,0.008284832880348545,0.5951752788573584,-0.2774884703745805,-0.29956083657167093,0.2430049263359249
5,0.5369413888861632,0.05196760906325784,0.5381062355658198,0.15803670598191147,0.26707004238697496,0.0,0.6892048133670652,0.004645939778486674,0.7098078807886826,0.0,0.0,0.0
6,0.6425047836795572,0.006439197009587652,0.6480369515011547,0.47780956248308887,0.01778729823650218,0.5115384615384616,0.6442663962021267,0.0036589232760102053,0.6267090815922095,-0.39044124926179674,-0.476959211218444,0.3724465107970574
7,0.6676599711507325,0.010839046671941788,0.6849884526558891,0.5937014891275355,0.011355229292509811,0.6248624862486247,0.6109293237624387,0.006865867479761841,0.5920504658042144,-0.3224949733905462,-0.3172741692797638,0.2861341031252725
8,0.6605289032372018,0.01054559305838492,0.6919168591224019,0.5729379678812877,0.02163328383291498,0.6357181867831785,0.626867216106454,0.02129827909301283,0.5934445003519118,-0.2309645969666247,-0.223626747784814,0.19145708289658112
9,0.6468645556329666,0.014737156265964191,0.6688221709006928,0.5437887890564411,0.030703314013081958,0.5886402753872634,0.7133511184497688,0.051590389586346576,0.6694891552425077,-0.2517768082992821,-0.29401114830838493,0.2222739104690404
10,0.6623136327507875,0.014315143418717917,0.692378752886836,0.5813520178943872,0.03881252215832485,0.6442307692307693,0.624275740113951,0.004399242488186101,0.5950714689483854,-0.2020987161237246,-0.18713581445039323,0.16118120478035464
11,0.5587231745969443,0.07276906865446527,0.5381062355658198,0.32529980779898976,0.29857848208125737,0.0,0.689442475462623,0.02358863557629024,0.6945857569548729,0.0,0.0,0.0
12,0.655181387316135,0.00901218248264723,0.6623556581986143,0.5233974448969383,0.023540481518804158,0.5484867201976529,0.6295098399232067,0.00707811123063173,0.6139758339811122,-0.37995193571401753,-0.45818161059211626,0.3574151940855632
13,0.669837011451393,0.01089673286171152,0.6914549653579677,0.5968334931315566,0.017818106500234295,0.6400862068965516,0.6116376357729331,0.007387689816500197,0.590492569240513,-0.2945695549615793,-0.28141527244850933,0.25542886460827374
14,0.6535954626186108,0.010173091795702145,0.6734411085450347,0.5684834206700038,0.04496258056480427,0.5948424068767909,0.6604409652172448,0.04436131294219473,0.6258465241607978,-0.2443751472139441,-0.2433911408870531,0.21048507551210138
15,0.6452745096115162,0.015602366350073631,0.6632794457274827,0.5619730564920966,0.019060173790403062,0.5902192242833052,0.7416890512002338,0.0864776342056496,0.7393434491381288,-0.19060493409935786,-0.21315940776140824,0.1597699245127852
16,0.6589445485678399,0.01932445547497018,0.6882217090069284,0.5973122981457243,0.03281701027659642,0.6293245469522241,0.6299598523167773,0.016482717211232442,0.5970481059297402,-0.3049257358990377,-0.3179062057829301,0.268896454113886
17,0.5690205968069553,0.032816070737161813,0.5381062355658198,0.10105263157894737,0.22596055351576821,0.0,0.6896293395121954,0.011563281203655134,0.708715942941622,0.0,0.0,0.0
18,0.6621144354276856,0.013865336459449753,0.679445727482679,0.5681070271206285,0.024944268190233054,0.6065759637188209,0.6204874021870349,0.009670457639792877,0.6021377052523981,-0.2821464049074728,-0.2918989230913517,0.2480439755587945
19,0.6704314633643741,0.007022569123510733,0.6914549653579677,0.5957493362322951,0.012798908992209201,0.6337719298245614,0.6096994223986726,0.008012434670780024,0.5882177630270864,-0.29105178175810154,-0.29407231313127197,0.253319698604992
20,0.6549817974859924,0.010229314361666202,0.6877598152424942,0.5715042567703824,0.012646924759251532,0.6293859649122807,0.6541094235483141,0.019414906447374907,0.6133266133373743,-0.2540989482523785,-0.2748094715767068,0.21800998325406598
21,0.6539893434338478,0.006156914322108731,0.6697459584295612,0.5391060683929338,0.02807863066232235,0.5826036193812025,0.7474215891438698,0.05934811502404462,0.7686274388850874,-0.2648767157891862,-0.28979485318403686,0.23430559594204825
22,0.6583544142323053,0.024723862983562654,0.6822170900692841,0.532160158100092,0.1267168517011573,0.6156424581005587,0.6328025965113545,0.015231440056954391,0.607819496685892,-0.23950641938137715,-0.2506982983946273,0.20406113488604355
23,0.532782973044579,0.048214655516059315,0.5381062355658198,0.12347707049965777,0.27610312329976866,0.0,0.6948544789961654,0.006418469075638739,0.6912264658832163,0.0,0.0,0.0
24,0.6623138290043078,0.013334964467899496,0.6775981524249423,0.5718547531723212,0.01592191616367896,0.6074240719910011,0.6188856287757907,0.007805229254132457,0.5994855802649699,-0.31532629437326976,-0.3292298533267547,0.2823102158702945
25,0.6599320962819771,0.007293832062680725,0.6826789838337183,0.5758884266492267,0.009397003177378883,0.6198118428334256,0.630169097150222,0.016065111055048077,0.6112855984344876,-0.2181642378499425,-0.23389428272012203,0.1825106476212417
26,0.6528022058895682,0.007347344760400725,0.6752886836027714,0.5628137817773119,0.01864444771134001,0.6074818537130096,0.7188402719938519,0.04572345317991305,0.6681757148714361,-0.23857705135163737,-0.2506289782620219,0.2047718534720962
27,0.6452762758931988,0.008175945845713186,0.664203233256351,0.5406649374393736,0.025001143266267498,0.6080862533692722,0.9406831218578061,0.07658023136454355,0.7714556773351273,-0.2566984478103099,-0.24907946941554976,0.2237272719767075
28,0.669641150438136,0.01273407914886657,0.689607390300231,0.613534999448317,0.03705854063118067,0.625,0.6246280208160673,0.006921325136661759,0.5981294194474521,-0.20993305819260533,-0.20535069870616007,0.17118310129106454
29,0.5127615814108666,0.06123520930664774,0.6655889145496536,0.2613175716134134,0.3248870296400721,0.5968819599109132,0.6941565462274899,0.004364986355241026,0.6552412868416089,-0.32261701161667367,-0.36297652494097593,0.2942864139314301
30,0.672808682255738,0.007890903353138412,0.684526558891455,0.5947073247150494,0.007996566389655294,0.6182224706539967,0.6125451250183792,0.008528673446443938,0.591308130248478,-0.3014079626955599,-0.30314509519285265,0.26560802762027846
31,0.6529984594098657,0.011910929573602218,0.6822170900692841,0.5673340421808668,0.01612914999875695,0.620309050772627,0.6618215785181615,0.028191079390791643,0.6259221546363143,-0.23938438115524968,-0.25371984064524816,0.20399170326836052
32,0.6440871758137162,0.009018788871215455,0.6600461893764434,0.5580194599649164,0.018182893086105947,0.6198347107438017,0.7832452076252427,0.07976232293884408,0.7762510564473531,-0.26271587111397854,-0.27157181361855176,0.23135090382776125
33,0.6476540835451237,0.010107651049838814,0.6605080831408776,0.5533788879028754,0.017405290633997518,0.5891559530463947,1.0844903643025159,0.12343365174120191,0.9438545639861046,-0.22195937065825544,-0.2533732399822214,0.19277934509546368
34,0.6573613714195998,0.015829062677786034,0.6822170900692841,0.5729151790181416,0.07220946727636539,0.6504065040650406,0.6374608324209649,0.00944561463274371,0.5963055016420464,-0.21634731908473037,-0.18691969874285908,0.17612234191764303
35,0.5684361538235092,0.04246839735099212,0.540877598152425,0.17588207196107433,0.11647741934636112,0.021653543307086614,0.8000127432763828,0.19823499047838314,0.7136057805569663,-0.009149453302883515,-0.007099197109758235,0.008357290862571426
36,0.6682542268101934,0.010047956466522623,0.6836027713625866,0.5830326443710321,0.008434742711904914,0.6149522203485104,0.6155991911336834,0.007616287600910476,0.5956458922287362,-0.3051587179670992,-0.308910899163673,0.26985497253949897
37,0.6591406058346172,0.005287457585386869,0.6891454965357968,0.5823413781853048,0.006817892186634697,0.6267332224070992,0.6304745945229673,0.023004571157682147,0.6004707361918021,-0.24959633509819384,-0.26714755809638757,0.21306095853537327
38,0.6569635655339567,0.009061030983075175,0.6748267898383372,0.5787945316278876,0.02247094846232788,0.6215053763440861,0.6680153784070951,0.033471320461371024,0.6401876925509938,-0.18738414902659584,-0.18397563193456185,0.15126032640258208
39,0.6510172801224622,0.009008971553957188,0.689607390300231,0.5320087916840609,0.04234889259620637,0.5966386554621849,0.7528306927375303,0.09434303967216981,0.6224407775467796,-0.2309560628249374,-0.2699692952589107,0.19675417655014707
40,0.6215233198245493,0.06373367919559474,0.6785219399538106,0.37429406998159753,0.34424759319631243,0.6631171345595354,0.6544267080140307,0.03127892356180433,0.6128982548525479,-0.2897093612706996,-0.24561754044014206,0.24948587218787066
41,0.5541691116584404,0.00043741999672258796,0.5381062355658198,0.0,0.0,0.0,0.6896814565408795,0.003067851673197886,0.6909339075189099,0.0,0.0,0.0
42,0.6694435231431964,0.012890050348905611,0.6840646651270208,0.592667133063708,0.01264533216930661,0.6229327453142226,0.6115714532094321,0.006787069857605391,0.590797851417882,-0.3095836704319299,-0.3038464518286243,0.27324850915820004
43,0.6623075488916583,0.01268273997467769,0.6808314087759815,0.5806340038318621,0.021244667034921026,0.6141820212171971,0.6493525716866485,0.03203778739498457,0.6251583497195696,-0.22379591794934817,-0.23670786457292675,0.18856860133834172
44,0.6516156571058493,0.014897407995908421,0.6577367205542726,0.5844477786801717,0.019760945056445895,0.5623154164205553,0.7791796920375706,0.09528935076340678,0.7726842400225326,-0.21879661774896653,-0.2575283702836824,0.19153252145668914
45,0.6506245768283468,0.009577218164349465,0.6752886836027714,0.5521922026895412,0.04377804171568362,0.6087924318308292,0.8652803812942863,0.13641458019495936,0.8863468270618926,-0.22191499312148183,-0.25182373113574924,0.18914979043370644
46,0.6629084771708093,0.015381776077408035,0.6586605080831409,0.6314674097461562,0.028723524950042625,0.6645483431684066,0.6309311606418939,0.006214925856569617,0.6355342452474037,-0.2787873667393776,-0.24258784287980295,0.24246267516679473
47,0.5319906975831379,0.04833278226316611,0.5381062355658198,0.12417067344038224,0.2751926409626167,0.0,0.7136868909270337,0.03402442472526868,0.7994500172831427,0.0,0.0,0.0
48,0.6696407579310955,0.009584654963574973,0.6882217090069284,0.5965705383332484,0.013481346132942008,0.6317512274959084,0.609607560079747,0.006666246895010802,0.5882089274120414,-0.29377331954216035,-0.28767447265728535,0.2560763538003183
49,0.660924157827081,0.009195486583864649,0.6799076212471131,0.5863386965385733,0.01858362913088378,0.6042261564820104,0.6622195994458525,0.030868667603300752,0.6365412241245311,-0.22771308898378853,-0.24873286875252298,0.1936791952587898
50,0.6423065676240568,0.015564850013485631,0.6637413394919168,0.5566426688323729,0.02358093995473698,0.6115261472785486,0.9561451025015297,0.1782181621742603,0.8738353533334817,-0.2390404552452542,-0.2648966926141438,0.2082533552516157
51,0.6450813961475435,0.014400532883714273,0.6420323325635104,0.5406166205450418,0.03183121546552247,0.5317220543806647,1.0397997959545953,0.07739498197924169,0.8450872102919161,-0.3095418531376626,-0.36959863643221513,0.2890628841075804
52,0.6474603813205899,0.02191610703352663,0.6752886836027714,0.6032847626514526,0.027109914837928864,0.6500746640119462,0.6598160034133198,0.010795144785501698,0.6257850222002422,-0.34268333896586683,-0.3361740995518657,0.30719706766502053
53,0.5670403987871533,0.02323241729006718,0.669284064665127,0.08253488792342092,0.12824343131322363,0.6223628691983122,0.7127152649008632,0.03958974629843992,0.6527735793529437,-0.24076605869441287,-0.2336088468799824,0.2061007859921677
