id_scenario,acc_train_mean,acc_train_sd,acc_test,f1_train_mean,f1_train_sd,f1_test,log_loss_train_mean,log_loss_train_sd,log_loss_test,demp,eqopp,eqodd
0,0.8042274992521617,0.002742766084288752,0.8102173673176652,0.8218854020107179,0.0020887912211816524,0.828838690416957,0.4399164409266489,0.003990901394642323,0.43518187906935457,-0.1805124887237226,-0.038648210226590485,0.04924552551079332
1,0.814134345206935,0.004669635310694851,0.8171687079333554,0.8323819579614987,0.003943036213957745,0.8362162696451516,0.42276203736878326,0.004836550842068112,0.42039867259022656,-0.17968643839711607,-0.02979835955398802,0.04552338770952448
2,0.8176809224112491,0.005382585401503825,0.8214719187906874,0.8347479864655997,0.004355069702665172,0.8394682012104376,0.412413761557765,0.005238783750334466,0.40955229107981733,-0.19368239164911122,-0.04055158123870428,0.04379834859239236
3,0.8184848195059132,0.004699295626884275,0.8221891206002427,0.8353374383627165,0.003036850727645472,0.8404534428988665,0.41223477829437494,0.007739968207723257,0.4071866689127627,-0.19087176034414893,-0.033544925081708366,0.0400775843189862
4,0.8132122671690477,0.004495813926771675,0.8168376917135606,0.8328647626803822,0.002580340366602665,0.8369511835772517,0.42721662747299954,0.009917345332683741,0.41606323148330226,-0.17776651245891661,-0.037313815703886144,0.0552356127627885
5,0.576179754117555,0.11962102012221763,0.526922652543308,0.7124474699562283,0.05795435338430919,0.6901759583769917,0.6578517969698127,0.08107063711371702,0.6517640486008465,0.0,0.0,0.0
6,0.8052441650937208,0.003647612926226173,0.8088933024384861,0.823235620818297,0.0027614627580919504,0.8280210505411577,0.4367789444758822,0.004391975277119283,0.43212345336085217,-0.17450044666770115,-0.03427080407082428,0.050595351644460954
7,0.8138505873867107,0.004235087019333179,0.8184927728125345,0.831645300503001,0.003939799096929577,0.8371125854044954,0.4195006766602319,0.0048414162289708695,0.4149987774068364,-0.18281968739397675,-0.03159584307705576,0.04478962514975883
8,0.8187212373002728,0.004551625439904949,0.8219684431203795,0.8342832573176292,0.00398499345673566,0.8406498444521259,0.4126517560498658,0.006896925771420145,0.4075463566626487,-0.19037008106646192,-0.03448363985254055,0.041395982580237106
9,0.8181774489783681,0.004997833002860378,0.8216374269005848,0.8354819001490151,0.003435015390054803,0.8392262171167139,0.4121404103197009,0.005934624419922177,0.4104221072226969,-0.1920861792509484,-0.03546806561591176,0.040496422994389866
10,0.8122191944670398,0.002903923631516875,0.8156239655743132,0.8343583974464548,0.003590551419477536,0.8399885090491238,0.4244782872097511,0.006740814952708905,0.423860756971026,-0.17183797403102907,-0.027975368525590016,0.050278644088542296
11,0.609665195179698,0.14225157924398424,0.47307734745669205,0.5811741389154125,0.32927292434074606,0.0,0.6351342164567247,0.08356991409884117,0.7018785796312014,0.0,0.0,0.0
12,0.80850704318112,0.0031013892496772793,0.8122586340063996,0.8261357904337654,0.0023087609163807885,0.8315429929211425,0.4325554409841034,0.0047778162480829,0.4271515955161139,-0.17608460473634335,-0.033796239103979664,0.05052761816069955
13,0.8170425127409243,0.0061964676034520095,0.8179410791128765,0.8341575053343327,0.004902357920726116,0.836552748885587,0.41576444322652023,0.006144773929163911,0.4108013136543855,-0.1834914423027188,-0.034292068361657324,0.046485032970177684
14,0.8148671861387733,0.007804466935079398,0.8187134502923976,0.8306344158895435,0.007606116631778484,0.8374072241464622,0.42670952916602023,0.013043274311138412,0.4134616520288364,-0.18898492901972436,-0.03656773322756157,0.04297946498191535
15,0.8191705077033977,0.005361344555840336,0.8223546287101401,0.8351593448715546,0.004820860689809436,0.8429421519851722,0.4137875092224081,0.007213236270456269,0.4069747958387111,-0.18157042051638117,-0.028075084066276346,0.044641046061870734
16,0.8123846148018828,0.005920492031763293,0.8176652322630475,0.8301771236385347,0.0038801293133053217,0.839633169974283,0.4301296547561731,0.007137199586080415,0.41399420814020266,-0.17448926901669104,-0.025240231035314475,0.04632857224565448
17,0.6741582385719822,0.13903033102202617,0.526922652543308,0.7507639496913161,0.0626122465587698,0.6901759583769917,0.5920154856763276,0.09952448135614186,0.6921944751272013,0.0,0.0,0.0
18,0.8118644895044214,0.004661643226306208,0.81540328809445,0.8293103311131416,0.0038643266357061986,0.8349447513812155,0.4254425843159539,0.006112116389801721,0.4217846941632828,-0.17655077853435142,-0.03258388521641897,0.050801974930408764
19,0.8184611704584486,0.005287285050750464,0.8216374269005848,0.8352897000928082,0.004255339795315549,0.8394019174407631,0.4129923386898861,0.0065677084846545745,0.4084111534344615,-0.1933838826162541,-0.04046228086087489,0.04422955668727531
20,0.8177045407093613,0.004860973138288602,0.8230166611497297,0.8339915308248416,0.004737398755554428,0.8407940446650124,0.4141439292672239,0.006678283247728316,0.4058278555704236,-0.19523696181802086,-0.04077950936289387,0.04334628540393061
21,0.8170188972382078,0.004826482465735796,0.8208650557210637,0.8328953453583094,0.0033253247158387725,0.8385781754909272,0.4269234194386591,0.007259526751235332,0.42077297103850286,-0.19119613139306846,-0.040350655388588286,0.046152247573019306
22,0.8123137235674024,0.004703533349989001,0.8203133620214057,0.8287560371286882,0.005977785287161858,0.838016611130452,0.42367546507900844,0.006278208353403306,0.4095865144515636,-0.1973854816778574,-0.047191681525150075,0.04578530239718652
23,0.4773253883342715,5.318110650877852e-05,0.526922652543308,0.0,0.0,0.6901759583769917,0.6973763185718688,0.004475736802050001,0.698430619606659,0.0,0.0,0.0
24,0.8131176262528579,0.004480101568432399,0.8165618448637316,0.8313515339018428,0.0038802628117698816,0.8362310988523863,0.42286097242850734,0.006331706154466039,0.4194292297404022,-0.17750657728052577,-0.03262385822571723,0.05049106061453236
25,0.8183193404677608,0.0043949193722429385,0.8222442899702085,0.8352201237702344,0.003950236706620588,0.8402102757389408,0.41126105244636063,0.006312769226041838,0.40573521170392585,-0.19257163997618942,-0.04124004279088944,0.04637130790046544
26,0.8086016924834969,0.004996701158328002,0.812148295266468,0.8241450386126592,0.005416315907541811,0.8288686736693973,0.4604368022737396,0.01731029650583601,0.45453532053129825,-0.1784373906891482,-0.02851285843469553,0.042735598197005134
27,0.8154820473958778,0.004680419637941878,0.8160653205340395,0.8309099994317254,0.004298579194247154,0.8376035070628348,0.45103680989319533,0.01828656901786229,0.4272422301109357,-0.16851514330625272,-0.020233045055126575,0.047030015891525126
28,0.8155529721751066,0.003973482766427255,0.8156791349442789,0.8328841156937978,0.003230349955172749,0.8261796992872379,0.4208761081825267,0.006313980408336271,0.4304362706101469,-0.21875824625724022,-0.06538104017967317,0.038623529610498114
29,0.5182766967066409,0.006028219336760923,0.526922652543308,0.47432434894557735,0.2905573730789567,0.6901759583769917,0.6924329753638301,0.005496628186545853,0.694812715478473,0.0,0.0,0.0
30,0.815198295166445,0.005183826863668386,0.8177755710029792,0.8330923584827449,0.004276775409654778,0.8369613505108839,0.4201547531696722,0.006368219709833457,0.41715468452995097,-0.1802080621109191,-0.032234977260709896,0.04788065236526447
31,0.8165460085369707,0.004140392242648541,0.8214719187906874,0.8322937723917373,0.004840565558489606,0.8390530189993037,0.41642712653204006,0.0062631006955614354,0.40868751228193556,-0.19462788942278608,-0.03866947451742353,0.04080501700069834
32,0.8025723929909255,0.002991193195427377,0.8097208429879731,0.8179738409638302,0.002928213788652215,0.8260979176120608,0.5056113905139876,0.024383742955132428,0.49071373140973396,-0.18888761770504847,-0.03870327557836217,0.03970625738764709
33,0.8122901723587864,0.003439001164564621,0.8207547169811321,0.8290964407065278,0.003885258730354035,0.8395159298592245,0.4707989804800068,0.009887547599607678,0.4459549146645309,-0.1813284572474574,-0.02532229866115976,0.04140262803171761
34,0.8122429022178138,0.0023736747880478866,0.8072382213395123,0.8309331650013553,0.004916224155662145,0.8325505607207898,0.4261477294540827,0.005588605970812471,0.43159539388950485,-0.1630339300883955,-0.023804626203180357,0.05018256548308156
35,0.5046582976806239,0.02466439576483073,0.47307734745669205,0.4181675521081515,0.36741860597244796,0.0,0.7138912982985924,0.032580886623070106,0.6932364293068134,0.0,0.0,0.0
36,0.8150564232448221,0.004842137743730531,0.8180514178528081,0.8322606599784383,0.004017065936680855,0.8367973079968329,0.4225019534668962,0.006115138043667657,0.41992332019064216,-0.18037989109899538,-0.029914662205891007,0.04552415878390213
37,0.8182483513944314,0.004778109958371264,0.8222442899702085,0.8349201106526196,0.004248722192442557,0.8405108405108405,0.41112627096611376,0.006524243732615765,0.40563402982841673,-0.1920844258939272,-0.038311212202481904,0.04375283832382039
38,0.8145836184054555,0.0037767442545307544,0.8174997241531502,0.8315115574210091,0.003456139114682462,0.8390580908825532,0.4368444640151238,0.008961536077186442,0.4237300018369469,-0.179300699852455,-0.030704334067505834,0.04649150135291755
39,0.8158130250399525,0.004451804263684513,0.8219684431203795,0.8296855651014703,0.004744105989411508,0.8386257938690803,0.43207169821231883,0.007610493868726141,0.41762770429398277,-0.19840089456275223,-0.04674050245638728,0.045540726750152
40,0.8049604240458706,0.008194947628741211,0.8183272647026371,0.8289008931288162,0.005407527487588841,0.8404786126047571,0.43483111401906926,0.013251053877735564,0.415295566098644,-0.1755518033715302,-0.02894214637412018,0.04941555598546121
41,0.4954835630594163,0.024843059245425923,0.526922652543308,0.27461666781590294,0.37603436080248454,0.6901759583769917,0.6979612552239334,0.004796326083539376,0.6957208261510673,0.0,0.0,0.0
42,0.8154819886925686,0.005423213023083269,0.8192099746220898,0.8331247362745515,0.004651171147032862,0.8383085804509793,0.41827725383189945,0.006374793653352922,0.41443258181249415,-0.18019841864730268,-0.02898424099066721,0.04545542642718588
43,0.8169006492054884,0.003982381979866946,0.8205892088712347,0.8330034990637141,0.004174413594459849,0.8390577056319904,0.4180670169291809,0.007006199963058943,0.4109640475524157,-0.1951694575727051,-0.03529775841586147,0.035745869191822086
44,0.805385972721243,0.005251023305945555,0.8114310934569128,0.8212205884595916,0.0062580038859477724,0.8300179033220609,0.504477104127757,0.009525891625497681,0.5018996441612154,-0.18579732595520704,-0.03385492083174324,0.03882140170020319
45,0.815907713477869,0.004851299390755624,0.819430652101953,0.8328405758802528,0.003872842073949943,0.8373987778826568,0.445480895329795,0.007490090846766181,0.4356940456488455,-0.20155233463870764,-0.04491133947962955,0.03780579113641634
46,0.8086251849888034,0.007696905924409586,0.8151826106145867,0.8274894549798009,0.005147337743517386,0.8318441923501657,0.43416289274629355,0.01054370554324737,0.4171743222398433,-0.2010293959071387,-0.04922750833526446,0.0403892548977236
47,0.5226746116657285,5.318110650877852e-05,0.526922652543308,0.686521738374697,4.587353823428771e-05,0.6901759583769917,0.6954921350979696,0.005918821276155628,0.6918464137521292,0.0,0.0,0.0
48,0.8168533539059547,0.00548732160911701,0.8205340395012689,0.8341895731717592,0.004277276366702013,0.8390002474634992,0.4148464440362628,0.00657659554619527,0.40971554419917805,-0.18314230508587503,-0.0309920047230835,0.04522198634545983
49,0.8136141919555165,0.003412728904105503,0.8206995476111663,0.8290678454045569,0.0034883352715328656,0.8387896825396826,0.4283701108712917,0.007021004057824457,0.41105761109270417,-0.19699053800883515,-0.038664797337807144,0.03736381122242481
50,0.8035655858949478,0.005417302197298177,0.807845084409136,0.8186462382123523,0.0053174541729711245,0.8267595125590649,0.5399514993275116,0.02928139800519816,0.5184257046346139,-0.18767692468191916,-0.04680386136376724,0.047792515643411734
51,0.814157868461594,0.005934809105235365,0.8195961602118503,0.8307115344417613,0.007649914000094397,0.8384387351778656,0.4552745865648484,0.013036673819051206,0.42298949421546417,-0.19049369273645556,-0.029216846294473076,0.033982425095513066
52,0.8102801766388168,0.00943506124026026,0.8186582809224319,0.8287324380596288,0.006883904324069437,0.8373818829466185,0.42788562940365304,0.011864840113282126,0.4139488815341995,-0.19482996381947787,-0.04041295349234386,0.04016980160386348
53,0.5510703891534622,0.09700005749952917,0.526922652543308,0.4424202104513864,0.33820408510971983,0.6901759583769917,0.6650836116374907,0.06171292531011076,0.6920047469124155,0.0,0.0,0.0
