,pve
0,-0.12918476867315842
1,0.1132487702091658
2,0.1132487702091658
3,-0.16188850429069868
4,0.14068052801849562
5,-0.16188850429069868
6,-0.12918476867315842
7,0.1132487702091658
8,0.14068052801849562
9,0.14068052801849562
10,-0.12918476867315842
11,0.14068052801849562
12,-0.12918476867315842
13,-0.16188850429069868
14,0.1132487702091658
15,0.14068052801849562
16,0.14068052801849562
17,-0.12918476867315842
18,-0.12918476867315842
19,-0.16188850429069868
20,0.1132487702091658
21,-0.12918476867315842
22,0.1132487702091658
23,0.1132487702091658
24,-0.12918476867315842
25,0.14068052801849562
26,-0.16188850429069868
27,0.14068052801849562
28,0.1132487702091658
29,-0.12918476867315842
30,-0.12918476867315842
31,-0.16188850429069868
32,-0.16188850429069868
33,0.1132487702091658
34,0.14068052801849562
35,0.14068052801849562
36,-0.16188850429069868
37,0.1132487702091658
38,0.1132487702091658
39,-0.12918476867315842
40,-0.16188850429069868
41,-0.16188850429069868
42,0.1132487702091658
43,0.14068052801849562
44,0.1132487702091658
45,0.1132487702091658
46,0.14068052801849562
47,0.1132487702091658
48,-0.16188850429069868
49,0.14068052801849562
50,0.14068052801849562
51,0.14068052801849562
52,-0.12918476867315842
53,0.14068052801849562
54,0.1132487702091658
55,0.14068052801849562
56,0.14068052801849562
57,0.1132487702091658
58,0.14068052801849562
59,-0.12918476867315842
60,-0.16188850429069868
61,-0.16188850429069868
62,-0.12918476867315842
63,-0.12918476867315842
64,-0.16188850429069868
65,0.1132487702091658
66,0.1132487702091658
67,-0.12918476867315842
68,0.1132487702091658
69,0.1132487702091658
70,-0.12918476867315842
71,0.1132487702091658
72,-0.16188850429069868
73,0.1132487702091658
74,0.1132487702091658
75,0.14068052801849562
76,0.1132487702091658
77,0.14068052801849562
78,0.14068052801849562
79,-0.12918476867315842
80,-0.16188850429069868
81,-0.16188850429069868
82,-0.16188850429069868
83,0.1132487702091658
84,-0.16188850429069868
85,-0.12918476867315842
86,0.14068052801849562
87,0.1132487702091658
88,-0.12918476867315842
89,-0.16188850429069868
90,0.14068052801849562
91,-0.12918476867315842
92,0.1132487702091658
93,0.14068052801849562
94,0.14068052801849562
95,-0.12918476867315842
96,0.1132487702091658
97,0.1132487702091658
98,0.14068052801849562
99,0.1132487702091658
100,0.14068052801849562
101,-0.12918476867315842
102,-0.12918476867315842
103,0.1132487702091658
104,0.1132487702091658
105,-0.12918476867315842
106,-0.12918476867315842
107,0.14068052801849562
108,0.14068052801849562
109,0.14068052801849562
110,0.14068052801849562
111,-0.12918476867315842
112,-0.12918476867315842
113,0.14068052801849562
114,0.14068052801849562
115,-0.12918476867315842
116,-0.12918476867315842
117,0.1132487702091658
118,0.1132487702091658
119,-0.12918476867315842
120,0.1132487702091658
121,0.14068052801849562
122,0.14068052801849562
123,-0.12918476867315842
124,0.1132487702091658
125,0.14068052801849562
126,0.14068052801849562
127,-0.16188850429069868
128,-0.16188850429069868
129,-0.12918476867315842
130,0.14068052801849562
131,0.14068052801849562
132,0.1132487702091658
133,0.1132487702091658
134,0.14068052801849562
135,0.14068052801849562
136,-0.16188850429069868
137,-0.12918476867315842
138,0.1132487702091658
139,0.14068052801849562
140,0.14068052801849562
141,-0.12918476867315842
142,0.1132487702091658
143,-0.12918476867315842
144,0.1132487702091658
145,-0.12918476867315842
146,0.1132487702091658
147,-0.16188850429069868
148,-0.12918476867315842
149,-0.12918476867315842
150,-0.16188850429069868
151,0.14068052801849562
152,0.14068052801849562
153,0.1132487702091658
154,-0.12918476867315842
155,0.14068052801849562
156,0.1132487702091658
157,0.14068052801849562
158,0.1132487702091658
159,0.14068052801849562
160,-0.12918476867315842
161,-0.12918476867315842
162,0.1132487702091658
163,0.1132487702091658
164,0.1132487702091658
165,0.14068052801849562
166,0.1132487702091658
167,0.1132487702091658
168,0.14068052801849562
169,0.1132487702091658
170,0.1132487702091658
171,0.14068052801849562
172,-0.12918476867315842
173,0.14068052801849562
174,0.1132487702091658
175,-0.16188850429069868
176,-0.16188850429069868
177,-0.12918476867315842
178,-0.12918476867315842
179,0.14068052801849562
180,0.1132487702091658
181,0.1132487702091658
182,0.14068052801849562
183,0.14068052801849562
184,-0.16188850429069868
185,0.14068052801849562
186,0.1132487702091658
187,-0.12918476867315842
188,-0.12918476867315842
189,0.14068052801849562
190,-0.12918476867315842
191,-0.12918476867315842
192,-0.12918476867315842
193,0.1132487702091658
194,-0.16188850429069868
195,-0.12918476867315842
196,-0.16188850429069868
197,0.1132487702091658
198,0.1132487702091658
199,0.14068052801849562
200,0.1132487702091658
201,-0.16188850429069868
202,-0.12918476867315842
203,-0.12918476867315842
204,-0.16188850429069868
205,-0.12918476867315842
206,0.1132487702091658
207,-0.12918476867315842
208,0.14068052801849562
209,-0.16188850429069868
210,-0.16188850429069868
211,0.1132487702091658
212,0.14068052801849562
213,-0.16188850429069868
214,0.1132487702091658
215,-0.16188850429069868
216,-0.16188850429069868
217,0.14068052801849562
218,0.14068052801849562
219,0.14068052801849562
220,0.14068052801849562
221,0.14068052801849562
222,0.14068052801849562
223,-0.16188850429069868
224,0.1132487702091658
225,0.14068052801849562
226,-0.16188850429069868
227,-0.16188850429069868
228,0.14068052801849562
229,0.14068052801849562
230,0.1132487702091658
231,-0.16188850429069868
232,-0.16188850429069868
233,-0.16188850429069868
234,0.14068052801849562
235,-0.12918476867315842
236,0.14068052801849562
237,-0.12918476867315842
238,0.14068052801849562
239,-0.16188850429069868
240,0.14068052801849562
241,-0.16188850429069868
242,0.1132487702091658
243,0.1132487702091658
244,-0.16188850429069868
245,-0.16188850429069868
246,-0.16188850429069868
247,-0.16188850429069868
248,-0.12918476867315842
249,0.1132487702091658
250,-0.12918476867315842
251,-0.16188850429069868
252,0.1132487702091658
253,0.1132487702091658
254,0.1132487702091658
255,0.1132487702091658
256,-0.16188850429069868
257,0.14068052801849562
258,-0.12918476867315842
259,0.14068052801849562
260,0.1132487702091658
261,0.1132487702091658
262,0.14068052801849562
263,0.1132487702091658
264,-0.12918476867315842
265,0.1132487702091658
266,0.1132487702091658
267,-0.16188850429069868
268,0.14068052801849562
269,0.1132487702091658
270,-0.12918476867315842
271,-0.12918476867315842
272,0.1132487702091658
273,0.14068052801849562
274,0.1132487702091658
275,0.1132487702091658
276,-0.16188850429069868
277,0.1132487702091658
278,0.1132487702091658
279,-0.16188850429069868
280,-0.16188850429069868
281,-0.12918476867315842
282,0.1132487702091658
283,-0.12918476867315842
284,-0.16188850429069868
285,0.1132487702091658
286,0.1132487702091658
287,-0.12918476867315842
288,0.14068052801849562
289,0.1132487702091658
290,-0.12918476867315842
291,0.14068052801849562
292,0.14068052801849562
293,0.1132487702091658
294,0.1132487702091658
295,-0.12918476867315842
296,-0.16188850429069868
297,0.1132487702091658
298,0.1132487702091658
299,0.1132487702091658
300,0.1132487702091658
301,0.14068052801849562
302,0.14068052801849562
303,0.14068052801849562
304,0.1132487702091658
305,-0.16188850429069868
306,0.14068052801849562
307,-0.12918476867315842
308,0.1132487702091658
309,0.1132487702091658
310,0.1132487702091658
311,0.14068052801849562
312,0.1132487702091658
313,0.14068052801849562
314,-0.12918476867315842
315,0.1132487702091658
316,0.1132487702091658
317,-0.12918476867315842
318,0.1132487702091658
319,-0.16188850429069868
320,0.1132487702091658
321,0.14068052801849562
322,0.1132487702091658
323,-0.12918476867315842
324,0.14068052801849562
325,0.1132487702091658
326,-0.16188850429069868
327,0.14068052801849562
328,0.1132487702091658
329,-0.16188850429069868
330,0.14068052801849562
331,-0.12918476867315842
332,0.14068052801849562
333,0.1132487702091658
334,0.14068052801849562
335,0.1132487702091658
336,-0.16188850429069868
337,0.1132487702091658
338,0.14068052801849562
339,0.1132487702091658
340,-0.12918476867315842
341,0.1132487702091658
342,0.14068052801849562
343,0.1132487702091658
344,0.14068052801849562
345,0.14068052801849562
346,-0.16188850429069868
347,0.1132487702091658
348,0.1132487702091658
349,-0.12918476867315842
350,0.14068052801849562
351,0.14068052801849562
352,0.1132487702091658
353,0.14068052801849562
354,0.1132487702091658
355,-0.12918476867315842
356,0.1132487702091658
357,0.1132487702091658
358,0.14068052801849562
359,0.14068052801849562
360,-0.16188850429069868
361,-0.16188850429069868
362,-0.12918476867315842
363,0.14068052801849562
364,-0.16188850429069868
365,-0.12918476867315842
366,0.14068052801849562
367,0.14068052801849562
368,-0.16188850429069868
369,0.1132487702091658
370,0.1132487702091658
371,0.14068052801849562
372,0.14068052801849562
373,-0.16188850429069868
374,0.1132487702091658
375,-0.12918476867315842
376,-0.12918476867315842
377,0.14068052801849562
378,0.1132487702091658
379,-0.12918476867315842
380,0.1132487702091658
381,0.14068052801849562
382,0.1132487702091658
383,0.14068052801849562
384,0.14068052801849562
385,0.1132487702091658
386,0.14068052801849562
387,-0.12918476867315842
388,-0.16188850429069868
389,0.14068052801849562
390,-0.12918476867315842
391,-0.12918476867315842
392,0.14068052801849562
393,-0.12918476867315842
394,0.1132487702091658
395,-0.12918476867315842
396,0.14068052801849562
397,-0.12918476867315842
398,-0.12918476867315842
399,0.14068052801849562
400,0.1132487702091658
401,-0.16188850429069868
402,0.1132487702091658
403,0.14068052801849562
404,-0.16188850429069868
405,0.1132487702091658
406,0.14068052801849562
407,-0.16188850429069868
408,-0.12918476867315842
409,0.1132487702091658
410,0.1132487702091658
411,0.1132487702091658
412,-0.12918476867315842
413,-0.12918476867315842
414,-0.16188850429069868
415,-0.16188850429069868
416,0.14068052801849562
417,-0.16188850429069868
418,0.14068052801849562
419,0.14068052801849562
420,0.1132487702091658
421,-0.16188850429069868
422,0.1132487702091658
423,0.1132487702091658
424,0.1132487702091658
425,0.14068052801849562
426,0.1132487702091658
427,0.1132487702091658
428,-0.16188850429069868
429,0.1132487702091658
430,-0.12918476867315842
431,-0.16188850429069868
432,-0.16188850429069868
433,-0.16188850429069868
434,-0.16188850429069868
435,0.14068052801849562
436,0.1132487702091658
437,-0.16188850429069868
438,0.14068052801849562
439,-0.16188850429069868
440,-0.12918476867315842
441,0.1132487702091658
442,0.14068052801849562
443,0.1132487702091658
444,0.1132487702091658
445,-0.12918476867315842
446,0.1132487702091658
447,0.1132487702091658
448,0.1132487702091658
449,-0.12918476867315842
450,0.1132487702091658
451,0.1132487702091658
452,0.14068052801849562
453,-0.16188850429069868
454,0.14068052801849562
455,-0.12918476867315842
456,0.14068052801849562
457,-0.16188850429069868
458,-0.12918476867315842
459,-0.12918476867315842
460,-0.12918476867315842
461,-0.16188850429069868
462,0.1132487702091658
463,0.1132487702091658
464,-0.12918476867315842
465,-0.12918476867315842
466,0.1132487702091658
467,0.14068052801849562
468,0.1132487702091658
469,-0.12918476867315842
470,-0.16188850429069868
471,0.1132487702091658
472,0.1132487702091658
473,0.1132487702091658
474,0.1132487702091658
475,0.1132487702091658
476,0.1132487702091658
477,-0.16188850429069868
478,-0.16188850429069868
479,-0.16188850429069868
480,0.1132487702091658
481,0.1132487702091658
482,0.1132487702091658
483,-0.16188850429069868
484,-0.12918476867315842
485,-0.12918476867315842
486,0.14068052801849562
487,0.14068052801849562
488,0.1132487702091658
489,-0.12918476867315842
490,-0.16188850429069868
491,-0.12918476867315842
492,-0.12918476867315842
493,-0.12918476867315842
494,0.14068052801849562
495,0.1132487702091658
496,-0.16188850429069868
497,-0.12918476867315842
498,0.1132487702091658
499,0.1132487702091658
500,0.1132487702091658
501,0.14068052801849562
502,0.1132487702091658
503,-0.16188850429069868
504,0.1132487702091658
505,0.1132487702091658
506,0.14068052801849562
507,0.14068052801849562
508,-0.16188850429069868
509,-0.12918476867315842
510,0.1132487702091658
511,0.14068052801849562
512,-0.12918476867315842
513,0.1132487702091658
514,0.14068052801849562
515,0.1132487702091658
516,0.1132487702091658
517,0.1132487702091658
518,0.1132487702091658
519,0.1132487702091658
520,-0.12918476867315842
521,0.1132487702091658
522,-0.16188850429069868
523,0.1132487702091658
524,-0.12918476867315842
525,-0.12918476867315842
526,0.1132487702091658
527,-0.12918476867315842
528,-0.12918476867315842
529,-0.16188850429069868
530,0.14068052801849562
531,0.1132487702091658
532,-0.16188850429069868
533,-0.12918476867315842
534,-0.12918476867315842
535,-0.12918476867315842
536,-0.16188850429069868
537,0.14068052801849562
538,0.1132487702091658
539,0.1132487702091658
540,0.14068052801849562
541,-0.16188850429069868
542,-0.16188850429069868
543,-0.16188850429069868
544,-0.12918476867315842
545,0.1132487702091658
546,0.1132487702091658
547,0.14068052801849562
548,0.14068052801849562
549,0.1132487702091658
550,0.14068052801849562
551,0.1132487702091658
552,-0.16188850429069868
553,-0.16188850429069868
554,0.1132487702091658
555,-0.16188850429069868
556,0.1132487702091658
557,-0.12918476867315842
558,0.14068052801849562
559,0.14068052801849562
560,-0.16188850429069868
561,-0.16188850429069868
562,-0.16188850429069868
563,0.1132487702091658
564,0.14068052801849562
565,0.1132487702091658
566,0.1132487702091658
567,0.14068052801849562
568,0.14068052801849562
569,0.1132487702091658
570,0.14068052801849562
571,-0.12918476867315842
572,0.1132487702091658
573,-0.12918476867315842
574,-0.16188850429069868
575,0.14068052801849562
576,0.14068052801849562
577,0.1132487702091658
578,-0.12918476867315842
579,0.14068052801849562
580,-0.12918476867315842
581,0.14068052801849562
582,-0.12918476867315842
583,0.14068052801849562
584,0.1132487702091658
585,-0.16188850429069868
586,0.14068052801849562
587,-0.12918476867315842
588,0.14068052801849562
589,-0.12918476867315842
590,0.14068052801849562
591,-0.16188850429069868
592,-0.16188850429069868
593,0.1132487702091658
594,-0.16188850429069868
595,-0.12918476867315842
596,-0.12918476867315842
597,-0.12918476867315842
598,-0.16188850429069868
599,-0.16188850429069868
600,-0.12918476867315842
601,-0.12918476867315842
602,0.1132487702091658
603,-0.16188850429069868
604,0.1132487702091658
605,0.1132487702091658
606,-0.12918476867315842
607,-0.12918476867315842
608,0.1132487702091658
609,0.1132487702091658
610,0.14068052801849562
611,0.1132487702091658
612,-0.16188850429069868
613,0.1132487702091658
614,0.14068052801849562
615,0.1132487702091658
616,0.1132487702091658
617,-0.12918476867315842
618,0.1132487702091658
619,0.1132487702091658
620,-0.16188850429069868
621,0.14068052801849562
622,0.1132487702091658
623,0.1132487702091658
624,-0.12918476867315842
625,0.1132487702091658
626,-0.16188850429069868
627,0.1132487702091658
628,-0.16188850429069868
629,-0.16188850429069868
630,0.14068052801849562
631,-0.16188850429069868
632,-0.12918476867315842
633,-0.16188850429069868
634,0.14068052801849562
635,-0.12918476867315842
636,0.14068052801849562
637,0.14068052801849562
638,-0.16188850429069868
639,0.1132487702091658
640,0.14068052801849562
641,-0.16188850429069868
642,0.14068052801849562
643,0.1132487702091658
644,0.14068052801849562
645,0.14068052801849562
646,0.1132487702091658
647,0.14068052801849562
648,-0.12918476867315842
649,-0.16188850429069868
650,0.14068052801849562
651,0.1132487702091658
652,-0.12918476867315842
653,0.1132487702091658
654,-0.16188850429069868
655,-0.16188850429069868
656,-0.16188850429069868
657,0.14068052801849562
658,-0.16188850429069868
659,0.1132487702091658
660,0.14068052801849562
661,-0.16188850429069868
662,0.14068052801849562
663,0.1132487702091658
664,0.1132487702091658
665,-0.12918476867315842
666,-0.16188850429069868
667,0.14068052801849562
668,-0.16188850429069868
669,0.14068052801849562
670,0.1132487702091658
671,0.14068052801849562
672,0.1132487702091658
673,0.1132487702091658
674,0.1132487702091658
675,-0.16188850429069868
676,-0.12918476867315842
677,-0.16188850429069868
678,0.14068052801849562
679,0.1132487702091658
680,-0.12918476867315842
681,-0.12918476867315842
682,-0.16188850429069868
683,0.1132487702091658
684,-0.12918476867315842
685,0.14068052801849562
686,-0.12918476867315842
687,-0.12918476867315842
688,-0.16188850429069868
689,-0.16188850429069868
690,-0.12918476867315842
691,-0.12918476867315842
692,0.1132487702091658
693,0.1132487702091658
694,0.14068052801849562
695,0.14068052801849562
696,0.14068052801849562
697,-0.16188850429069868
698,0.1132487702091658
699,-0.12918476867315842
700,-0.16188850429069868
701,0.1132487702091658
702,-0.12918476867315842
703,-0.12918476867315842
704,0.1132487702091658
705,0.1132487702091658
706,0.1132487702091658
707,-0.16188850429069868
708,0.1132487702091658
709,-0.16188850429069868
710,0.1132487702091658
711,-0.12918476867315842
712,-0.12918476867315842
713,0.14068052801849562
714,0.1132487702091658
715,-0.12918476867315842
716,-0.16188850429069868
717,-0.12918476867315842
718,0.14068052801849562
719,0.14068052801849562
720,-0.16188850429069868
721,0.14068052801849562
722,0.14068052801849562
723,-0.16188850429069868
724,-0.12918476867315842
725,-0.12918476867315842
726,0.1132487702091658
727,-0.12918476867315842
728,-0.12918476867315842
729,-0.12918476867315842
730,0.14068052801849562
731,0.1132487702091658
732,0.14068052801849562
733,0.1132487702091658
734,0.14068052801849562
735,-0.12918476867315842
736,-0.12918476867315842
737,-0.16188850429069868
738,-0.12918476867315842
739,-0.12918476867315842
740,0.1132487702091658
741,0.14068052801849562
742,0.14068052801849562
743,-0.12918476867315842
744,0.1132487702091658
745,0.1132487702091658
746,0.1132487702091658
747,-0.12918476867315842
748,0.14068052801849562
749,-0.16188850429069868
750,-0.12918476867315842
751,-0.16188850429069868
752,-0.16188850429069868
753,0.1132487702091658
754,-0.16188850429069868
755,0.14068052801849562
756,0.14068052801849562
757,-0.12918476867315842
758,0.14068052801849562
759,0.14068052801849562
760,-0.12918476867315842
761,0.14068052801849562
762,0.14068052801849562
763,-0.16188850429069868
764,0.14068052801849562
765,0.14068052801849562
766,-0.16188850429069868
767,0.14068052801849562
768,-0.12918476867315842
769,0.1132487702091658
770,-0.12918476867315842
771,-0.12918476867315842
772,-0.16188850429069868
773,0.14068052801849562
774,0.1132487702091658
775,0.14068052801849562
776,-0.16188850429069868
777,0.1132487702091658
778,-0.16188850429069868
779,-0.12918476867315842
780,-0.12918476867315842
781,-0.12918476867315842
782,-0.12918476867315842
783,0.1132487702091658
784,0.1132487702091658
785,-0.12918476867315842
786,0.14068052801849562
787,0.14068052801849562
788,-0.12918476867315842
789,0.14068052801849562
790,-0.16188850429069868
791,0.1132487702091658
792,-0.16188850429069868
793,-0.12918476867315842
794,-0.16188850429069868
795,0.1132487702091658
796,0.1132487702091658
797,-0.16188850429069868
798,-0.16188850429069868
799,0.14068052801849562
800,-0.12918476867315842
801,-0.16188850429069868
802,-0.16188850429069868
803,-0.16188850429069868
804,-0.12918476867315842
805,-0.16188850429069868
806,0.1132487702091658
807,-0.12918476867315842
808,-0.12918476867315842
809,-0.12918476867315842
810,0.14068052801849562
811,-0.12918476867315842
812,0.14068052801849562
813,-0.12918476867315842
814,0.1132487702091658
815,-0.16188850429069868
816,0.14068052801849562
817,-0.12918476867315842
818,-0.16188850429069868
819,-0.16188850429069868
820,0.1132487702091658
821,-0.16188850429069868
822,-0.16188850429069868
823,0.14068052801849562
824,-0.12918476867315842
825,-0.12918476867315842
826,0.1132487702091658
827,-0.12918476867315842
828,0.1132487702091658
829,-0.12918476867315842
830,-0.12918476867315842
831,0.14068052801849562
832,0.14068052801849562
833,-0.16188850429069868
834,0.14068052801849562
835,0.1132487702091658
836,0.1132487702091658
837,-0.12918476867315842
838,0.1132487702091658
839,0.1132487702091658
840,-0.12918476867315842
841,0.14068052801849562
842,-0.12918476867315842
843,-0.12918476867315842
844,-0.12918476867315842
845,0.14068052801849562
846,-0.12918476867315842
847,0.1132487702091658
848,0.14068052801849562
849,0.1132487702091658
850,0.14068052801849562
851,0.1132487702091658
852,-0.16188850429069868
853,-0.12918476867315842
854,0.14068052801849562
855,-0.16188850429069868
856,0.14068052801849562
857,0.14068052801849562
858,0.14068052801849562
859,-0.16188850429069868
860,-0.12918476867315842
861,-0.16188850429069868
862,0.14068052801849562
863,0.1132487702091658
864,0.14068052801849562
865,-0.16188850429069868
866,0.14068052801849562
867,-0.16188850429069868
868,-0.16188850429069868
869,0.14068052801849562
870,-0.16188850429069868
871,0.1132487702091658
872,0.1132487702091658
873,-0.16188850429069868
874,-0.16188850429069868
875,-0.12918476867315842
876,-0.16188850429069868
877,-0.12918476867315842
878,-0.16188850429069868
879,-0.12918476867315842
880,-0.16188850429069868
881,0.1132487702091658
882,-0.12918476867315842
883,-0.16188850429069868
884,0.1132487702091658
885,0.1132487702091658
886,-0.16188850429069868
887,-0.16188850429069868
888,0.14068052801849562
889,-0.12918476867315842
890,-0.12918476867315842
891,0.14068052801849562
892,-0.12918476867315842
893,0.14068052801849562
894,0.1132487702091658
895,0.1132487702091658
896,-0.12918476867315842
897,-0.12918476867315842
898,0.1132487702091658
899,-0.12918476867315842
900,-0.12918476867315842
901,0.14068052801849562
902,0.14068052801849562
903,0.14068052801849562
904,0.1132487702091658
905,-0.12918476867315842
906,0.14068052801849562
907,-0.12918476867315842
908,0.14068052801849562
909,0.1132487702091658
910,-0.12918476867315842
911,0.14068052801849562
912,0.1132487702091658
913,0.14068052801849562
914,0.1132487702091658
915,-0.16188850429069868
916,0.1132487702091658
917,-0.16188850429069868
918,-0.12918476867315842
919,0.14068052801849562
920,0.14068052801849562
921,0.14068052801849562
922,-0.12918476867315842
923,0.1132487702091658
924,0.1132487702091658
925,-0.16188850429069868
926,-0.12918476867315842
927,-0.16188850429069868
928,-0.12918476867315842
929,0.14068052801849562
930,0.14068052801849562
931,0.14068052801849562
932,-0.12918476867315842
933,0.1132487702091658
934,0.1132487702091658
935,0.14068052801849562
936,0.14068052801849562
937,0.14068052801849562
938,-0.16188850429069868
939,0.1132487702091658
940,-0.16188850429069868
941,0.1132487702091658
942,-0.12918476867315842
943,0.14068052801849562
944,0.14068052801849562
945,-0.16188850429069868
946,-0.12918476867315842
947,0.14068052801849562
948,-0.12918476867315842
949,0.14068052801849562
950,0.14068052801849562
951,-0.12918476867315842
952,0.14068052801849562
953,-0.16188850429069868
954,0.14068052801849562
955,-0.16188850429069868
956,0.14068052801849562
957,-0.16188850429069868
958,0.1132487702091658
959,-0.16188850429069868
960,-0.12918476867315842
961,-0.16188850429069868
962,-0.16188850429069868
963,0.1132487702091658
964,0.14068052801849562
965,0.14068052801849562
966,0.1132487702091658
967,-0.12918476867315842
968,-0.12918476867315842
969,-0.16188850429069868
970,0.14068052801849562
971,-0.16188850429069868
972,-0.12918476867315842
973,0.1132487702091658
974,0.1132487702091658
975,0.1132487702091658
976,-0.12918476867315842
977,0.1132487702091658
978,-0.16188850429069868
979,0.14068052801849562
980,0.1132487702091658
981,0.14068052801849562
982,0.14068052801849562
983,-0.16188850429069868
984,-0.12918476867315842
985,0.14068052801849562
986,-0.12918476867315842
987,-0.12918476867315842
988,-0.16188850429069868
989,-0.16188850429069868
990,-0.12918476867315842
991,-0.12918476867315842
992,0.1132487702091658
993,0.14068052801849562
994,0.1132487702091658
995,-0.12918476867315842
996,-0.16188850429069868
997,0.14068052801849562
998,-0.12918476867315842
999,-0.16188850429069868
1000,0.14068052801849562
1001,0.1132487702091658
1002,0.1132487702091658
1003,-0.16188850429069868
1004,-0.12918476867315842
1005,0.1132487702091658
1006,0.1132487702091658
1007,-0.16188850429069868
1008,-0.12918476867315842
1009,0.14068052801849562
1010,-0.12918476867315842
1011,-0.12918476867315842
1012,0.1132487702091658
1013,0.1132487702091658
1014,-0.16188850429069868
1015,-0.16188850429069868
1016,-0.16188850429069868
1017,-0.16188850429069868
1018,-0.12918476867315842
1019,0.14068052801849562
1020,0.1132487702091658
1021,-0.12918476867315842
1022,-0.12918476867315842
1023,0.1132487702091658
1024,0.14068052801849562
1025,0.14068052801849562
1026,-0.16188850429069868
1027,0.14068052801849562
1028,0.1132487702091658
1029,0.1132487702091658
1030,-0.12918476867315842
1031,0.1132487702091658
1032,0.1132487702091658
1033,0.1132487702091658
1034,-0.12918476867315842
1035,-0.16188850429069868
1036,0.14068052801849562
1037,0.1132487702091658
1038,-0.16188850429069868
1039,-0.16188850429069868
1040,-0.12918476867315842
1041,0.14068052801849562
1042,0.14068052801849562
1043,-0.16188850429069868
1044,-0.12918476867315842
1045,0.14068052801849562
1046,0.1132487702091658
1047,-0.16188850429069868
1048,-0.16188850429069868
1049,0.1132487702091658
1050,0.1132487702091658
1051,0.1132487702091658
1052,-0.16188850429069868
1053,0.1132487702091658
1054,-0.12918476867315842
1055,0.14068052801849562
1056,0.1132487702091658
1057,-0.12918476867315842
1058,0.14068052801849562
1059,0.1132487702091658
1060,-0.16188850429069868
1061,0.14068052801849562
1062,-0.12918476867315842
1063,0.1132487702091658
1064,0.14068052801849562
1065,0.1132487702091658
1066,0.14068052801849562
1067,0.14068052801849562
1068,0.14068052801849562
1069,0.14068052801849562
1070,-0.12918476867315842
1071,0.1132487702091658
1072,-0.12918476867315842
1073,0.1132487702091658
1074,0.1132487702091658
1075,-0.16188850429069868
1076,0.1132487702091658
1077,0.1132487702091658
1078,-0.16188850429069868
1079,0.1132487702091658
1080,-0.16188850429069868
1081,0.1132487702091658
1082,-0.16188850429069868
1083,0.1132487702091658
1084,0.1132487702091658
1085,-0.12918476867315842
1086,0.14068052801849562
1087,0.14068052801849562
1088,-0.16188850429069868
1089,-0.16188850429069868
1090,-0.16188850429069868
1091,0.1132487702091658
1092,0.14068052801849562
1093,0.1132487702091658
1094,-0.16188850429069868
1095,-0.12918476867315842
1096,0.1132487702091658
1097,0.1132487702091658
1098,0.14068052801849562
1099,-0.16188850429069868
1100,0.14068052801849562
1101,0.1132487702091658
1102,-0.16188850429069868
1103,0.1132487702091658
1104,-0.16188850429069868
1105,0.14068052801849562
1106,0.14068052801849562
1107,-0.16188850429069868
1108,0.1132487702091658
1109,-0.16188850429069868
1110,-0.12918476867315842
1111,0.1132487702091658
1112,-0.16188850429069868
1113,0.14068052801849562
1114,0.14068052801849562
1115,0.1132487702091658
1116,-0.12918476867315842
1117,-0.16188850429069868
1118,-0.16188850429069868
1119,-0.12918476867315842
1120,0.1132487702091658
1121,-0.16188850429069868
1122,0.1132487702091658
1123,0.1132487702091658
1124,0.1132487702091658
1125,-0.12918476867315842
1126,0.14068052801849562
1127,-0.12918476867315842
1128,0.1132487702091658
1129,0.14068052801849562
1130,-0.16188850429069868
1131,0.14068052801849562
1132,0.1132487702091658
1133,-0.16188850429069868
1134,0.1132487702091658
1135,0.14068052801849562
1136,0.14068052801849562
1137,0.1132487702091658
1138,-0.12918476867315842
1139,0.1132487702091658
1140,0.1132487702091658
1141,0.14068052801849562
1142,0.1132487702091658
1143,0.1132487702091658
1144,0.14068052801849562
1145,0.1132487702091658
1146,-0.16188850429069868
1147,-0.12918476867315842
1148,0.14068052801849562
1149,0.1132487702091658
1150,-0.12918476867315842
1151,0.14068052801849562
1152,0.1132487702091658
1153,0.14068052801849562
1154,-0.16188850429069868
1155,-0.16188850429069868
1156,-0.16188850429069868
1157,-0.16188850429069868
1158,0.1132487702091658
1159,0.14068052801849562
1160,-0.12918476867315842
1161,0.1132487702091658
1162,0.14068052801849562
1163,0.14068052801849562
1164,-0.16188850429069868
1165,-0.16188850429069868
1166,0.1132487702091658
1167,-0.16188850429069868
1168,-0.12918476867315842
1169,-0.16188850429069868
1170,0.1132487702091658
1171,-0.12918476867315842
1172,-0.12918476867315842
1173,0.1132487702091658
1174,0.1132487702091658
1175,0.1132487702091658
1176,0.1132487702091658
1177,-0.12918476867315842
1178,-0.16188850429069868
1179,-0.16188850429069868
1180,0.1132487702091658
1181,-0.16188850429069868
1182,-0.12918476867315842
1183,0.14068052801849562
1184,-0.12918476867315842
1185,-0.16188850429069868
1186,-0.12918476867315842
1187,-0.16188850429069868
1188,0.1132487702091658
1189,0.1132487702091658
1190,0.14068052801849562
1191,0.14068052801849562
1192,-0.12918476867315842
1193,-0.12918476867315842
1194,-0.16188850429069868
1195,-0.12918476867315842
1196,0.1132487702091658
1197,-0.12918476867315842
1198,0.14068052801849562
1199,0.1132487702091658
1200,0.1132487702091658
1201,-0.12918476867315842
1202,0.1132487702091658
1203,-0.16188850429069868
1204,0.1132487702091658
1205,0.14068052801849562
1206,0.1132487702091658
1207,-0.12918476867315842
1208,0.14068052801849562
1209,0.14068052801849562
1210,0.14068052801849562
1211,0.14068052801849562
1212,0.14068052801849562
1213,0.14068052801849562
1214,-0.12918476867315842
1215,-0.16188850429069868
1216,-0.12918476867315842
1217,0.14068052801849562
1218,0.14068052801849562
1219,-0.16188850429069868
1220,-0.16188850429069868
1221,0.1132487702091658
1222,-0.16188850429069868
1223,0.1132487702091658
1224,0.1132487702091658
1225,-0.12918476867315842
1226,-0.16188850429069868
1227,-0.12918476867315842
1228,-0.12918476867315842
1229,-0.16188850429069868
1230,-0.16188850429069868
1231,0.14068052801849562
1232,0.14068052801849562
1233,0.1132487702091658
1234,-0.12918476867315842
1235,0.14068052801849562
1236,0.1132487702091658
1237,-0.12918476867315842
1238,0.1132487702091658
1239,0.14068052801849562
1240,-0.12918476867315842
1241,-0.12918476867315842
1242,0.1132487702091658
1243,-0.12918476867315842
1244,0.1132487702091658
1245,-0.16188850429069868
1246,-0.16188850429069868
1247,0.14068052801849562
1248,0.1132487702091658
1249,0.1132487702091658
1250,0.1132487702091658
1251,0.1132487702091658
1252,0.14068052801849562
1253,-0.12918476867315842
1254,-0.12918476867315842
1255,0.1132487702091658
1256,-0.16188850429069868
1257,0.14068052801849562
1258,0.1132487702091658
1259,-0.12918476867315842
1260,0.14068052801849562
1261,-0.12918476867315842
1262,0.14068052801849562
1263,0.1132487702091658
1264,-0.16188850429069868
1265,-0.16188850429069868
1266,-0.12918476867315842
1267,-0.12918476867315842
1268,0.1132487702091658
1269,0.14068052801849562
1270,0.1132487702091658
1271,0.14068052801849562
1272,0.1132487702091658
1273,0.1132487702091658
1274,0.14068052801849562
1275,0.14068052801849562
1276,-0.12918476867315842
1277,0.14068052801849562
1278,0.14068052801849562
1279,0.1132487702091658
1280,0.1132487702091658
1281,0.1132487702091658
1282,0.1132487702091658
1283,0.14068052801849562
1284,-0.12918476867315842
1285,-0.12918476867315842
1286,0.14068052801849562
1287,-0.16188850429069868
1288,-0.12918476867315842
1289,0.1132487702091658
1290,-0.16188850429069868
1291,-0.12918476867315842
1292,0.14068052801849562
1293,0.1132487702091658
1294,-0.16188850429069868
1295,-0.16188850429069868
1296,0.1132487702091658
1297,0.14068052801849562
1298,0.14068052801849562
1299,-0.16188850429069868
1300,0.14068052801849562
1301,0.1132487702091658
1302,-0.12918476867315842
1303,-0.16188850429069868
1304,-0.12918476867315842
1305,-0.16188850429069868
1306,-0.16188850429069868
1307,-0.12918476867315842
1308,-0.12918476867315842
1309,0.14068052801849562
1310,-0.16188850429069868
1311,-0.12918476867315842
1312,0.14068052801849562
1313,-0.12918476867315842
1314,0.14068052801849562
1315,0.14068052801849562
1316,0.14068052801849562
1317,-0.16188850429069868
1318,0.14068052801849562
1319,0.14068052801849562
1320,-0.16188850429069868
1321,0.14068052801849562
1322,0.1132487702091658
1323,-0.16188850429069868
1324,0.14068052801849562
1325,-0.12918476867315842
1326,-0.12918476867315842
1327,-0.12918476867315842
1328,-0.16188850429069868
1329,0.14068052801849562
1330,0.1132487702091658
1331,-0.16188850429069868
1332,0.14068052801849562
1333,-0.12918476867315842
1334,0.1132487702091658
1335,0.1132487702091658
1336,-0.16188850429069868
1337,-0.12918476867315842
1338,-0.12918476867315842
1339,0.1132487702091658
1340,0.14068052801849562
1341,0.1132487702091658
1342,0.1132487702091658
1343,0.14068052801849562
1344,-0.16188850429069868
1345,0.14068052801849562
1346,-0.16188850429069868
1347,0.1132487702091658
1348,-0.16188850429069868
1349,-0.16188850429069868
1350,0.1132487702091658
1351,0.14068052801849562
1352,0.1132487702091658
1353,0.1132487702091658
1354,-0.16188850429069868
1355,0.14068052801849562
1356,-0.12918476867315842
1357,0.1132487702091658
1358,0.1132487702091658
1359,0.14068052801849562
1360,0.1132487702091658
1361,-0.12918476867315842
1362,0.1132487702091658
1363,0.1132487702091658
1364,0.1132487702091658
1365,-0.12918476867315842
1366,-0.12918476867315842
1367,-0.12918476867315842
1368,-0.12918476867315842
1369,0.14068052801849562
1370,0.14068052801849562
1371,0.1132487702091658
1372,-0.16188850429069868
1373,0.1132487702091658
1374,-0.16188850429069868
1375,-0.12918476867315842
1376,0.1132487702091658
1377,0.1132487702091658
1378,0.1132487702091658
1379,-0.12918476867315842
1380,0.14068052801849562
1381,0.1132487702091658
1382,0.1132487702091658
1383,0.1132487702091658
1384,0.14068052801849562
1385,0.1132487702091658
1386,-0.12918476867315842
1387,-0.12918476867315842
1388,-0.12918476867315842
1389,0.1132487702091658
1390,-0.12918476867315842
1391,-0.12918476867315842
1392,0.1132487702091658
1393,-0.12918476867315842
1394,0.1132487702091658
1395,-0.16188850429069868
1396,-0.12918476867315842
1397,0.1132487702091658
1398,-0.12918476867315842
1399,0.1132487702091658
1400,0.1132487702091658
1401,0.14068052801849562
1402,0.14068052801849562
1403,-0.16188850429069868
1404,0.14068052801849562
1405,-0.16188850429069868
1406,-0.16188850429069868
1407,-0.16188850429069868
1408,0.1132487702091658
1409,-0.12918476867315842
1410,0.14068052801849562
1411,-0.16188850429069868
1412,-0.16188850429069868
1413,-0.12918476867315842
1414,0.14068052801849562
1415,0.1132487702091658
1416,-0.16188850429069868
1417,-0.16188850429069868
1418,0.14068052801849562
1419,0.14068052801849562
1420,-0.16188850429069868
1421,0.14068052801849562
1422,-0.12918476867315842
1423,0.1132487702091658
1424,-0.12918476867315842
1425,-0.12918476867315842
1426,-0.16188850429069868
1427,0.1132487702091658
1428,0.14068052801849562
1429,0.14068052801849562
1430,0.14068052801849562
1431,0.14068052801849562
1432,-0.16188850429069868
1433,0.14068052801849562
1434,-0.12918476867315842
1435,-0.12918476867315842
1436,-0.12918476867315842
1437,0.14068052801849562
1438,0.14068052801849562
1439,0.1132487702091658
1440,-0.12918476867315842
1441,0.1132487702091658
1442,0.1132487702091658
1443,-0.12918476867315842
1444,0.14068052801849562
1445,0.1132487702091658
1446,0.14068052801849562
1447,0.14068052801849562
1448,0.14068052801849562
1449,-0.16188850429069868
1450,-0.12918476867315842
1451,-0.12918476867315842
1452,0.1132487702091658
1453,-0.12918476867315842
1454,0.14068052801849562
1455,0.14068052801849562
1456,-0.16188850429069868
1457,0.1132487702091658
1458,0.1132487702091658
1459,-0.16188850429069868
1460,0.14068052801849562
1461,-0.12918476867315842
1462,0.14068052801849562
1463,-0.12918476867315842
1464,0.1132487702091658
1465,0.1132487702091658
1466,-0.16188850429069868
1467,-0.12918476867315842
1468,0.1132487702091658
1469,-0.12918476867315842
1470,-0.12918476867315842
1471,-0.16188850429069868
1472,0.14068052801849562
1473,-0.16188850429069868
1474,0.14068052801849562
1475,0.14068052801849562
1476,0.1132487702091658
1477,0.14068052801849562
1478,0.1132487702091658
1479,0.14068052801849562
1480,0.14068052801849562
1481,0.14068052801849562
1482,-0.12918476867315842
1483,-0.12918476867315842
1484,0.14068052801849562
1485,0.1132487702091658
1486,-0.16188850429069868
1487,-0.12918476867315842
1488,0.1132487702091658
1489,0.1132487702091658
1490,0.14068052801849562
1491,0.1132487702091658
1492,-0.16188850429069868
1493,0.14068052801849562
1494,-0.16188850429069868
1495,-0.12918476867315842
1496,0.1132487702091658
1497,-0.16188850429069868
1498,0.14068052801849562
1499,0.1132487702091658
1500,0.1132487702091658
1501,0.1132487702091658
1502,-0.12918476867315842
1503,0.1132487702091658
1504,0.1132487702091658
1505,0.14068052801849562
1506,-0.12918476867315842
1507,0.1132487702091658
1508,0.1132487702091658
1509,0.1132487702091658
1510,0.14068052801849562
1511,-0.12918476867315842
1512,-0.16188850429069868
1513,0.1132487702091658
1514,0.14068052801849562
1515,-0.12918476867315842
1516,0.14068052801849562
1517,0.14068052801849562
1518,0.1132487702091658
1519,-0.16188850429069868
1520,0.1132487702091658
1521,-0.12918476867315842
1522,-0.12918476867315842
1523,0.14068052801849562
1524,0.14068052801849562
1525,0.1132487702091658
1526,0.14068052801849562
1527,0.14068052801849562
1528,-0.12918476867315842
1529,-0.12918476867315842
1530,-0.12918476867315842
1531,0.14068052801849562
1532,0.14068052801849562
1533,0.14068052801849562
1534,0.14068052801849562
1535,-0.12918476867315842
1536,-0.16188850429069868
1537,-0.16188850429069868
1538,0.1132487702091658
1539,0.14068052801849562
1540,0.1132487702091658
1541,0.1132487702091658
1542,-0.12918476867315842
1543,0.14068052801849562
1544,0.14068052801849562
1545,0.1132487702091658
1546,0.1132487702091658
1547,0.14068052801849562
1548,0.14068052801849562
1549,-0.16188850429069868
1550,0.14068052801849562
1551,0.1132487702091658
1552,-0.16188850429069868
1553,-0.12918476867315842
1554,-0.12918476867315842
1555,0.14068052801849562
1556,-0.16188850429069868
1557,-0.12918476867315842
1558,-0.16188850429069868
1559,-0.12918476867315842
1560,-0.12918476867315842
1561,-0.16188850429069868
1562,0.1132487702091658
1563,0.1132487702091658
1564,-0.12918476867315842
1565,0.1132487702091658
1566,0.1132487702091658
1567,-0.12918476867315842
1568,0.14068052801849562
1569,0.14068052801849562
1570,-0.16188850429069868
1571,0.1132487702091658
1572,0.1132487702091658
1573,0.14068052801849562
1574,0.1132487702091658
1575,0.14068052801849562
1576,0.1132487702091658
1577,0.1132487702091658
1578,-0.12918476867315842
1579,-0.12918476867315842
1580,-0.12918476867315842
1581,-0.12918476867315842
1582,0.14068052801849562
1583,0.1132487702091658
1584,0.14068052801849562
1585,-0.12918476867315842
1586,-0.16188850429069868
1587,0.14068052801849562
1588,-0.16188850429069868
1589,0.14068052801849562
1590,-0.16188850429069868
1591,-0.12918476867315842
1592,0.1132487702091658
1593,-0.16188850429069868
1594,-0.16188850429069868
1595,0.14068052801849562
1596,0.1132487702091658
1597,-0.12918476867315842
1598,0.1132487702091658
1599,0.1132487702091658
1600,-0.12918476867315842
1601,0.14068052801849562
1602,-0.12918476867315842
1603,0.1132487702091658
1604,0.14068052801849562
1605,0.1132487702091658
1606,-0.12918476867315842
1607,0.1132487702091658
1608,0.1132487702091658
1609,-0.12918476867315842
1610,-0.16188850429069868
1611,-0.16188850429069868
1612,-0.16188850429069868
1613,-0.16188850429069868
1614,0.14068052801849562
1615,0.1132487702091658
1616,0.14068052801849562
1617,0.1132487702091658
1618,0.14068052801849562
1619,0.1132487702091658
1620,-0.16188850429069868
1621,0.14068052801849562
1622,-0.16188850429069868
1623,0.14068052801849562
1624,-0.16188850429069868
1625,-0.16188850429069868
1626,0.1132487702091658
1627,0.14068052801849562
1628,0.1132487702091658
1629,0.1132487702091658
1630,0.1132487702091658
1631,-0.16188850429069868
1632,0.14068052801849562
1633,-0.12918476867315842
1634,0.1132487702091658
1635,-0.16188850429069868
1636,-0.12918476867315842
1637,-0.12918476867315842
1638,0.14068052801849562
1639,0.1132487702091658
1640,0.1132487702091658
1641,-0.16188850429069868
1642,0.14068052801849562
1643,0.14068052801849562
1644,0.1132487702091658
1645,-0.12918476867315842
1646,0.1132487702091658
1647,0.1132487702091658
1648,0.14068052801849562
1649,0.14068052801849562
1650,-0.12918476867315842
1651,-0.12918476867315842
1652,-0.16188850429069868
1653,-0.16188850429069868
1654,-0.12918476867315842
1655,-0.16188850429069868
1656,-0.12918476867315842
1657,0.1132487702091658
1658,0.1132487702091658
1659,0.14068052801849562
1660,0.14068052801849562
1661,0.1132487702091658
1662,0.1132487702091658
1663,-0.16188850429069868
1664,-0.12918476867315842
1665,0.1132487702091658
1666,0.1132487702091658
1667,-0.12918476867315842
1668,-0.12918476867315842
1669,-0.16188850429069868
1670,0.14068052801849562
1671,-0.16188850429069868
1672,-0.12918476867315842
1673,0.14068052801849562
1674,-0.16188850429069868
1675,-0.16188850429069868
1676,-0.12918476867315842
1677,0.14068052801849562
1678,-0.16188850429069868
1679,-0.12918476867315842
1680,0.1132487702091658
1681,0.14068052801849562
1682,0.14068052801849562
1683,0.14068052801849562
1684,-0.16188850429069868
1685,-0.12918476867315842
1686,-0.16188850429069868
1687,0.14068052801849562
1688,-0.12918476867315842
1689,-0.12918476867315842
1690,0.1132487702091658
1691,-0.12918476867315842
1692,0.1132487702091658
1693,0.1132487702091658
1694,-0.12918476867315842
1695,0.1132487702091658
1696,0.14068052801849562
1697,-0.12918476867315842
1698,-0.16188850429069868
1699,0.1132487702091658
1700,-0.12918476867315842
1701,-0.12918476867315842
1702,-0.16188850429069868
1703,-0.12918476867315842
1704,0.1132487702091658
1705,-0.12918476867315842
1706,-0.16188850429069868
1707,-0.12918476867315842
1708,-0.12918476867315842
1709,-0.12918476867315842
1710,-0.16188850429069868
1711,-0.12918476867315842
1712,0.14068052801849562
1713,0.1132487702091658
1714,-0.16188850429069868
1715,0.14068052801849562
1716,-0.16188850429069868
1717,-0.16188850429069868
1718,0.14068052801849562
1719,0.1132487702091658
1720,-0.16188850429069868
1721,-0.12918476867315842
1722,0.1132487702091658
1723,0.1132487702091658
1724,-0.12918476867315842
1725,0.14068052801849562
1726,-0.12918476867315842
1727,-0.12918476867315842
1728,0.1132487702091658
1729,0.14068052801849562
1730,0.14068052801849562
1731,-0.16188850429069868
1732,0.14068052801849562
1733,0.14068052801849562
1734,0.14068052801849562
1735,0.1132487702091658
1736,0.1132487702091658
1737,-0.16188850429069868
1738,-0.16188850429069868
1739,-0.12918476867315842
1740,0.1132487702091658
1741,0.1132487702091658
1742,-0.12918476867315842
1743,0.1132487702091658
1744,-0.12918476867315842
1745,0.1132487702091658
1746,0.1132487702091658
1747,0.1132487702091658
1748,0.14068052801849562
1749,0.14068052801849562
1750,0.1132487702091658
1751,0.14068052801849562
1752,-0.12918476867315842
1753,0.14068052801849562
1754,0.1132487702091658
1755,0.1132487702091658
1756,0.14068052801849562
1757,0.14068052801849562
1758,-0.12918476867315842
1759,-0.12918476867315842
1760,-0.12918476867315842
1761,-0.12918476867315842
1762,-0.12918476867315842
1763,-0.12918476867315842
1764,-0.12918476867315842
1765,0.1132487702091658
1766,0.1132487702091658
1767,0.14068052801849562
1768,0.1132487702091658
1769,-0.12918476867315842
1770,-0.12918476867315842
1771,-0.12918476867315842
1772,0.14068052801849562
1773,-0.16188850429069868
1774,0.1132487702091658
1775,-0.12918476867315842
1776,-0.16188850429069868
1777,0.1132487702091658
1778,-0.16188850429069868
1779,-0.12918476867315842
1780,-0.16188850429069868
1781,-0.16188850429069868
1782,-0.12918476867315842
1783,0.1132487702091658
1784,-0.16188850429069868
1785,0.1132487702091658
1786,-0.12918476867315842
1787,-0.12918476867315842
1788,-0.12918476867315842
1789,0.1132487702091658
1790,0.14068052801849562
1791,-0.16188850429069868
1792,-0.12918476867315842
1793,-0.16188850429069868
1794,-0.12918476867315842
1795,0.1132487702091658
1796,0.14068052801849562
1797,0.1132487702091658
1798,0.1132487702091658
1799,0.1132487702091658
1800,0.14068052801849562
1801,-0.12918476867315842
1802,0.14068052801849562
1803,0.1132487702091658
1804,0.1132487702091658
1805,0.1132487702091658
1806,0.1132487702091658
1807,0.14068052801849562
1808,-0.12918476867315842
1809,0.14068052801849562
1810,-0.16188850429069868
1811,0.1132487702091658
1812,0.1132487702091658
1813,-0.12918476867315842
1814,0.1132487702091658
1815,0.1132487702091658
1816,0.14068052801849562
1817,0.1132487702091658
1818,0.14068052801849562
1819,0.1132487702091658
1820,0.1132487702091658
1821,-0.12918476867315842
1822,0.14068052801849562
1823,-0.12918476867315842
1824,-0.16188850429069868
1825,0.1132487702091658
1826,0.14068052801849562
1827,0.14068052801849562
1828,-0.16188850429069868
1829,0.1132487702091658
1830,0.14068052801849562
1831,0.14068052801849562
1832,-0.16188850429069868
1833,-0.12918476867315842
1834,0.1132487702091658
1835,-0.16188850429069868
1836,0.1132487702091658
1837,0.14068052801849562
1838,0.14068052801849562
1839,0.1132487702091658
1840,-0.12918476867315842
1841,-0.12918476867315842
1842,0.14068052801849562
1843,0.1132487702091658
1844,0.14068052801849562
1845,0.14068052801849562
1846,0.1132487702091658
1847,-0.12918476867315842
1848,-0.12918476867315842
1849,-0.16188850429069868
1850,0.1132487702091658
1851,-0.12918476867315842
1852,0.1132487702091658
1853,-0.12918476867315842
1854,0.1132487702091658
1855,-0.12918476867315842
1856,0.14068052801849562
1857,0.14068052801849562
1858,0.14068052801849562
1859,0.1132487702091658
1860,-0.16188850429069868
1861,-0.12918476867315842
1862,-0.12918476867315842
1863,-0.16188850429069868
1864,-0.12918476867315842
1865,0.14068052801849562
1866,-0.16188850429069868
1867,0.1132487702091658
1868,-0.16188850429069868
1869,-0.16188850429069868
1870,0.14068052801849562
1871,0.1132487702091658
1872,0.14068052801849562
1873,-0.12918476867315842
1874,0.14068052801849562
1875,0.1132487702091658
1876,0.14068052801849562
1877,0.1132487702091658
1878,-0.16188850429069868
1879,0.14068052801849562
1880,0.1132487702091658
1881,-0.12918476867315842
1882,-0.16188850429069868
1883,-0.16188850429069868
1884,0.14068052801849562
1885,-0.12918476867315842
1886,0.14068052801849562
1887,0.14068052801849562
1888,-0.12918476867315842
1889,0.1132487702091658
1890,0.1132487702091658
1891,-0.12918476867315842
1892,-0.12918476867315842
1893,0.1132487702091658
1894,-0.12918476867315842
1895,-0.16188850429069868
1896,0.1132487702091658
1897,-0.12918476867315842
1898,0.14068052801849562
1899,-0.12918476867315842
1900,-0.16188850429069868
1901,-0.16188850429069868
1902,0.1132487702091658
1903,0.1132487702091658
1904,-0.12918476867315842
1905,-0.16188850429069868
1906,0.1132487702091658
1907,0.1132487702091658
1908,-0.12918476867315842
1909,0.1132487702091658
1910,-0.12918476867315842
1911,-0.12918476867315842
1912,0.14068052801849562
1913,0.14068052801849562
1914,-0.12918476867315842
1915,0.14068052801849562
1916,-0.16188850429069868
1917,-0.12918476867315842
1918,-0.16188850429069868
1919,-0.12918476867315842
1920,0.14068052801849562
1921,-0.12918476867315842
1922,-0.12918476867315842
1923,0.14068052801849562
1924,0.1132487702091658
1925,0.14068052801849562
1926,-0.12918476867315842
1927,-0.12918476867315842
1928,0.14068052801849562
1929,-0.12918476867315842
1930,-0.12918476867315842
1931,-0.12918476867315842
1932,0.14068052801849562
1933,0.1132487702091658
1934,-0.12918476867315842
1935,0.14068052801849562
1936,0.1132487702091658
1937,-0.12918476867315842
1938,0.14068052801849562
1939,-0.12918476867315842
1940,0.1132487702091658
1941,0.14068052801849562
1942,0.14068052801849562
1943,0.1132487702091658
1944,0.14068052801849562
1945,0.14068052801849562
1946,0.14068052801849562
1947,-0.16188850429069868
1948,-0.12918476867315842
1949,0.14068052801849562
1950,0.1132487702091658
1951,-0.12918476867315842
1952,0.1132487702091658
1953,-0.12918476867315842
1954,-0.12918476867315842
1955,0.1132487702091658
1956,0.14068052801849562
1957,0.1132487702091658
1958,-0.16188850429069868
1959,0.14068052801849562
1960,0.1132487702091658
1961,-0.16188850429069868
1962,-0.12918476867315842
1963,-0.16188850429069868
1964,0.1132487702091658
1965,0.14068052801849562
1966,-0.12918476867315842
1967,0.1132487702091658
1968,0.14068052801849562
1969,0.14068052801849562
1970,0.1132487702091658
1971,-0.12918476867315842
1972,-0.16188850429069868
1973,-0.12918476867315842
1974,-0.12918476867315842
1975,0.1132487702091658
1976,0.1132487702091658
1977,-0.16188850429069868
1978,0.14068052801849562
1979,0.14068052801849562
1980,0.1132487702091658
1981,-0.16188850429069868
1982,0.14068052801849562
1983,-0.16188850429069868
1984,-0.16188850429069868
1985,0.14068052801849562
1986,0.14068052801849562
1987,0.1132487702091658
1988,-0.12918476867315842
1989,0.14068052801849562
1990,0.14068052801849562
1991,0.1132487702091658
1992,-0.12918476867315842
1993,0.14068052801849562
1994,0.14068052801849562
1995,-0.16188850429069868
1996,-0.12918476867315842
1997,0.14068052801849562
1998,0.14068052801849562
1999,-0.12918476867315842
2000,0.14068052801849562
2001,0.1132487702091658
2002,-0.12918476867315842
2003,-0.16188850429069868
2004,-0.12918476867315842
2005,-0.16188850429069868
2006,0.1132487702091658
2007,-0.12918476867315842
2008,-0.12918476867315842
2009,0.14068052801849562
2010,0.1132487702091658
2011,-0.12918476867315842
2012,-0.12918476867315842
2013,-0.12918476867315842
2014,0.1132487702091658
2015,0.14068052801849562
2016,-0.12918476867315842
2017,-0.12918476867315842
2018,-0.12918476867315842
2019,0.14068052801849562
2020,0.1132487702091658
2021,-0.16188850429069868
2022,-0.16188850429069868
2023,0.1132487702091658
2024,0.14068052801849562
2025,-0.16188850429069868
2026,0.1132487702091658
2027,0.1132487702091658
2028,-0.16188850429069868
2029,-0.12918476867315842
2030,0.14068052801849562
2031,-0.12918476867315842
2032,-0.12918476867315842
2033,0.14068052801849562
2034,0.1132487702091658
2035,0.1132487702091658
2036,0.1132487702091658
2037,0.1132487702091658
2038,0.14068052801849562
2039,0.1132487702091658
2040,-0.16188850429069868
2041,0.14068052801849562
2042,-0.12918476867315842
2043,-0.16188850429069868
2044,0.1132487702091658
2045,-0.16188850429069868
2046,0.1132487702091658
2047,-0.16188850429069868
2048,-0.12918476867315842
2049,0.14068052801849562
2050,-0.12918476867315842
2051,0.1132487702091658
2052,0.1132487702091658
2053,0.14068052801849562
2054,0.1132487702091658
2055,0.1132487702091658
2056,-0.12918476867315842
2057,0.1132487702091658
2058,-0.16188850429069868
2059,-0.16188850429069868
2060,0.14068052801849562
2061,-0.12918476867315842
2062,-0.12918476867315842
2063,0.1132487702091658
2064,-0.16188850429069868
2065,0.14068052801849562
2066,0.1132487702091658
2067,0.14068052801849562
2068,0.14068052801849562
2069,0.1132487702091658
2070,-0.12918476867315842
2071,-0.12918476867315842
2072,0.14068052801849562
2073,-0.12918476867315842
2074,0.14068052801849562
2075,0.14068052801849562
2076,-0.16188850429069868
2077,-0.12918476867315842
2078,0.1132487702091658
2079,-0.16188850429069868
2080,-0.16188850429069868
2081,0.14068052801849562
2082,-0.12918476867315842
2083,0.14068052801849562
2084,0.1132487702091658
2085,-0.16188850429069868
2086,0.1132487702091658
2087,-0.16188850429069868
2088,-0.16188850429069868
2089,0.1132487702091658
2090,0.1132487702091658
2091,0.14068052801849562
2092,0.14068052801849562
2093,0.1132487702091658
2094,0.14068052801849562
2095,0.14068052801849562
2096,-0.12918476867315842
2097,-0.16188850429069868
2098,0.1132487702091658
2099,0.1132487702091658
2100,0.1132487702091658
2101,-0.16188850429069868
2102,0.14068052801849562
2103,0.1132487702091658
2104,0.14068052801849562
2105,-0.12918476867315842
2106,0.1132487702091658
2107,0.1132487702091658
2108,-0.16188850429069868
2109,-0.16188850429069868
2110,-0.16188850429069868
2111,0.1132487702091658
2112,-0.12918476867315842
2113,0.14068052801849562
2114,0.1132487702091658
2115,0.14068052801849562
2116,0.1132487702091658
2117,0.1132487702091658
2118,0.1132487702091658
2119,0.1132487702091658
2120,-0.12918476867315842
2121,0.14068052801849562
2122,-0.16188850429069868
2123,0.1132487702091658
2124,0.14068052801849562
2125,-0.16188850429069868
2126,-0.12918476867315842
2127,0.14068052801849562
2128,0.1132487702091658
2129,-0.16188850429069868
2130,0.14068052801849562
2131,0.1132487702091658
2132,0.1132487702091658
2133,0.14068052801849562
2134,-0.16188850429069868
2135,0.14068052801849562
2136,0.1132487702091658
2137,-0.16188850429069868
2138,0.1132487702091658
2139,0.1132487702091658
2140,0.14068052801849562
2141,0.1132487702091658
2142,0.1132487702091658
2143,-0.16188850429069868
2144,-0.12918476867315842
2145,0.1132487702091658
2146,0.1132487702091658
2147,0.1132487702091658
2148,-0.12918476867315842
2149,-0.12918476867315842
2150,0.14068052801849562
2151,0.1132487702091658
2152,0.14068052801849562
2153,0.14068052801849562
2154,0.14068052801849562
2155,0.1132487702091658
2156,-0.16188850429069868
2157,0.14068052801849562
2158,0.14068052801849562
2159,0.14068052801849562
2160,-0.12918476867315842
2161,-0.16188850429069868
2162,0.14068052801849562
2163,-0.12918476867315842
2164,0.14068052801849562
