,pve
0,0.18849695026787727
1,0.2660537374199393
2,-0.3922835090852773
3,-0.03506242834766016
4,0.11339830476775281
5,0.007894477461894422
6,0.10228984267477204
7,0.15673912196141437
8,-0.014852232956497402
9,0.08807082556532564
10,0.3088798831822563
11,0.025980604929426443
12,0.05766309825375615
13,-0.000829691468702376
14,0.5183275764883796
15,-0.023259055008549967
16,0.126389867180141
17,-0.5974091111068308
18,0.2488543639095102
19,-0.02389632325159663
20,0.18620141516673294
21,0.179359090524718
22,-0.0035293619089079575
23,0.1849405269077784
24,-0.19091387566634754
25,-0.21264796375185202
26,-0.5288056932882325
27,0.466748616896508
28,-0.11224928993597161
29,-0.02704507959812874
30,-0.08792931823557193
31,0.3850029918510351
32,0.1491158043136379
33,0.27372559397233126
34,-0.2274775600734068
35,0.5592471711536643
36,-0.3353409938972781
37,0.330250702270487
38,0.08073915036491053
39,0.33348877187041365
40,-0.3071677310654476
41,-0.34535671677107327
42,0.3251373725951444
43,-0.2520540319801028
44,-0.257291588023123
45,-0.07221170570909452
46,0.19017371412557987
47,0.3318499601516745
48,0.041459026200772686
49,0.4764174632203886
50,-0.035604111921483494
51,0.277817493497651
52,0.30166067248847533
53,-0.22503297785929
54,-0.27504489497702833
55,0.1644569319031946
56,0.10590504855701877
57,0.30515931938095886
58,0.21451578116011832
59,-0.10816813853627294
60,-0.2482002339628906
61,0.24238079289353986
62,0.22696236067167763
63,0.0587509600095657
64,0.1582352890340264
65,0.4742342645392439
66,0.48695178607962475
67,-0.44218014847608333
68,0.3090118119070089
69,0.037816531892789884
70,-0.0847309704848449
71,0.37575909477397273
72,-0.4331302274198626
73,-0.33090160052921236
74,0.05967697920273374
75,-0.31966273284993485
76,0.2968824033179744
77,-0.24162391779685288
78,0.3392152490056051
79,0.0004101462629896302
80,0.2828524282398329
81,-1.0194434226167033
82,0.372227572258776
83,0.1205308672692812
84,-0.22282411484702092
85,0.25564989835300184
86,0.3492653549663372
87,0.40506009695574524
88,0.14175737543995626
89,0.060718704302810234
90,0.29712896100409253
91,0.27075151674185205
92,0.1963478478695625
93,0.26253823792077924
94,0.040543094357401555
95,-0.17208007502345812
96,-0.6028491985154686
97,0.31325340227662896
98,0.5340945059741249
99,0.37575909477397273
100,0.1199234384538227
101,0.1652377026348813
102,-0.0172164065591891
103,0.47180518974510394
104,0.4669859955033719
105,-0.07045491311973762
106,0.2048228148111984
107,0.17434293464728357
108,0.15118652993807014
109,0.1759494331120799
110,0.09876942595195803
111,-0.06503205380955568
112,0.1904562240980408
113,0.5775933091175082
114,0.339573161243278
115,-0.6240321638995597
116,0.3834225169848682
117,0.2544823377482595
118,-0.18666342737216735
119,-0.2647086309530712
120,0.3329019074005136
121,0.03638340202605306
122,0.2383414672312663
123,-0.1791145436296132
124,-0.008778438354628881
125,0.1458784765682769
126,0.07055376586518303
127,0.2678964919788536
128,0.29348993860284905
129,-0.2592537538086144
130,-0.3941403076809479
131,-0.7813318890720914
132,0.17460110420817265
133,0.1652957178019413
134,-0.0953142329434794
135,0.4621680586946869
136,0.06479318701593251
137,-0.2518536206865363
138,-0.0016694725704590185
139,0.2256587161897829
140,-0.7425427320088575
141,-0.26947691372281835
142,0.010998738205607483
143,0.47256626540743585
144,0.03575270024621924
145,0.09638745997932263
146,0.20367135261892022
147,-0.2817868203045416
148,0.2241950745679558
149,-0.18728620493139458
150,-0.09963105360182722
151,0.025980604929426443
152,-0.5002570684438138
153,-0.09050796464693323
154,-0.48677739249184804
155,0.10112409526613719
156,-0.19037506087581502
157,0.25087823991070907
158,0.1946595540167274
159,0.1833591063677658
160,0.06829475624796189
161,0.05766309825375615
162,0.35595954896778115
163,0.272014276808689
164,0.22890859206661557
165,-0.19533117843853764
166,0.19945117087109543
167,0.3884710865224454
168,0.5107474472551958
169,-0.2918059283672544
170,0.012528980745914686
171,0.1780753696515563
172,-0.7141385282374609
173,0.18909846803732916
174,0.3986099194261713
175,-0.2756121132398205
176,-0.4795545362750743
177,0.2277482800559345
178,0.017426638076327383
179,-0.2086232198311293
180,0.4780052512134516
181,0.031103281188902487
182,0.2011106346546946
183,0.2838323146785378
184,0.5399684573347403
185,0.12686604285677283
186,0.4488584951857249
187,-0.37890997931945847
188,-0.7545242686927182
189,0.5140785528650832
190,-0.12060028280694002
191,0.053719969824267744
192,-0.6039763919092539
193,-0.29417769795333404
194,-0.36430411478302827
195,-0.006231731937823448
196,0.07065615081457222
197,0.39028883117018903
198,0.37088537709953723
199,0.2417378775654836
200,0.08117474722964813
201,0.40438066028687325
202,-0.6861468770026057
203,-1.0707051388345894
204,0.3546613980139131
205,-0.06746668087886509
206,0.08495049730694271
207,-0.5270220358632464
208,0.43454782372075573
209,-0.00692067288903464
210,0.24934275646655218
211,0.28903224556732887
212,0.2665909771432632
213,-0.39548360540901284
214,0.0672435594124271
215,0.37686417477831086
216,-0.024370983735463425
217,0.15787711983792918
218,0.11710789018062129
219,0.0025312673615260906
220,0.11443647981792315
221,0.25496395656669313
222,0.25334455982041826
223,-0.21162452097240414
224,-0.17987035893713033
225,0.26324085110611073
226,-0.5314257180715035
227,0.1491158043136379
228,-0.13602069622599844
229,-0.2513130746146838
230,0.0028283087346530067
231,-0.24255309010485382
232,-0.3998568697726185
233,-0.333055679182768
234,0.518291256390757
235,-0.10674682787949819
236,0.35781665006875524
237,-0.6447002766561863
238,0.2504149376867036
239,-0.08491502606086865
240,0.39286221621398976
241,-0.38694253236353926
242,0.10591820445486444
243,-0.3683608249745548
244,-0.0593811839842453
245,-0.20956231763751043
246,-0.028382072570147354
247,0.4728688853408028
248,-0.6325668015755094
249,0.1957166879980009
250,-0.578191496542049
251,-0.5244833392832303
252,0.3373212499985161
253,-0.1976652454345773
254,0.5122326010303607
255,0.2307413846120963
256,-0.06675063614216448
257,0.13248091958294206
258,-0.009818038776792659
259,0.5156210424783333
260,0.05850351092387973
261,0.3330379536558522
262,-0.03818654425238366
263,0.39614832177695725
264,-0.4196281383489878
265,0.015965198897323618
266,0.3735317213745501
267,-0.23082342813140788
268,0.11094448677249846
269,0.3057507663037283
270,-0.009818038776792659
271,-0.7105650793484354
272,-0.023786742704946295
273,0.3157504629405913
274,-0.2656299205868542
275,0.2828627094441598
276,0.12681406663252026
277,-0.08064803152403177
278,0.04646648892256133
279,0.507732188659126
280,-0.2088913438705462
281,0.053003096750608436
282,0.29696484990169386
283,-0.05446137116015615
284,0.0916402474797583
285,0.2931660139333776
286,0.04913349426421565
287,0.15858607017213822
288,0.31053826839772264
289,-0.12645357169796945
290,-0.14275969959353974
291,0.037206998897493904
292,0.4989335868652772
293,0.2202766560496492
294,-0.3307914334470682
295,-0.32896495814150284
296,-0.4872543982826639
297,0.10964593270446343
298,0.4469950278587488
299,0.31802391430637905
300,0.07185755680860151
301,0.20429832213103682
302,0.4984670464478499
303,0.46678435613087504
304,0.03346024444344653
305,0.19965137856716964
306,0.40639672941986804
307,0.21118732537153656
308,0.48781869153162466
309,-0.20956231763751043
310,0.26156951995937394
311,0.10909940193988987
312,0.44016606431162186
313,0.35779959996589644
314,-0.23287844668875202
315,0.015551837572876592
316,0.4953112316420607
317,-0.13691977680814227
318,0.2731267569905177
319,0.24624525269597436
320,0.42385384735306897
321,0.3678848861683469
322,0.2562810067133405
323,-0.005599016289685066
324,-0.19091387566634754
325,0.15019506495499702
326,-0.5848138147008611
327,0.420244960240857
328,0.4469950278587488
329,-0.25191090821226536
330,0.177156859626022
331,0.10591714600744273
332,0.20040978690475159
333,0.10005381851843342
334,0.051047634651493756
335,-0.013341605228877396
336,0.42388255370712674
337,0.4302894869193026
338,0.16052816156384397
339,0.04345964097766741
340,-0.07427756730398183
341,0.06703681477475931
342,0.44303819455384175
343,0.3883172282990749
344,0.2796401854823117
345,0.2107811930591823
346,0.22211741969380538
347,0.40684124362225227
348,0.37980784877695356
349,0.12436124691568273
350,0.22231308379253212
351,0.1458784765682769
352,0.4238251386468539
353,0.10520265521490968
354,0.022941993206184064
355,-0.5557156442646233
356,0.26950920255465244
357,0.3468758822536288
358,0.41889306364518997
359,0.36133534276255014
360,-0.1585520147580256
361,0.018010455009626947
362,0.40454080512926294
363,0.5129525746400647
364,-0.24652244739079754
365,-0.34731807298227746
366,0.09476002421241148
367,-0.2493249795181629
368,-0.25575560774103023
369,0.4471300606086465
370,-0.12010974751669423
371,-0.6013017511496414
372,-0.01525320905630112
373,-0.38413071021479783
374,0.06250663257422828
375,-0.49431880315936183
376,0.19757149344825053
377,0.17346274615230595
378,0.12308985319211518
379,0.05937243889623245
380,0.4794356887545648
381,0.42032343576084225
382,0.2678633658307793
383,0.12024779048176837
384,-0.4054363006094751
385,-0.033536796359568743
386,0.4554950101705706
387,0.1748837553086015
388,0.45376602997705817
389,0.24237580178449974
390,-0.5838900003950064
391,-0.0870621503937885
392,0.35407924480512215
393,0.14837566081105524
394,0.4939703939756489
395,0.18596735324644043
396,0.46672939723553203
397,-0.3212604882208654
398,-0.37675846097498955
399,0.23951162977183782
400,0.21470861234119676
401,-0.3416305432054053
402,0.19221736152431323
403,0.19849223581166808
404,-1.4432505203389772
405,-0.04700923959523462
406,0.07512080487337347
407,-0.00225244721464124
408,0.20446460310136266
409,0.29399226605635637
410,0.4812120490437689
411,-0.29617683361427904
412,0.18123652813116187
413,-0.4805197344914437
414,-0.39995433509982614
415,-0.09595908338995485
416,0.2176683965848385
417,-0.09667784429702586
418,0.008818043267013298
419,0.2112525701997976
420,-0.054532422330561436
421,0.03896365878953223
422,-0.3158019964046844
423,-0.14896083452709807
424,-0.005725837707567849
425,-0.182775291852611
426,-0.26396218916503933
427,0.020779371727919105
428,-0.5191460622062599
429,-0.04520591637569027
430,-0.21787739042231935
431,0.41175485418181207
432,0.1989473160945422
433,-0.05403263502412314
434,-0.5104655394671692
435,-0.2644023194542482
436,0.10827941326013502
437,0.041263671133885405
438,0.14149605967898482
439,0.3336227577673029
440,-0.16920598717180457
441,-0.017200481119825195
442,0.4796805821177651
443,-0.30190557996600764
444,0.12157448930876968
445,-0.37413558368427624
446,0.36210523923063537
447,0.12641279045306553
448,-0.16884626833218408
449,0.13803638569720078
450,0.24934275646655218
451,0.49331118509663063
452,-0.09110635731302696
453,-0.013027859107218487
454,0.4283748561823658
455,-0.010529244387057268
456,0.46801332092798775
457,-0.5206985551279334
458,0.11927750277901517
459,0.28309445401346905
460,0.0034732415002151074
461,-0.42324352116303754
462,0.5031556014533098
463,-0.019029009594584423
464,-0.19908610781165514
465,-0.07176436466285918
466,0.12896868790743599
467,0.08717669089877444
468,0.17103890811618272
469,-0.1296479062603102
470,-0.434857658013715
471,-0.1517312017724095
472,0.04819768025544824
473,0.4488584951857249
474,0.21306366736036775
475,0.4345321202602748
476,0.08354673379474464
477,-0.20226350341024946
478,-0.1853159480626242
479,-0.23781833437065458
480,-0.32036303765331564
481,0.15034590026532324
482,-0.029755282207848732
483,0.35903821424226096
484,0.3059080595337483
485,0.03470839980927254
486,0.2952499268378942
487,0.34287786179840646
488,0.2897206180914176
489,-0.34667780429346806
490,0.03453839906812073
491,-0.4814722420302425
492,0.16367521684152914
493,-0.1552363763114143
494,0.1748837553086015
495,0.4662554147985868
496,0.21776330647132236
497,0.2211122541715349
498,0.24902177226053562
499,0.12374167489475474
500,-0.02560173194523585
501,0.2628836948883626
502,-0.027316353007784233
503,-0.1286392531221474
504,-0.042163362446626884
505,0.1890805244506929
506,0.14718114952955574
507,-0.8918105629381913
508,-0.07138175118766166
509,0.10285204990597407
510,0.3711684803394024
511,0.3324674495472151
512,0.08088622320712024
513,-0.12803643418723498
514,0.3899661667115332
515,0.2034704021385113
516,0.40438066028687325
517,-0.17447785351394274
518,0.41668400944218453
519,0.14274625327607182
520,0.03361320389440192
521,0.1946595540167274
522,-0.22162178316635772
523,0.4260690789743497
524,0.11644147310010144
525,0.0808510245144356
526,0.07137015276005276
527,-0.7335697631374968
528,0.08005736392331053
529,0.4285088380119417
530,0.114248030305517
531,-0.13515891715918815
532,-0.17865585543000773
533,-0.29161110817068103
534,-0.25560803447950387
535,0.1199080964569399
536,-0.04852870133764586
537,0.25201796197329573
538,-0.10423961299706541
539,-0.051894400999661916
540,0.3215692298950624
541,-0.10031109768452584
542,-0.7141175631351341
543,0.033053961382321306
544,0.3223642308121515
545,0.12308985319211518
546,0.010387053059274787
547,0.22696236067167763
548,0.5204310709595219
549,0.24361762714415408
550,-0.11838088663590485
551,0.10979228045063183
552,-0.004543371625254644
553,-0.8421734161631725
554,0.4873728226797363
555,0.14550993755881636
556,0.15913983897969908
557,-0.9332261088348276
558,-0.0883900871355967
559,0.2861363502261651
560,0.18715500611075175
561,-0.453705089949651
562,-0.6669909364607266
563,0.34907345425862324
564,0.37913699222123853
565,-0.13442017484281266
566,0.18247915290705674
567,0.16933274404067333
568,-0.6573859875255389
569,0.3737929145163009
570,0.415229226143643
571,-0.9923015929768723
572,0.45056256752690405
573,0.2321384070048254
574,-0.021304285483683683
575,0.05566243162254181
576,0.4399425468547232
577,-0.16224535809999252
578,0.288322781820951
579,0.012726640123281507
580,-0.052379398865601834
581,-0.5964925452298931
582,-0.18452031080923847
583,0.19822073835373816
584,-0.10218974385469248
585,-0.23963187702438982
586,0.08709354688540072
587,-0.04288608399167848
588,0.11090643512848464
589,-0.31235625417285773
590,0.24811244256976017
591,-0.20217800069359537
592,-0.04817016636501181
593,0.39537440271068885
594,-0.30553448023396135
595,-0.26673366784377195
596,-0.08708090516322553
597,0.0249523763545757
598,-0.07948060965466852
599,0.16546447640962525
600,0.1458784765682769
601,-0.05357297969142394
602,0.056194780252910914
603,-0.5707263412614542
604,0.0026456147613332925
605,0.27181395805437514
606,-0.07176436466285918
607,-0.26970771380137815
608,-0.10439035081682446
609,0.5178021878721397
610,-0.19410959318917287
611,0.47023753762984644
612,0.28937284058902313
613,0.15640766393770378
614,0.3045122386257932
615,-0.07092461651063386
616,0.47984677270370957
617,-0.4957618581664328
618,0.2202791138263993
619,-0.459204724854268
620,-0.4682404286650085
621,0.3324674495472151
622,0.3615833833610734
623,0.20600827983266456
624,0.009379210371750046
625,-0.24100570958190126
626,-0.41586931490707013
627,0.5415881512217211
628,0.06088725018745855
629,0.0024260094505189622
630,0.010584441965448721
631,0.0416407011986033
632,-0.03275416107512774
633,-0.26023739559181425
634,0.14653469661609053
635,-0.314971437124162
636,-0.16399805351903152
637,-0.07676944754682613
638,-0.907672245111871
639,0.1939535459510654
640,0.2660884174084109
641,-0.3673327386161277
642,0.35092757904131117
643,0.05876838635653736
644,0.14132653624202396
645,0.41514572257250903
646,-0.02787357795944989
647,0.19991234946084874
648,-0.06258893617173733
649,-0.47923783041419477
650,-0.0713095484449684
651,0.5064014706957013
652,-0.018650638514474127
653,0.08493370927979316
654,-0.028382072570147354
655,0.3336460737694846
656,0.2125805922682764
657,0.5563674416138348
658,0.4152228267766424
659,-0.00225244721464124
660,0.11339830476775281
661,0.12681406663252026
662,0.5426733418872888
663,0.012528980745914686
664,0.48655128809483933
665,-0.34686515920791317
666,0.06320662576059077
667,0.4854380006535236
668,-0.29118717146806106
669,0.3000395910070311
670,0.3453666364840129
671,0.5177003489768084
672,0.0730500491569257
673,0.46073655040373546
674,0.1491158043136379
675,-0.3009587743273002
676,0.1113243735594791
677,0.4748127703474243
678,0.0560105856800267
679,0.4309550574327067
680,-0.7557249289209503
681,0.1748837553086015
682,-0.28108305902385744
683,0.44095326421935405
684,-0.39338526024762677
685,-0.3210227146521306
686,0.37283585217701254
687,0.11443647981792315
688,-0.26974899799610774
689,0.02747983220964567
690,0.19124705110177487
691,-0.20085476938965952
692,0.34473155332697475
693,-0.14326578891175312
694,0.19777466220640222
695,0.6281047237859738
696,0.016254493996461394
697,-0.42242536457258006
698,-0.27673001488568116
699,0.05976031001407767
700,-0.010815534162753715
701,-0.0980135162412813
702,0.2799039253155472
703,-0.27612777591284454
704,0.10407691376557504
705,-0.14728609057946795
706,-0.03216614233524895
707,0.15034590026532324
708,0.24340268594691983
709,-0.21207955207188878
710,0.18855042263198796
711,0.04122116730995362
712,-0.2671626910262863
713,0.31273070437504896
714,-0.2184050400177503
715,0.2959473932624963
716,0.3700129127949713
717,-0.05771439577695492
718,0.28889863096527707
719,0.2048031612629444
720,0.40506009695574524
721,0.46011950403975893
722,0.017457881901817407
723,-0.4746407133514511
724,0.21230080960455766
725,0.08417392624599307
726,-0.10850721706264344
727,0.10717852411134954
728,0.29436127011456287
729,0.3900672952242267
730,0.3447453236882062
731,-0.13799529253056775
732,0.4110655921673664
733,0.37088537709953723
734,0.03747193261144033
735,-0.14304148574080933
736,0.15750622188032026
737,-0.15773910823311266
738,0.2243683138417646
739,-0.10940132052520124
740,0.04345964097766741
741,-0.038006004828560536
742,0.159659369082076
743,-0.14275969959353974
744,-0.7039661446159825
745,-0.15872533625215257
746,0.5621081130296848
747,0.20593105043230786
748,0.29336747079865194
749,0.07065875310973291
750,-0.3798997800919547
751,-0.31900334206156866
752,0.17347876231453863
753,0.19868415030573106
754,-0.31666986733372615
755,0.20446460310136266
756,0.21099979409690395
757,0.08723618224371177
758,0.20427928885657864
759,0.21488464452196016
760,-0.7011063212635905
761,0.4453944109422511
762,0.1015328709691441
763,0.4061645589059717
764,0.0741088660684538
765,0.06215824977614137
766,0.02414845757466566
767,0.3181718318701269
768,0.3430098483544603
769,0.370271433996008
770,-0.7431192734193205
771,-0.2520540319801028
772,0.16696033829036117
773,-0.08725824268918769
774,0.10591820445486444
775,0.5056997423504619
776,-0.02560173194523585
777,0.36039699146908766
778,0.016475553247215613
779,-0.31652729107313715
780,0.2203945782557401
781,-0.8183415433460871
782,0.0017681046735549266
783,-0.167319151137303
784,-0.31215585622748854
785,0.13579745201347992
786,0.22215469561960044
787,-0.05882472144855189
788,0.08849129523825838
789,0.5005811135788671
790,-0.09051888243430462
791,0.1682026991189245
792,0.272014276808689
793,0.14346274663711744
794,-0.24332901664828754
795,0.5418114915596411
796,-0.663197950691213
797,0.08676872294761606
798,0.2934251488496434
799,0.44168391785614086
800,0.11235865634613151
801,-0.036931099529549205
802,-0.1302167910966766
803,-0.1566046453784996
804,-0.017129986941306297
805,-0.42621553430624404
806,0.42456754493335247
807,-0.07053062228792495
808,0.18693915780795384
809,-0.04131760867072565
810,0.03470839980927254
811,0.19463796070667883
812,0.08575971627835832
813,0.26864748819399625
814,0.31073639927275826
815,0.35595954896778115
816,0.2938276366559471
817,0.21223299838247067
818,0.1447833201374269
819,0.11698877490345616
820,-0.21046038717040583
821,0.11022804106217665
822,0.03216995538109102
823,0.33355638787081704
824,0.242690710272788
825,-0.009818038776792659
826,0.1768365986485425
827,0.2852984486521422
828,0.21584643235784395
829,0.16480410295736553
830,-0.36610647918512684
831,0.4423679364557851
832,0.11309021831719668
833,-0.8643577863730406
834,-0.06806671490203009
835,0.19443498799014236
836,0.13400678218075313
837,0.3825114570193017
838,-0.39299403382559406
839,-0.011548401649737028
840,0.11385773126729903
841,0.14498194467494185
842,-0.890316443683206
843,0.4373491403896107
844,0.40870905148052533
845,0.17333793150131888
846,0.13276683344028795
847,0.23546035556550227
848,0.23972973394480157
849,0.2560303450257246
850,0.033535321539313934
851,-0.27673001488568116
852,-0.7162597411869401
853,-1.0378427695787797
854,0.5327144721192639
855,0.04759674267171665
856,0.43892549020154936
857,0.5243662172897026
858,0.18869766237319846
859,-0.3394865003398443
860,0.13450879134815374
861,-0.6656320068539548
862,0.04140881061269275
863,0.44224929398109947
864,-0.06046203682241236
865,0.05065305893833005
866,0.39244820087591353
867,-0.16116842244467666
868,-0.12549606155450133
869,0.2979826089508317
870,0.12868623450822847
871,0.3772896316468083
872,0.11914981350056508
873,-0.23135033499711244
874,-0.19364799715198022
875,-0.519615944647278
876,-0.13657636815915253
877,0.29780149188863775
878,-0.26599413573138386
879,0.07378412348507923
880,-0.20835498096371985
881,-0.20085672720562497
882,0.15682482709371826
883,-0.1824348075460004
884,0.21584643235784395
885,0.416713301141953
886,-0.35879485011228296
887,-0.02245557356154415
888,0.3507595492566379
889,0.23776878224059034
890,-0.3203495684503278
891,0.5349355342432958
892,0.12150097113858838
893,0.2838401147216618
894,0.1946595540167274
895,0.08303038935802376
896,-0.06503205380955568
897,0.11339830476775281
898,0.4644646662899383
899,-0.01525320905630112
900,0.18267697061257915
901,0.130611337389556
902,-0.1226026054224657
903,0.4202171588978602
904,0.4417068737984927
905,-0.5181778317838547
906,0.14817834856955892
907,-0.018951559312157196
908,0.06724453608511316
909,-0.009450600308257062
910,-0.34979608204510015
911,0.2093578025356811
912,0.3269483393596938
913,0.219653670244791
914,0.3877468708937242
915,-0.1774334437646603
916,0.20477592661944388
917,-0.6222165412267028
918,-0.2522544701089894
919,0.12396450027806027
920,0.18267697061257915
921,0.37396205294167695
922,-0.6627793753223657
923,-0.5744350582144716
924,0.009210896147560987
925,-0.03603197019001225
926,0.22781392974267595
927,0.1675080003814624
928,0.04664333965131173
929,0.10990215355109045
930,0.46405646960892666
931,0.37762502424382394
932,-0.3481584806397454
933,0.14676804746773864
934,0.33994330711382187
935,0.2777713152992691
936,0.014370638099876154
937,0.568502630144452
938,-0.0054452011113581555
939,0.3390777931768577
940,-0.20835498096371985
941,0.10153359683958552
942,0.019895124230951855
943,0.26483142617853006
944,-0.3043929553812029
945,-1.4198462741386448
946,0.1738162696286324
947,0.3721822336137618
948,0.25087374730392786
949,0.29086992241304716
950,0.2760433469027006
951,0.15577913840608215
952,-0.1626094296710704
953,0.3065476436285476
954,0.33495594070243484
955,-0.5294573250160063
956,0.5495734689551067
957,-0.24508414518628774
958,0.29599950716515344
959,0.3859380360560899
960,-0.24124593318213927
961,-0.1371826647088713
962,0.4404368938935901
963,0.06698947107899189
964,0.3206582067532198
965,0.58211623757232
966,0.04221133414896827
967,-0.1061211537024459
968,0.0754076485588876
969,-0.23486969988891193
970,0.41983725235511804
971,0.16836728017119318
972,-0.047866587617728884
973,0.2466006057200873
974,0.49107465054986504
975,0.38820216681698205
976,0.14498194467494185
977,0.3304164660519517
978,-0.4685568051646548
979,0.20253513368046022
980,0.2678696062268158
981,0.2911996984984366
982,0.1183424480068116
983,-0.34268546707976044
984,-0.8933843622731216
985,0.06410635060039982
986,-0.26824473484060907
987,0.025030265368323312
988,-0.1302167910966766
989,-0.042163362446626884
990,0.22647276058675198
991,0.36443398828288187
992,0.47023753762984644
993,0.28914431096728266
994,0.09613249067020868
995,-0.683671402559081
996,-0.6204258597130446
997,0.5818245078793396
998,0.22346916841623043
999,0.011974484148728815
1000,0.042598707267722524
1001,0.019599487996863285
1002,0.518851760564047
1003,0.24856615763679135
1004,0.1322580719452746
1005,-0.38360600850040105
1006,0.4623864763989894
1007,0.27292872136821916
1008,0.45528636981722526
1009,0.12978922406597404
1010,-0.42868172357858236
1011,-0.5908710149852191
1012,0.4150654089861118
1013,0.018418242003846563
1014,-0.3613246967403899
1015,0.03281051258436185
1016,-0.4275473741584549
1017,0.1750313614591711
1018,-0.3163017937724949
1019,0.19952836423979609
1020,0.5298834240935784
1021,-0.3573031733033195
1022,0.04456766993833272
1023,-0.15142729029324298
1024,0.45672371625551267
1025,0.2980792495446244
1026,0.21150000643772382
1027,0.27989736891434996
1028,0.42456754493335247
1029,0.2562810067133405
1030,-0.19410959318917287
1031,0.30581860889676027
1032,-0.16850079258830353
1033,-0.11327476196458686
1034,-0.46605274425739196
1035,-0.3701035467871566
1036,0.2999226186084361
1037,-0.00946092816901345
1038,-0.5296645116626221
1039,0.04913349426421565
1040,0.06454545646058385
1041,0.26346435095931703
1042,0.1648158610388638
1043,-0.27872368324019015
1044,-0.660519406178583
1045,0.20957603481986498
1046,0.5520162679623494
1047,-0.09959326636632049
1048,0.19402593323485484
1049,0.4873728226797363
1050,-0.21077059904418516
1051,0.24934275646655218
1052,-0.09470222440805165
1053,0.1957166879980009
1054,0.12575152481599916
1055,0.3920656873534569
1056,0.4461566617115131
1057,-0.16342337017820752
1058,0.24326266592784224
1059,0.14372285021751074
1060,0.07738313056424673
1061,0.003886638472266224
1062,-0.15646275007485277
1063,0.41071676372010346
1064,0.22229808656880806
1065,0.4743127524925994
1066,0.16367521684152914
1067,0.10222519971890809
1068,0.1710009244974396
1069,-0.06503205380955568
1070,-0.12716673920454824
1071,0.13275346638313112
1072,-0.028040481256493277
1073,0.016378394472743807
1074,0.5486646485009794
1075,0.21539753233863357
1076,0.09232783503135056
1077,0.2895209128499341
1078,-0.16456618789820965
1079,0.31019486405140856
1080,0.4232079601578441
1081,-0.4664195465163675
1082,0.07944942662897991
1083,0.03346024444344653
1084,0.5267887612901826
1085,-0.7590647703137315
1086,0.14945275578731276
1087,0.5234399937120127
1088,0.46752917066161653
1089,-0.2977795523480872
1090,0.09950330701985788
1091,0.47023753762984644
1092,0.21708084196501543
1093,-0.18401265025831548
1094,-0.5955732331098987
1095,-0.05211693428702224
1096,0.522622328251931
1097,0.27884029076608613
1098,0.3185014470109791
1099,-0.11138434282671072
1100,0.2822561685047686
1101,0.06595165009765769
1102,-0.7836164518150311
1103,-0.185080855659572
1104,0.1719118808725959
1105,0.3430985248049565
1106,-0.45925877982190044
1107,0.14902888098602718
1108,0.3869979481055314
1109,0.18297233660590484
1110,-0.4469310356689026
1111,0.04805375248439214
1112,0.3161700589902689
1113,-0.41604622406255476
1114,-0.6212160150690625
1115,0.41889153086656333
1116,0.11957152790085979
1117,-0.43445403937595894
1118,-0.01074645316151901
1119,-0.7045760539395599
1120,0.4163906022246448
1121,0.21525677629743545
1122,0.4029668058085057
1123,-0.23427421391147218
1124,0.21980013694403
1125,0.14638447950900246
1126,-0.1013092843620983
1127,-0.020287697287764916
1128,0.30802506007446423
1129,0.3167702062879665
1130,-0.4281299368484054
1131,-0.24642185177056442
1132,-0.018912207423831484
1133,0.2590024094596328
1134,0.2562810067133405
1135,0.2048228148111984
1136,0.12169631558677108
1137,0.3403912519995465
1138,0.4630877210857637
1139,0.39587408887659886
1140,0.334385973620323
1141,0.07699773626335826
1142,0.09769272509595428
1143,0.17281157432576422
1144,0.36728957786714594
1145,0.04881227432017898
1146,0.3071625111270034
1147,-0.04406090598681911
1148,0.1113243735594791
1149,0.10720485768024923
1150,-0.06627425909994145
1151,0.3597800803657076
1152,0.106129531751051
1153,0.16379964036983985
1154,-0.5258475153338426
1155,-0.48076042995872437
1156,-0.2583904623591672
1157,-0.11274402421225094
1158,0.010333352396292295
1159,0.4592899536805014
1160,0.16367521684152914
1161,0.27884029076608613
1162,0.43181096064413926
1163,0.44336301100944214
1164,0.3377178809617444
1165,0.19813819593202542
1166,0.10776833363680416
1167,-0.7498411316825019
1168,0.11949785149507441
1169,-0.12645357169796945
1170,0.33699957038872136
1171,-0.12112871307064565
1172,-0.9830924877194195
1173,0.18784642962884313
1174,-0.1620191439612263
1175,0.06479318701593251
1176,-0.009220933096531936
1177,-0.6614930397700024
1178,-0.23963187702438982
1179,-0.24522366166730492
1180,0.2324521818012551
1181,-0.40064621494998
1182,0.1458784765682769
1183,0.36699035868717145
1184,0.35234872619333785
1185,-0.08626993510346537
1186,-0.48081018561950273
1187,-0.6925705649376727
1188,0.27938749965029197
1189,-0.38729165345544925
1190,-0.7695017640225325
1191,0.29498831119526187
1192,0.2523678192751348
1193,-0.41604622406255476
1194,0.32608409123379306
1195,0.28209933847397023
1196,0.19293841604317763
1197,0.18648875758772993
1198,0.29436127011456287
1199,0.23546035556550227
1200,0.498130253883342
1201,0.13803638569720078
1202,-0.27673001488568116
1203,-0.25191090821226536
1204,-0.18136661248877284
1205,0.18909846803732916
1206,-0.23477213026862975
1207,-0.09240166081772994
1208,0.4670782643692556
1209,0.19760832508633663
1210,0.1724860087979474
1211,0.198547492051876
1212,-0.738928159146914
1213,0.2690424247761894
1214,0.016233570114682738
1215,0.5025809506178558
1216,0.1194006807489163
1217,0.20438510847487723
1218,0.21045421232873035
1219,-0.06815430336515194
1220,-0.047371589301202
1221,-0.07434523237937207
1222,0.250068873747339
1223,-0.4647958742373529
1224,0.3800863144583779
1225,0.1589198624479231
1226,-0.14190280023362145
1227,-0.06795304120442824
1228,0.018570753314716137
1229,0.2897012549929832
1230,0.4021949669939407
1231,0.19283536563889253
1232,0.6171939356743681
1233,0.3103777171733041
1234,-0.4195953596776333
1235,-0.3495392353907153
1236,0.23011112028455405
1237,0.11181580207893538
1238,-0.04577157548417188
1239,0.2655016628452846
1240,-0.39670034208164784
1241,-0.12838737132168243
1242,0.2900416908069613
1243,-0.0883900871355967
1244,-0.20226350341024946
1245,-0.6076319811416112
1246,-0.06861905148128122
1247,0.19719648591637629
1248,0.43114627507598785
1249,0.4146740947255908
1250,-0.13847777553761964
1251,0.20870379693050667
1252,0.0758223710794127
1253,-0.23700286770392365
1254,-0.11103741053056704
1255,0.18232389331762044
1256,-0.502085614148308
1257,-0.5467278092973117
1258,-0.15163845888871796
1259,0.0021140436856142975
1260,0.33855766401881837
1261,0.17940270568653782
1262,0.16601752944110515
1263,-0.11168189021212716
1264,0.50354300046479
1265,0.10775554200999093
1266,-0.11103741053056704
1267,-0.20907738339967097
1268,0.19917020894559112
1269,0.29092961500765585
1270,-0.30553448023396135
1271,0.48337215228163105
1272,-0.23946848877104376
1273,-0.12331870535873968
1274,0.04607241849670762
1275,0.15814258155024652
1276,-0.2520540319801028
1277,0.4618934030511316
1278,0.14012622280213372
1279,-0.6417083971771581
1280,0.24521782959829863
1281,0.4430713709233756
1282,0.019599487996863285
1283,0.05464865901617921
1284,0.17656830295202752
1285,-0.5351995533972876
1286,0.26189389661924767
1287,0.17281157432576422
1288,0.14856289635891284
1289,0.12248627620100894
1290,0.322963726272289
1291,-0.6193558896618926
1292,-0.16388624257726336
1293,0.5120181205493906
1294,0.011288616924893802
1295,-0.13039625408178257
1296,0.12881870537355988
1297,0.23395690042457046
1298,0.26566662527423063
1299,0.2955034120981534
1300,0.11339830476775281
1301,0.5021537198149126
1302,0.010742104655759754
1303,0.22343071490686428
1304,-0.5146457517239414
1305,-0.45127646853615644
1306,-0.1434381146532785
1307,0.0940982795368911
1308,0.2017143718922581
1309,0.3170550665234886
1310,0.2987372775418477
1311,0.25595423570343384
1312,0.4038612513595492
1313,0.053003096750608436
1314,0.17540673192722328
1315,0.1194006807489163
1316,0.07262322342076166
1317,-1.0692202560946868
1318,0.25990252929311325
1319,0.3720541769735833
1320,0.250068873747339
1321,0.1833793725493787
1322,0.5162124990642518
1323,-1.3163186983348782
1324,0.04072398877048178
1325,0.19124705110177487
1326,0.10398126693677856
1327,0.2587632359086044
1328,-0.01874675667625403
1329,0.05584933602774589
1330,-0.57043170512323
1331,-0.30190557996600764
1332,0.2774621897454883
1333,0.03042944282123916
1334,0.28945674527296034
1335,0.4662554147985868
1336,-0.38589126254878436
1337,0.13389869251160302
1338,0.11295518964245177
1339,0.4155508165667046
1340,-0.5443283235309605
1341,-0.33317554205371114
1342,0.14225160659173308
1343,0.3084899543580996
1344,0.012528980745914686
1345,0.17357447131236292
1346,0.01976197512366873
1347,-0.5095931138000646
1348,-0.25191090821226536
1349,-0.6136795026190095
1350,0.010983884886293427
1351,0.4528048675567564
1352,-0.44242543980237536
1353,0.06862037067645177
1354,-0.40913627675420716
1355,0.319734554149152
1356,-0.19908610781165514
1357,0.2678633658307793
1358,0.3716011157597058
1359,0.17412000677341932
1360,0.3538727332846044
1361,-0.2777659284174637
1362,0.5456129429328288
1363,-0.00946092816901345
1364,-0.1826890387014154
1365,-0.22683532927156136
1366,-0.25689999531566843
1367,-0.13831581335648302
1368,-0.08725824268918769
1369,0.2763566272343347
1370,0.2967032024849311
1371,-0.10716883921539566
1372,0.17004723206829098
1373,0.10759954175536235
1374,0.1579107887429786
1375,0.17287334809459426
1376,-0.17703748403119812
1377,0.3993555297499294
1378,0.3057507663037283
1379,-0.28869485948531504
1380,0.10392364750846417
1381,-0.25940344529624715
1382,0.3954037190425228
1383,-0.027316353007784233
1384,0.592929683069963
1385,0.3331153909020086
1386,-0.666574788195185
1387,-0.22724972677877342
1388,0.26467907161761406
1389,0.4562659662989311
1390,-0.14333504093234706
1391,-0.03394469210512774
1392,0.48020911089156626
1393,0.11339830476775281
1394,0.43928739658718463
1395,0.02812844844984208
1396,-0.5974091111068308
1397,-0.1282618693310016
1398,-0.26259956885572733
1399,0.03575270024621924
1400,0.255737048573064
1401,-0.35949303592209636
1402,-0.2936129082387998
1403,-0.37545123861229357
1404,0.15070917241711668
1405,-0.16388943899629194
1406,-0.2818201294257062
1407,0.460589634506772
1408,-0.33090160052921236
1409,0.17899838714522898
1410,0.4923386587527262
1411,0.38083499135522364
1412,0.2098397624333177
1413,0.06324583424780461
1414,0.06724453608511316
1415,0.3854464053488002
1416,0.02905891901251967
1417,-1.1935582966470886
1418,0.39267896666833696
1419,-0.21162291447789694
1420,0.3970111223251775
1421,0.04122116730995362
1422,0.16367521684152914
1423,0.11403006875374233
1424,-0.013605681631982947
1425,0.11443647981792315
1426,-0.1712200580487825
1427,-0.09050796464693323
1428,0.45977155138299025
1429,0.33995715858369363
1430,0.15101859800461548
1431,0.18603408793326887
1432,-0.09062647633806498
1433,0.13341659916304072
1434,-0.07334759362987531
1435,0.3931729844417369
1436,0.1589198624479231
1437,0.4367321071455512
1438,-0.013165799506139608
1439,-0.10628569242933528
1440,0.07049054632300678
1441,0.10145232876376098
1442,0.1946595540167274
1443,-0.49431880315936183
1444,0.41626050120745606
1445,0.18659857203128905
1446,0.08097873811845246
1447,0.4739836761305536
1448,0.06410635060039982
1449,-0.3231982560737453
1450,-0.34819481225428317
1451,0.09476002421241148
1452,0.4322700968203113
1453,-0.1707585924077133
1454,0.2826495584072903
1455,0.47207471489909214
1456,0.07158028650033088
1457,0.06250663257422828
1458,0.5337796957335912
1459,-0.5553318711467131
1460,-0.09803691686918747
1461,0.3329886743624644
1462,0.413581314023889
1463,-0.3007268837162682
1464,-0.06815430336515194
1465,0.3716011157597058
1466,-0.02889543125428784
1467,-0.10383886408188125
1468,0.38587337010784784
1469,-0.6548704445907038
1470,0.11339830476775281
1471,0.4570539102640152
1472,0.07148718590437697
1473,0.030942366898757512
1474,0.269480260060982
1475,0.17710215602473328
1476,0.4147556285616896
1477,-0.01446012633494076
1478,0.5162124990642518
1479,-0.11838088663590485
1480,0.1128444689211251
1481,-0.32308089026713704
1482,0.07136581428915678
1483,0.23089876665167086
1484,-0.2972902018054413
1485,0.12308985319211518
1486,-0.583445255351163
1487,-0.2855484525135201
1488,-0.06843881571260291
1489,0.03346024444344653
1490,0.059597917040096315
1491,0.2889408099776097
1492,-0.20692505499764935
1493,0.18909846803732916
1494,0.19975416682113778
1495,-0.34869888562976825
1496,0.22686836821312345
1497,-0.7333085524818598
1498,-0.16071244932440698
1499,0.2073257308549482
1500,0.3220342460911474
1501,0.4471300606086465
1502,-0.5494516428139476
1503,0.48655128809483933
1504,-0.00225244721464124
1505,0.4394063921991306
1506,0.1803946644125774
1507,-0.18460177085714935
1508,0.188588593419436
1509,-0.025235673373574907
1510,0.18267697061257915
1511,-0.8669058661278807
1512,-0.33674733656082745
1513,-0.05940366988038881
1514,0.13602491167937336
1515,0.31506240672466096
1516,0.31757856292930503
1517,0.04698332857346099
1518,0.04479004513464058
1519,-0.036883620776543724
1520,-0.32899508870378946
1521,-0.05771439577695492
1522,-0.15710281713340768
1523,0.00646619810967608
1524,-0.524370307012123
1525,0.1682026991189245
1526,0.17827831019859042
1527,-0.149238729307422
1528,0.2810695152830589
1529,0.1842982794566635
1530,-0.29813852511048167
1531,0.23089876665167086
1532,-0.2529939768950845
1533,0.31616867646835795
1534,0.04122116730995362
1535,0.12672710104827611
1536,0.12054637195917939
1537,0.268794601428114
1538,0.44738645186969545
1539,-0.06914728100138601
1540,-0.14555111773994345
1541,0.3982603130678675
1542,-0.34686515920791317
1543,0.20053702780345672
1544,0.08417392624599307
1545,0.4129975984544155
1546,0.3416001991675832
1547,0.06724453608511316
1548,0.025980604929426443
1549,-0.27673001488568116
1550,0.07112506459349988
1551,0.21674384783708645
1552,0.1781058220671481
1553,0.13341659916304072
1554,0.08175889237443545
1555,0.48128819290474323
1556,0.4985023925158657
1557,0.36583159335305976
1558,-0.20835498096371985
1559,0.2803653843269872
1560,0.3228861812273935
1561,0.16725442161409443
1562,0.06479318701593251
1563,0.06411289566789646
1564,-0.5474079590195363
1565,0.5237338720072159
1566,0.2307413846120963
1567,0.25008911039623144
1568,0.3363352043823111
1569,0.17903394526268795
1570,-0.5191460622062599
1571,0.3222311892217145
1572,-0.04207512265465274
1573,0.05023013676656363
1574,-0.19250876186892074
1575,-0.07764324571332826
1576,-0.06739590442170795
1577,0.36573340084305334
1578,0.026985239969766872
1579,0.23456366843028842
1580,-0.16085161507656376
1581,0.08312558664265779
1582,0.23711478894581928
1583,0.4417068737984927
1584,0.5330459618807935
1585,-0.06370940785116486
1586,0.4481941275420403
1587,0.04073317766014184
1588,-0.5984767948148199
1589,-0.25870210625434165
1590,0.089417529504904
1591,0.039661763126772054
1592,0.3850029918510351
1593,0.09971630386256114
1594,-0.32477919948121226
1595,0.05937243889623245
1596,0.4518789055123191
1597,-0.14304148574080933
1598,0.10758120951744166
1599,0.250068873747339
1600,0.09859349274866513
1601,0.27693176093640914
1602,-0.2668397721720094
1603,0.3057507663037283
1604,0.28913952448975644
1605,-0.16027220852324098
1606,0.29025800116357076
1607,0.40438066028687325
1608,-0.14846948760062206
1609,0.07607844025790178
1610,0.1893223970672332
1611,-0.44296953046387844
1612,-0.18057936402595365
1613,0.24416726174658732
1614,0.019221131929078927
1615,0.21787414526458193
1616,0.168173613039178
1617,0.11960653955205747
1618,0.11517008545404384
1619,-0.055369573908878755
1620,-0.2150710300068842
1621,0.1318230092750985
1622,-0.20226350341024946
1623,-0.00044281583089000875
1624,-0.2421131423564823
1625,-0.3880203686199303
1626,-0.40749172781869414
1627,0.34889470050536997
1628,-0.37207986242568436
1629,0.2307413846120963
1630,0.11403006875374233
1631,-0.013508392594720364
1632,0.3633045616555674
1633,0.11641019902586891
1634,0.00301831308174616
1635,0.317651067841141
1636,-0.10584416121016038
1637,-0.43477154888543945
1638,0.2868107280613667
1639,0.4346086919969722
1640,0.15413845901848156
1641,-0.10755467131451057
1642,0.22600213064637453
1643,0.17015705317111957
1644,0.5076213783689348
1645,0.2073322931609935
1646,-0.19312471693511957
1647,0.42494606695374676
1648,0.05937243889623245
1649,0.0963017258724479
1650,0.14932715071214198
1651,-0.09260340298346292
1652,-0.9277421001859402
1653,0.09327195951371492
1654,0.025030265368323312
1655,-0.000526047357255699
1656,-0.46605274425739196
1657,-0.13657636815915253
1658,0.10602071743450303
1659,0.24087517767748895
1660,0.04465429540823207
1661,0.34854654726090484
1662,-0.5789432649932708
1663,-0.1823174778335911
1664,-0.021680545020217434
1665,0.2954579740579879
1666,-0.15750536866638076
1667,-0.16899763744068386
1668,-0.10584416121016038
1669,-0.27643548551619046
1670,0.06657698194458883
1671,-0.151946911868599
1672,-0.2508999212697677
1673,0.22231308379253212
1674,0.35595954896778115
1675,-0.8803801342168637
1676,0.12931805123697726
1677,0.321989379482776
1678,-0.6164043873534645
1679,-0.30128322617985903
1680,0.26589782594023414
1681,0.10520265521490968
1682,0.5240587706656124
1683,0.24270074891200377
1684,0.06480391140777209
1685,0.18725523690339352
1686,-0.8612507489771569
1687,0.20488403863671162
1688,0.175961929083624
1689,0.008818043267013298
1690,-0.08656739080256881
1691,0.3386112286649323
1692,-0.020579945426479895
1693,0.4212358187136131
1694,-0.48210955247533505
1695,0.3540433254364409
1696,0.2284941024059507
1697,-0.5087084817574584
1698,-0.1099072212636738
1699,-0.16116842244467666
1700,-0.008028907299624022
1701,0.11193718311908496
1702,-0.01191551925885126
1703,-0.4490338278975906
1704,-0.20226350341024946
1705,-0.06503205380955568
1706,0.4212358187136131
1707,-0.07334759362987531
1708,-0.41295333539019896
1709,-0.3067875948907973
1710,0.08581802084055512
1711,0.1576787879376016
1712,0.30691269685948575
1713,0.38504659629743965
1714,-0.2900437202297762
1715,0.1896694622877882
1716,-0.20552461707453384
1717,0.23472919519117347
1718,0.23185662857946188
1719,0.29645250701675424
1720,-0.005893949132471765
1721,-0.5668938555276312
1722,0.05967697920273374
1723,0.035762157717085685
1724,-0.3839867845285171
1725,0.2240251009852623
1726,-0.6881866731027827
1727,-0.2372833339951511
1728,0.3854531288150602
1729,-0.07334759362987531
1730,-0.08708090516322553
1731,-0.13657636815915253
1732,0.5448732218907946
1733,0.3802729298947684
1734,0.4536239293030992
1735,0.3577719233352697
1736,0.3197026528495535
1737,-0.15872533625215257
1738,0.05791196470855842
1739,-0.11103741053056704
1740,0.13254900849784323
1741,0.06592782077525972
1742,0.12097763675627204
1743,-0.20609763915304335
1744,0.32274882343843136
1745,-0.16391257860277697
1746,0.29852125526616946
1747,0.03484613720613128
1748,-0.06313631151853305
1749,0.2156894035400263
1750,0.39028883117018903
1751,0.20396006666948108
1752,-0.22581409221409143
1753,0.19864355285495472
1754,0.24921172543284997
1755,0.12496660192096509
1756,-0.17859583816812152
1757,0.2581664438685592
1758,0.06751980902868149
1759,0.1589198624479231
1760,-0.8974282518183186
1761,0.09339999268160182
1762,-0.11331044459204709
1763,-0.6565154464111799
1764,-0.21444846914708748
1765,0.03346024444344653
1766,0.3716011157597058
1767,0.4321989280156512
1768,-0.27275352633721905
1769,-0.41706189294522156
1770,0.16681628888326744
1771,0.33178896524736823
1772,0.4659065658377871
1773,-0.06851631377101042
1774,0.498130253883342
1775,0.11027467680182235
1776,-0.1826890387014154
1777,0.10407691376557504
1778,-0.28214878810589517
1779,-0.19410959318917287
1780,-0.0773164954622304
1781,0.1350003813514571
1782,0.2842120696351288
1783,0.05105209854978232
1784,-0.05485274018360453
1785,0.08187999986000882
1786,-0.16399805351903152
1787,0.009101913779233195
1788,-0.03212067057668255
1789,0.4794356887545648
1790,0.2227662472361961
1791,-0.2161918826814706
1792,0.2100936030086773
1793,-0.052097107806952425
1794,-0.393589187626903
1795,0.10345614054932561
1796,-0.0595814647094558
1797,0.12405771598972637
1798,0.33882562180122516
1799,0.36988315524614196
1800,-0.00878039791334706
1801,0.12884727239637916
1802,0.05954451095677116
1803,0.17281157432576422
1804,0.01976197512366873
1805,-0.04577157548417188
1806,0.3885767714585566
1807,0.28866925295224977
1808,-0.39008196755471347
1809,-0.43216772357996247
1810,0.2681277453611652
1811,-0.20107881431536667
1812,0.14071249416793263
1813,-0.7363775988601152
1814,0.3996747575529835
1815,0.10345614054932561
1816,0.4476771061791486
1817,0.4270706362319075
1818,0.29073590468959154
1819,0.44674638569678626
1820,0.48604103488872896
1821,0.012834907989734634
1822,0.1644569319031946
1823,-0.46835831808783934
1824,-0.21836170860480708
1825,0.1329047838360724
1826,0.0021140436856142975
1827,0.23542662009232768
1828,-0.06815430336515194
1829,-0.05043816012931612
1830,-0.182775291852611
1831,0.4272451202665477
1832,-0.20226350341024946
1833,0.04709648981493375
1834,0.015965198897323618
1835,-0.09234859663923678
1836,0.364577775746815
1837,0.07834450781351177
1838,0.3010828553886
1839,0.2942626604886616
1840,0.000779784554126528
1841,0.10385477450782077
1842,-0.2422958953054518
1843,0.2897206180914176
1844,0.37483678680108706
1845,0.2744699357923009
1846,-0.2134663027435647
1847,-0.03613561960302336
1848,-0.06887220037078079
1849,0.250068873747339
1850,-0.25191090821226536
1851,-0.07364822799902637
1852,-0.08656739080256881
1853,-0.34564035500754386
1854,0.23105688595928253
1855,0.1871665324107405
1856,0.5214237582459129
1857,0.15799669915610937
1858,0.145039998042492
1859,0.4321414136852352
1860,0.06751284924857148
1861,0.060361520160351234
1862,0.146274890478036
1863,-0.0057099651539307406
1864,-0.11316086784807855
1865,0.21848453968077658
1866,-0.2578608588464598
1867,0.25736569747345367
1868,-0.027316353007784233
1869,-0.5393498406872729
1870,0.4879863738018801
1871,0.2791150138783013
1872,0.2595179094982219
1873,0.05995219821381226
1874,0.5032727831364685
1875,0.015551837572876592
1876,0.06771368554127122
1877,0.18232389331762044
1878,-0.07931209424676533
1879,0.33776904421024634
1880,0.4622580159492607
1881,-0.6167944606602592
1882,-0.06815430336515194
1883,-0.39032782274861344
1884,-0.6924965745231878
1885,-0.23700286770392365
1886,-0.19153619419341128
1887,0.42655390333916393
1888,0.3236629880784026
1889,-0.29807415297392714
1890,0.10318487289291944
1891,-0.03252872493980796
1892,0.10228984267477204
1893,-0.33928039293851275
1894,-0.26322357022509335
1895,-0.28447607151026155
1896,0.38005735033715515
1897,0.3925698566875423
1898,0.3104789933730759
1899,-0.04288608399167848
1900,-0.7765974123195952
1901,-0.3492016024733139
1902,0.3373212499985161
1903,0.010333352396292295
1904,-0.409201440262292
1905,0.48153099005439276
1906,-0.424224122627734
1907,0.40438066028687325
1908,0.2631599515314613
1909,0.4090014668244255
1910,0.11339830476775281
1911,0.40445574727352923
1912,0.1450287727937315
1913,-0.06258893617173733
1914,0.09476002421241148
1915,0.27261059833322354
1916,0.11403006875374233
1917,-0.18902515744982462
1918,-0.6852281807878277
1919,0.3646654022118709
1920,0.2620350161798397
1921,-0.7536170565887285
1922,0.09476002421241148
1923,0.20732648693077838
1924,-0.38666839408068243
1925,-0.28774974405318643
1926,-0.0015977272000103904
1927,-0.36535541698376195
1928,0.3617888368361048
1929,-0.028040481256493277
1930,-0.3342568322719175
1931,0.13006703412144704
1932,0.053003096750608436
1933,-0.20175447067792485
1934,0.14321247861740627
1935,0.3913925902270561
1936,0.10345614054932561
1937,-0.083209820778267
1938,0.1589198624479231
1939,0.2749346591717732
1940,0.32669812237824025
1941,0.16224356304331145
1942,-0.31093574746228436
1943,-0.05961209138761303
1944,0.08312558664265779
1945,0.16933274404067333
1946,0.049371987206786705
1947,0.3871623648056717
1948,0.0912593044641764
1949,0.5523616491169862
1950,0.250068873747339
1951,-0.33510187805235647
1952,0.08495049730694271
1953,0.2932148735974368
1954,-0.5473362627408439
1955,0.03327158531777297
1956,-0.29240769084846585
1957,0.5064014706957013
1958,-0.3015451904844789
1959,0.14504256312207264
1960,0.250068873747339
1961,-0.1233490408320197
1962,0.042598707267722524
1963,0.017989611957285656
1964,0.08612091748171569
1965,-0.7109286374628471
1966,-0.21702451213771468
1967,0.3812987175548242
1968,0.31463076243246924
1969,0.15787711983792918
1970,0.3057507663037283
1971,0.3226017636333971
1972,-0.13657636815915253
1973,-0.32965166251884925
1974,0.10840527230670316
1975,-0.07676908055363274
1976,0.4886184447204633
1977,0.4414688216007598
1978,0.3083646337669042
1979,-0.9022344402985828
1980,0.026102934939232658
1981,-0.0723493500460417
1982,0.36595847632258743
1983,0.05888370450863745
1984,-0.25191090821226536
1985,-0.3879101928982146
1986,0.26237749158522017
1987,-0.08656739080256881
1988,0.3336178459465486
1989,0.1652622718020471
1990,-0.5213743328619894
1991,-0.047371589301202
1992,-0.1078529391104811
1993,-0.32308089026713704
1994,-0.051026194694883675
1995,-1.0629549778371339
1996,-0.3097400036653738
1997,-0.08339217749597883
1998,0.3015050667227051
1999,0.4245168375968371
2000,0.3454748096132694
2001,0.35595954896778115
2002,0.16367521684152914
2003,-0.5159077850860422
2004,-0.010529244387057268
2005,0.498393423324645
2006,0.11960653955205747
2007,0.3167657140316708
2008,0.1458784765682769
2009,0.15858607017213822
2010,0.39600086510125265
2011,-0.3210828979651045
2012,0.09216919615590691
2013,0.1362838852499556
2014,0.5068647930706838
2015,0.3278743553414398
2016,-0.9346937424676501
2017,0.1455560251011805
2018,-0.2836481061697771
2019,-0.5423978846869312
2020,0.33244749531988776
2021,-0.2734127985831438
2022,-0.10148908710294446
2023,0.13160533242400974
2024,0.3396817452837587
2025,0.3341593796574307
2026,-0.23963187702438982
2027,0.45376602997705817
2028,-0.16456618789820965
2029,-0.4623043788511737
2030,0.04122116730995362
2031,-0.890316443683206
2032,0.0660206801520834
2033,-0.12716916193093997
2034,-0.06028920208764443
2035,0.5142560105356969
2036,0.43857462948426595
2037,0.4147556285616896
2038,0.4118648495710035
2039,0.2791150138783013
2040,-0.3076575433060903
2041,0.3280917895929955
2042,-0.05010647187455408
2043,-0.21077059904418516
2044,0.2670873527549903
2045,0.5025809506178558
2046,-0.37113072956949467
2047,0.14695278095243336
2048,0.23789207148566222
2049,0.15085340805709369
2050,0.3772167159063845
2051,0.14372285021751074
2052,0.1157820232903295
2053,0.3668923537696396
2054,-0.040439474168098566
2055,-0.047371589301202
2056,-0.08494016669933224
2057,0.49331118509663063
2058,0.5249401833756995
2059,0.16347229701375965
2060,0.5087873556185146
2061,-0.26498483096870473
2062,-0.19357187249468044
2063,-1.1931131066527665
2064,-0.5318699206140244
2065,0.2501325106716065
2066,-0.2503889550667393
2067,0.16811805591467643
2068,0.2770551150101187
2069,0.421080125556932
2070,-0.35014339035735886
2071,-0.22786033337526412
2072,-0.08612754340807305
2073,-0.010180654787706134
2074,0.3531859801002117
2075,0.03232634924116773
2076,-0.4063858800852239
2077,-0.7594055336249742
2078,0.21692085321442378
2079,-0.9633614338903093
2080,-0.20026475488827178
2081,0.5239583051932495
2082,-0.18784998938356412
2083,0.21218773089775794
2084,0.27649186390909697
2085,-0.40824431753636337
2086,0.4985023925158657
2087,-0.08854790971163429
2088,-0.8580918776760124
2089,-0.038004930489708544
2090,0.23895812087754942
2091,0.13271608336676266
2092,-0.6995532908937078
2093,0.4599304489497556
2094,0.34443769587717665
2095,0.5178027022355411
2096,0.15348587347527587
2097,-0.09386170692345086
2098,0.32672704559850224
2099,0.4492799063385465
2100,0.08962774400027196
2101,0.2719243714125714
2102,0.1411865827810903
2103,0.4265542199693739
2104,0.14152892959223506
2105,-0.29651051600495126
2106,0.3422360480550223
2107,0.40438066028687325
2108,-0.7010130093839019
2109,0.436534358447856
2110,-0.23963187702438982
2111,-0.13271442572177317
2112,0.15173122486158863
2113,-0.03731330894265539
2114,-0.13657636815915253
2115,-0.3758588209934982
2116,0.5045934345438652
2117,-0.10424065695525797
2118,0.27064021525731
2119,0.21584643235784395
2120,-0.0457696228598925
2121,0.18383107553579986
2122,-0.27853438462500246
2123,0.2896305629218452
2124,0.062182608147449914
2125,0.47239173256320727
2126,-0.5458729260300296
2127,-0.12838737132168243
2128,0.2509296677400975
2129,0.47633132649073257
2130,0.1925433274044942
2131,0.08073915036491053
2132,-0.1480325700706978
2133,0.4774461632395366
2134,0.2889408099776097
2135,0.48287893678899185
2136,0.16503856486021995
2137,-0.43696389668739377
2138,0.10407691376557504
2139,-0.04519527067851892
2140,-0.009818038776792659
2141,0.4065162252999421
2142,0.0652423923957628
2143,0.19825035466566898
2144,0.179359090524718
2145,0.44095326421935405
2146,0.46224447376065936
2147,0.15019506495499702
2148,-0.415598201727193
2149,-0.7431192734193205
2150,-0.12972307052419763
2151,0.4436561007585106
2152,0.14094219631548588
2153,0.22241395173595407
2154,0.4280848367211691
2155,0.17798740796629764
2156,-0.35561328108126455
2157,0.27566746899144534
2158,-0.49081977757713935
2159,0.114248030305517
2160,-0.1155427073153622
2161,-0.4882569217379237
2162,-0.2599902686979523
2163,-0.1155427073153622
2164,-0.03252872493980796
