,pve
0,-0.034515053662906636
1,-0.03533649879545708
2,-0.06349140725503888
3,-0.0350304147251852
4,0.10316676436444872
5,0.062231115420934624
6,-0.2687835175105494
7,0.022971616542990736
8,-0.021706370542860842
9,0.013266519822536127
10,0.003972400452088687
11,0.10041934208318248
12,0.013107957917920188
13,-0.18969084929740465
14,0.004143545901368256
15,-0.01414373683383241
16,0.02403561330516424
17,-0.038365358467699784
18,0.0674517361236957
19,0.004105599755243161
20,-0.03567935518595644
21,-0.06334698812922979
22,-0.016481835838159986
23,-0.0073203231328859975
24,0.026326729320814313
25,-0.02352294541810629
26,0.011659656592406309
27,0.010618446964825057
28,-0.005239122120373585
29,-0.00850292921371254
30,0.017416714688779866
31,-0.08621592480244034
32,-0.012590602844948284
33,-0.02798429210349984
34,-0.039075659680626984
35,0.02441658689969775
36,-0.04287093015023896
37,-0.0017561405513515371
38,-0.01523644614748243
39,-0.014331562252337449
40,-0.15566540095563286
41,-0.033242531751406124
42,0.017217948298251795
43,0.005724764772069291
44,0.0007133608794832602
45,0.017277162931034984
46,0.11140265700646745
47,-0.01040403687463462
48,0.010159764448362973
49,-0.009609605506468916
50,-0.013839955219525857
51,0.0023506517986074393
52,-0.21618324405627776
53,0.0018121298476789782
54,0.15874190062456184
55,0.0974284050358869
56,0.022905127019360982
57,-0.007175108117997264
58,0.14894294763876148
59,0.00948488214229054
60,0.028129070368790088
61,0.090179567654044
62,-0.012979390800856971
63,0.012956763666442606
64,0.022624751036350532
65,0.00042530474313667854
66,0.012673201531658379
67,-0.00114194117202443
68,-0.026981870288412146
69,0.004775457993167309
70,-0.043877022588986625
71,0.02159684297820358
72,-0.14144795600701665
73,0.08725734826892229
74,0.0002004792160835156
75,0.0049119705702667105
76,-0.02676555000613945
77,-0.04679730983795993
78,-0.03410472844425788
79,0.0117388165720137
80,0.050073038646127443
81,0.011163717188184402
82,0.10110961189691836
83,-0.021883927137891057
84,-0.042802373754780465
85,-0.09539408216867074
86,0.03276963054377574
87,-0.0008777986026470563
88,0.03671434281032637
89,0.059113488200760456
90,0.02906243767165667
91,-0.02226853233663506
92,0.00894934787453261
93,0.031740139845845006
94,-0.007584222899678417
95,-0.01842504596969924
96,0.006996022156519288
97,-0.026453278695667826
98,-0.022794101678369594
99,0.02159684297820358
100,0.019821933642856338
101,-0.10027789172925694
102,-0.027192514204579687
103,0.004693580898262606
104,0.016206439858972604
105,0.03548504185896595
106,-0.1700622273080744
107,0.02702295168170643
108,0.027707353568499515
109,0.11245079012456571
110,-0.010978482584746319
111,0.016394274203529347
112,-0.010457832324737515
113,0.010456237783777855
114,0.022141494690461727
115,-0.03086293612540081
116,0.07532937423101216
117,0.0022202871700255367
118,0.12549625910498097
119,-0.07293544809947816
120,-0.02551941703720345
121,-0.017317608491243974
122,0.006790034123671795
123,0.06404552569881689
124,0.006372722020011379
125,0.09887933876136623
126,0.11215364217166685
127,-0.025677629616203346
128,-0.05065338849155587
129,-0.3852047493638584
130,0.06478939962021713
131,0.07490515899111494
132,-0.008527103033259098
133,0.002270638584689566
134,-0.09594858676003803
135,-0.008539633633803723
136,0.03050641868417725
137,-0.002273295063796421
138,-0.0023730044692541474
139,0.105523223372116
140,0.14283961256586908
141,0.047408837286155414
142,0.01849295635615711
143,0.05531349349232073
144,0.004495211450324665
145,0.061928732067436876
146,0.06505345898171161
147,-0.15216238954463424
148,-0.050465936396560496
149,-0.05164555305441637
150,0.013907544393693905
151,0.10041934208318248
152,-0.06382049893499908
153,0.0738983819622028
154,0.032807449254724425
155,-0.007444067888879968
156,0.10225812570144621
157,-0.006164420579101049
158,0.001117625159765545
159,0.09392815951625366
160,0.007944921141853079
161,0.013107957917920188
162,-0.009429003527803459
163,-0.023430195836292078
164,-0.024751979224418796
165,-0.006054571760745198
166,-0.01971741014774475
167,-0.023526088949116758
168,-0.014302564187349154
169,0.03365326827426873
170,0.11121048639432285
171,0.11160707647372126
172,-0.031942010514642794
173,0.11182288833985687
174,0.0193641045466314
175,-0.1346706121761484
176,-0.053635685821559254
177,-0.04490541479820753
178,0.03349753704664726
179,-0.03181976391932806
180,0.013383837284690392
181,0.0023221950843489436
182,0.09820602033888948
183,0.08314672872631013
184,0.00822326527077566
185,0.0749934754117591
186,0.019429244782990407
187,0.026485104115258923
188,-0.0335237330820167
189,0.0037073782171612724
190,0.024878928933149302
191,-0.014167690268833244
192,0.025627907345092987
193,0.15889222356912247
194,-0.06562238898562617
195,0.02976838925000852
196,-0.04461265357115818
197,0.015086400383691495
198,0.006753935659374433
199,-0.01730745874321593
200,0.014865284648619692
201,0.004144131999467282
202,-0.03523544704017326
203,-0.016100835630133287
204,-0.03417014693714049
205,0.016167195373501253
206,0.015659137271168133
207,0.024456739337150923
208,-0.02480712168950372
209,0.07587338597192483
210,0.06703316772388246
211,0.003270621870100743
212,0.02358463517204895
213,0.04921223683389814
214,-0.018330661313138152
215,-0.04782029954875755
216,0.006910921225405042
217,0.13000574000636522
218,0.1105395447649844
219,0.014453426558150628
220,0.10219088121196063
221,0.0712210992912069
222,0.032702879185788625
223,-0.04510603428296034
224,-0.015153543573275807
225,0.10633775783302324
226,-0.006197589394027592
227,-0.012590602844948284
228,-0.012163677994050603
229,0.06720387017175788
230,-0.008833886164524851
231,-0.04408220484583514
232,0.018971761902469186
233,0.018427683612013968
234,0.00850709718113471
235,0.00719693005192934
236,0.018536152795110117
237,-0.03635925647167135
238,0.03077006890235995
239,-0.014216338191953115
240,-0.005903775928000288
241,-0.034465330953328155
242,0.01100199016126785
243,0.013784937955006571
244,0.065627537946638
245,-0.15972886612024328
246,-0.13981375979453814
247,0.0177136125352777
248,-0.0018132473701774343
249,-0.011104560141343978
250,-0.02942397058525642
251,-0.018534195531081238
252,0.0030427406378149835
253,-0.007287887726828091
254,0.004807322130896213
255,-0.01649114987981648
256,-0.13543350446334523
257,0.23710703802266986
258,-0.1130221583260691
259,0.020047969654159864
260,0.01921462082611175
261,-0.01383871340339382
262,0.11704447084635022
263,0.013486953356945108
264,-0.029783520508650574
265,-0.006962061880005754
266,-0.019697163175581123
267,-0.051196376721904024
268,0.22937202518652255
269,0.003489553383319799
270,-0.1130221583260691
271,-0.03427021950491729
272,-0.011576726007655858
273,0.07532679233486422
274,0.15387692178034773
275,0.023808636657831894
276,-0.017522461908479503
277,0.13514442570662266
278,-0.015350413133319252
279,-0.027099614654624737
280,-0.1669719964939559
281,-0.08435146180865755
282,-0.027054999563084103
283,-0.18116590335878413
284,0.018009968711633184
285,-0.02603227875817188
286,-0.003650952167210675
287,-0.060795614291446365
288,-0.027432610105706745
289,0.07752409392406556
290,0.004784336585422488
291,0.0021205560418257052
292,0.003450189530291692
293,-0.06523920684387396
294,0.15988596579728032
295,0.0006595005066065696
296,-0.08355922926381226
297,-0.012846391799768653
298,-0.004919884451885265
299,-0.024341160425001812
300,0.2904629472346255
301,0.17749744315977445
302,-0.014152629287570995
303,-0.005573771060082444
304,-0.009999418867662813
305,-0.013651521982810166
306,0.02295549862338836
307,-0.03315161093553631
308,0.0032752281296254404
309,0.12778259269698056
310,-0.02866833380928996
311,-0.007579588089676681
312,0.01905786882579677
313,0.03196392434820983
314,-0.0520468987126429
315,-0.006702028036979724
316,0.008944410248740625
317,0.048545050761025055
318,0.002715761354644519
319,0.05511338930264165
320,0.014574615634255939
321,0.0660617982885108
322,-0.02708738422487339
323,-0.11286888572915454
324,-0.10193433500470239
325,0.005472645571621193
326,0.05728698821838285
327,0.026357839081270096
328,-0.004919884451885265
329,-0.16457315566289576
330,0.12685056664445854
331,-0.0922139744096066
332,0.02595285335437786
333,-0.02133424751788321
334,0.09990734790131905
335,-0.016434404728620566
336,-0.0590340244695402
337,0.010087912380362829
338,0.09011536021825273
339,-0.015188395515241593
340,-0.09441142424989812
341,0.010271359127379864
342,0.017085188364099668
343,0.0002630602710251284
344,0.00753133662509714
345,0.09809615995302146
346,-0.051314139283431204
347,0.010732927629053202
348,0.02551440386156184
349,0.011403022054952694
350,0.11288746445459258
351,0.09887933876136623
352,0.014579580915241142
353,-0.015260891455107672
354,0.007080274298565281
355,-0.039951827585336
356,-0.01720672532194245
357,-0.0242484581679972
358,-0.03872732677190743
359,0.0003621746845968721
360,-0.25985778496135303
361,-0.0009277382747314711
362,-0.00033871458729217707
363,-0.004546768489966269
364,0.02830881037549665
365,-0.03694151270325485
366,0.10868101490853044
367,-0.1405510975628934
368,-0.015287356350269232
369,-0.005128663569585995
370,0.022383669080310975
371,0.11223517271981165
372,-0.022023350207978964
373,-0.059834991382899994
374,0.01993916283794306
375,0.012424062214484582
376,-0.0838317404423341
377,-0.026041417766078268
378,-0.0183370868334492
379,-0.0016980213967336955
380,0.013896154832992641
381,-0.011578739818312589
382,-0.05009573710659809
383,0.023248982897751347
384,0.06517297412592327
385,-0.011080612086000197
386,0.006586182528425244
387,-0.13299642942330825
388,-0.08028390375593575
389,-0.009155542667834415
390,-0.00040124820265810546
391,0.023705125771212865
392,0.10373882175046911
393,-0.03535298025983458
394,0.0016370621181514278
395,-0.0823979067705396
396,0.03426554655003447
397,0.01942802263689908
398,0.03195191555238125
399,0.030729631259596213
400,-0.02227263843987337
401,-0.05697961330863366
402,-0.021517412683798032
403,0.029563617756753202
404,-0.0066398176522622365
405,0.007232400544896933
406,-0.04263580654297672
407,0.0034003982239014796
408,0.005416872266949868
409,-0.02346563285485137
410,-0.0035911022495402067
411,0.06682130251891816
412,0.019272340536064858
413,0.040823019456607657
414,-0.010037270201125825
415,-0.014395187278447463
416,0.0011758122239859947
417,-0.12072000741820332
418,0.10802309614067562
419,-0.009079577214223145
420,0.12645729575141285
421,0.017567789547245583
422,0.0740743475865625
423,0.033468138225362876
424,-0.007664996519092804
425,-0.03178299819185293
426,0.15389344664168458
427,-0.01100947658991025
428,-0.04549936749302336
429,-0.030008376491003408
430,-0.0006139089424076483
431,-0.055569272689982796
432,0.053745021072082455
433,-0.11027369999903464
434,-0.07666010717920946
435,-0.10786120947731037
436,-0.028729536557509316
437,0.01812439336218974
438,0.07894882276640747
439,0.04634241288786001
440,0.014437072865898737
441,-0.05086623765336484
442,-0.002173377654196562
443,0.007456329076087176
444,-0.01820698343296573
445,0.03204856949426521
446,0.018766247862178953
447,-0.02295412142463732
448,0.06418170341727014
449,-0.05805148887309525
450,-0.023815428719856258
451,0.011124162482985145
452,0.06649398010831498
453,0.022587933264191395
454,-0.002761955380316705
455,0.013807064270923652
456,0.0186414286691777
457,0.010019260973997413
458,0.0065065409963370735
459,-0.1921588043351281
460,0.00577876744193484
461,-0.052857420927101495
462,-0.0012171572015378385
463,-0.005735500402647198
464,0.01791610978959446
465,0.009850516590461655
466,-0.017029010274173362
467,-0.011749981840450618
468,0.0028943640094664103
469,0.018323210620038555
470,-0.03644175825988022
471,0.0015529670748944957
472,-0.026994847095355157
473,0.019429244782990407
474,-0.027091304931927573
475,0.002593747342895636
476,0.0010009630370279021
477,-0.1715587489234478
478,0.061007293091842385
479,-0.21294180674662178
480,0.12380417323692583
481,-0.020350539327271377
482,-0.013073220079019843
483,0.07822361099691388
484,-0.08831324008251507
485,-0.13050710766612272
486,0.007443132486553455
487,0.016506869096718946
488,0.0032577057353064265
489,-0.037574156526028246
490,0.016056484513174984
491,0.028232338484967145
492,-0.09978940406270953
493,0.025806739482173463
494,0.11290200947990892
495,0.01614414618382587
496,-0.019364946433050978
497,0.0029872491312386007
498,-0.045365169078093404
499,0.035307791967770175
500,0.0026894144815020615
501,-0.01800811761845414
502,0.06730527690677918
503,-0.26331701818191466
504,-0.0016393485657114626
505,-0.01662846401199347
506,0.08040366922389902
507,0.11901138948282752
508,-0.025539881384938568
509,-0.015934510854870743
510,0.0012410723068362883
511,0.033564647777043766
512,0.009736016181227214
513,-0.0039328084069795155
514,0.01877166962484128
515,-0.04804325355820366
516,-0.0010216542593130817
517,0.0865352006604656
518,0.015617740600262164
519,-0.011663554369584467
520,-0.00024791284334468866
521,0.001117625159765545
522,0.032413667391737455
523,0.014543038422071719
524,-0.07335605825838293
525,-0.034701266923453766
526,-0.019841164938198597
527,-0.031246237515684033
528,-0.08858402561394041
529,-0.056636699026135995
530,0.027371387280799575
531,0.1163112159889011
532,0.041790353198936425
533,0.022164203213646372
534,0.00022247969966632253
535,-0.16481932182605252
536,0.01586428810970364
537,0.02952478686947585
538,0.012717088602267834
539,0.062182198235463004
540,0.031922216078562105
541,0.00878436421225226
542,0.010057313791953626
543,0.019206147577569554
544,-0.006440803279021079
545,-0.0183370868334492
546,-0.00834149998788053
547,0.008763796098005705
548,-0.006758407466554123
549,-0.027262583197236956
550,0.15222786229096663
551,0.011058534716926749
552,0.004832909274241959
553,-0.01725872542085266
554,0.0030624688125019117
555,0.12410178334050515
556,-0.017012713950049996
557,-0.024899997958377718
558,-0.016907514762605214
559,-0.020304536028044384
560,0.03935124187796557
561,-0.02602809575094167
562,-0.004991151225757884
563,0.012852710066944106
564,-0.00031147466255770917
565,0.08554111608035292
566,-0.017444862715555842
567,-0.018856512760957123
568,0.12993234262725806
569,0.018027884758971047
570,0.01767350711594734
571,0.011685945084090488
572,0.006797575697709363
573,-0.16558139112578263
574,0.0038908568262967513
575,0.12801469510594835
576,0.005418989034163574
577,-0.12926753848952544
578,-0.09461226747229967
579,-0.022564766641752332
580,0.021788366726728625
581,0.06652707179477346
582,0.05244444551899213
583,0.016173683710347553
584,-0.10050731455098827
585,-0.15818892285447828
586,-0.015432327080171893
587,0.03301760622852756
588,0.011546670764611078
589,-0.003123021412928584
590,0.023405920683866932
591,0.041944247275296886
592,-0.12496663842787809
593,0.009950875603528642
594,-0.15676554574964685
595,0.07657432098988892
596,0.009314600011069318
597,0.04261716497649726
598,0.05671366897621999
599,0.13032524277561208
600,-0.09522197774980257
601,0.02122819019355282
602,0.08405589887115061
603,-0.009494887816594966
604,-0.0075281314933399734
605,-0.025774894989958663
606,0.009850516590461655
607,0.0469608714360209
608,0.13944107250245785
609,0.004100281970508102
610,-0.006126197195613248
611,0.0031703759457307745
612,-0.016062356071250727
613,-0.015387949254065447
614,-0.008227311911015112
615,-0.011332015699153541
616,0.014043804622814016
617,-0.03988538843801148
618,-0.05904544202637557
619,0.18645016667253245
620,-0.08570034138960436
621,0.033564647777043766
622,0.022512371615745097
623,-0.018298986764474112
624,-0.014062819665650372
625,-0.03440492927648986
626,-0.01653027087158332
627,0.003967061621986165
628,-0.0007199556335741875
629,-0.008832861719178187
630,-0.005440042172798032
631,0.005473186997739132
632,0.011082355259618204
633,0.06165302085432034
634,0.029918159372804176
635,0.06798885179561082
636,-0.010701877975686669
637,0.17045808809860774
638,-0.009560152915426667
639,-0.01211762386098289
640,-0.02839889043310162
641,0.01166944758965105
642,0.05763018825053795
643,-0.01071344617914749
644,0.12848422696586825
645,0.02399022229403086
646,0.0029665552376545445
647,0.12139355141009855
648,0.01125224992442514
649,-0.024204265787793333
650,-0.08558710991744822
651,0.007651286977079119
652,-0.009067621820699201
653,-0.012150822676246564
654,-0.13981375979453814
655,0.07739251765083677
656,0.022308382528219317
657,0.01706770410925157
658,0.00872319551352474
659,-0.0019063691185859932
660,0.10316676436444872
661,-0.017522461908479503
662,0.005296172411439579
663,0.11121048639432285
664,0.012525043369967154
665,0.03315690179929218
666,0.08361581754152514
667,0.03284056844649337
668,-0.01021072667493883
669,0.029057673950725782
670,0.00770092937192185
671,0.027341189239654673
672,0.008504532168091439
673,0.01725241836996716
674,0.005193382505423005
675,0.004170930295193442
676,0.03679557335185424
677,0.004454467628615566
678,0.0019217418581717327
679,0.04078887921976129
680,0.026556631697137595
681,-0.13299642942330825
682,0.037096582995253036
683,0.012098193941836838
684,0.019405644788745846
685,0.05831533645767961
686,-0.11509735153103606
687,-0.08927164998638593
688,-0.2130439001178912
689,0.028499158840995187
690,-0.13922729812116663
691,-0.04280008939769103
692,0.02159663089201408
693,-0.03611767932130061
694,0.03320603418226792
695,0.004703055917202263
696,0.005749416199992363
697,0.030602107960127245
698,0.15900147428549694
699,0.012607704525912755
700,0.05794732610291525
701,0.01199153790127716
702,0.03263649151242354
703,0.04302160860783455
704,0.010777289002658508
705,0.1559941655496444
706,-0.050844270510248646
707,0.05025107303202514
708,-0.05044945498306436
709,0.05083838049317435
710,-0.019932059403371394
711,-0.0009156707583966028
712,-0.06716022708809355
713,0.024064920992204752
714,0.1476513678110447
715,-0.024979902999870962
716,-0.05058879183928022
717,0.008359441714944349
718,0.0033606870317644533
719,0.030877875770206897
720,0.003589908604926473
721,-0.014955090718015429
722,0.010899954307363013
723,-0.01000644936810452
724,-0.07563488190761491
725,-0.014364970058674986
726,0.07572700255069253
727,-0.016900429590629318
728,-0.07485137600103786
729,-0.06080365265121934
730,0.08078366799276751
731,0.11786705385843477
732,0.044860508794114407
733,0.006753935659374433
734,-0.01755145335096364
735,0.011464176400992232
736,-0.0814180943835916
737,0.009614922242433988
738,-0.021083442112837525
739,0.007556877715044208
740,-0.015188395515241593
741,0.0016427684891779926
742,-0.008918075229153888
743,0.004784336585422488
744,-0.05011535086683572
745,0.11985372872083605
746,-0.0026015434187859066
747,-0.14531086989281916
748,0.006612145066729691
749,0.029539460941077067
750,0.016451855689905148
751,-0.006733874152670016
752,0.0615795969399644
753,-0.08999371557563135
754,0.06826408158615915
755,-0.003924117494853219
756,-0.021545042520868862
757,-0.03280510635275702
758,0.0719017003161157
759,0.10393057338565015
760,0.03268970549373859
761,0.006296489918782289
762,-0.04686581085963004
763,-0.07111948814920566
764,-0.004611796467837825
765,0.11511229972090317
766,0.020848523894820392
767,-0.004608621758973475
768,0.030435095737081252
769,-0.021963249591943124
770,-0.03375743670815601
771,-0.0022172349901937727
772,0.08285958214028266
773,-0.016763191161631052
774,0.01100199016126785
775,-0.0061484926449413
776,-0.003492589152766734
777,-0.03100339333623625
778,0.018020991362841743
779,0.022837518486711728
780,-0.0498931155858483
781,-0.028422776027101443
782,0.010017030629478618
783,0.022171003101084108
784,-0.048370534005037324
785,-0.05784707048641058
786,0.10760506778245837
787,0.0005262605432028722
788,0.027234081146871314
789,-0.0007033406273446452
790,-0.015863118051925973
791,-0.017299751429666665
792,0.0679292445895836
793,-0.03395726857598591
794,-0.1558337807264859
795,-2.300395117399434e-05
796,-0.028724169208636408
797,0.0954158442590416
798,0.07284791937117596
799,0.019202368015050764
800,-0.08910786271249083
801,0.04780799326970153
802,-0.10016451939255366
803,0.04179237848792994
804,-0.002580183399267355
805,-0.03932783097525816
806,0.0248089039477897
807,0.05146844036492626
808,-0.32476315069899053
809,-0.056093695067822136
810,0.10588291568516928
811,-0.0409282737194252
812,-0.01581098058887509
813,0.03271694536368308
814,0.00502204255743266
815,0.03142966968933392
816,0.04340246704083106
817,-0.023138593778246896
818,0.02539189282084764
819,0.03715249676959953
820,0.14600799516997787
821,0.04387222275699432
822,0.0061170570044114525
823,0.005322558948813727
824,-0.037344813827461465
825,-0.1130221583260691
826,-0.022155175312767117
827,0.015490347380543779
828,0.0009350596807330969
829,0.033110476766559205
830,-0.020043319529484682
831,0.033556537785561946
832,-0.034015168142853214
833,-0.009252101912762128
834,0.14458902286644346
835,-0.011838038333339407
836,0.014870542254515562
837,-0.0012759930528900565
838,-0.007385958151841621
839,0.1158406228015586
840,-0.009037625083641698
841,0.09938449938841332
842,-0.026873636300956488
843,-0.08523938085312155
844,-0.06721505097094616
845,-0.01107525972691048
846,0.011285671244972706
847,0.0015868644205469518
848,0.10072462498269308
849,-0.05076164025937385
850,-0.0459269413859833
851,0.15900147428549694
852,-0.05130724896948524
853,-0.01796496059149208
854,0.022526962720970628
855,0.028613398924012823
856,-0.007773619332735904
857,0.030769320146918508
858,0.12831724750525453
859,-0.1173831366090029
860,-0.019952019920614572
861,-0.04268747914991222
862,0.01377440149146103
863,-0.00266970117721807
864,-0.021313519816187343
865,0.025196129862482763
866,0.007117156590694784
867,-0.16624006327064766
868,0.014085049170885933
869,0.0686608289142831
870,-0.01799380320869326
871,0.004191386239075279
872,-0.0382614484429476
873,0.012183267847498569
874,-0.04119463850559568
875,0.010542346611017495
876,-0.17160703838501046
877,0.040851472552685286
878,0.04216667841004973
879,-0.017069237100038936
880,-0.160667288724875
881,0.1446723585637114
882,-0.029463509395870946
883,0.02331506771081948
884,0.0009350596807330969
885,0.0156528429968614
886,-0.14412328196568636
887,0.0663110462094525
888,0.0037975210346607446
889,-0.05293336858171538
890,0.01904516928297456
891,0.0016874868097877804
892,-0.01822623535553336
893,0.07309041331408184
894,0.001117625159765545
895,-0.016041052302120995
896,0.016394274203529347
897,-0.08937381414209078
898,0.0021429088098828264
899,0.011569524721590618
900,-0.10576903172420804
901,0.013918533557203017
902,-0.021509969725834188
903,0.0019256600109872068
904,0.020845941644966892
905,-0.027019882660213823
906,0.028302022913334224
907,0.03066316397774832
908,0.09353706040611287
909,-0.019959418597151002
910,0.04371159348574277
911,0.029727184992231037
912,-0.03374881439873856
913,0.10244197878735983
914,0.012380407917542302
915,-0.2544026162772912
916,-0.012829675022279385
917,-0.015784274429613165
918,-0.002140996226639602
919,0.10905434069793918
920,0.09787327977709581
921,0.0072085964350443454
922,-0.02518083997731102
923,0.03793163576060832
924,-0.037918014081695595
925,0.022295826899817794
926,-0.009273471606465522
927,0.08247221823300943
928,-0.10569175724949587
929,0.09152672615650936
930,-0.009504960204198248
931,-0.028969065032355856
932,0.019135621307741213
933,-0.10168042812109868
934,-0.009217476416858272
935,-0.0021889421900710415
936,-0.021920168493833048
937,0.03342302900637156
938,-0.009467021743739479
939,0.0216653583612314
940,-0.160667288724875
941,0.00354685960412493
942,-0.033065282069809854
943,0.030875421824928195
944,0.0065565835502230385
945,-0.008776156940827146
946,-0.13249583702906154
947,0.016029716418950804
948,-0.2131991217329292
949,-0.015951649832070758
950,0.10169117380988868
951,-0.09743434915869542
952,-0.010402148188016547
953,-0.025052783093463926
954,0.0050249943840234845
955,-0.011533158857461534
956,0.030246596925196767
957,0.03294018481915956
958,-0.017281122415477468
959,-0.0074560019436185065
960,-0.1201067408401798
961,0.028785572281411653
962,-0.047662029642266956
963,-0.002051989350730643
964,-0.03965673299311018
965,-0.01665344076758077
966,-0.07082105585556087
967,0.009479833200012111
968,-0.02309963385294822
969,0.008196808142249434
970,0.02449411420196891
971,0.037186644352465326
972,0.023183131480050467
973,0.11633210303248798
974,-0.004102747056896339
975,0.020124860909139758
976,-0.09496004514646483
977,-0.025233864035356823
978,-0.10265798229411793
979,0.018513497786765032
980,-0.039559541489467165
981,0.08660073231304136
982,0.019443724956681896
983,-0.05779755584334356
984,0.011761304163860314
985,0.015652784696402744
986,0.04001624388434094
987,-0.0795042709971801
988,-0.10016451939255366
989,0.0024765615945980812
990,-0.14590838132563022
991,-0.32640843674973996
992,0.0031703759457307745
993,0.07117628323609379
994,-0.019673241648492823
995,-0.027970046450817965
996,-0.010715566040596036
997,-0.005817134857433265
998,-0.11296872834083194
999,0.0007331545854689647
1000,0.09356769503350504
1001,-0.01080830162409735
1002,0.004197647964675089
1003,-0.040907897115744385
1004,0.03852592510073838
1005,0.09929995360814736
1006,0.007043492641978871
1007,0.09729818270647672
1008,-0.06524058813732503
1009,-0.02906917257147279
1010,0.016785718820032935
1011,-0.03645171490769966
1012,0.007590298088625408
1013,-0.010773811483249018
1014,0.039770197044088074
1015,0.010770895841788142
1016,-0.09513244341994637
1017,0.019941380026632594
1018,0.07887695488021318
1019,0.08589653574605238
1020,0.0013183637374779844
1021,0.020130091546192053
1022,-0.10569816584495906
1023,0.27705778787242596
1024,-0.00257433975791474
1025,-0.02613027210150043
1026,-0.12211253796657062
1027,0.04283157195969167
1028,0.0248089039477897
1029,-0.02708738422487339
1030,0.0023998500626418173
1031,0.0034169299385201635
1032,0.030284972880351146
1033,0.008175679248692003
1034,0.014647913883932162
1035,-0.027401813911839823
1036,0.08818362890293863
1037,0.11508112567016382
1038,0.036930522227108076
1039,0.006238571712967378
1040,0.029901736661484768
1041,0.1067045150256194
1042,0.05495237510036416
1043,-0.12128169182470894
1044,-0.033262172186799555
1045,-0.012336277751781921
1046,0.002900620380355129
1047,-0.030922826308642515
1048,0.036506179640571346
1049,0.0030624688125019117
1050,0.12821753485076826
1051,-0.023815428719856258
1052,-0.020584770013636344
1053,-0.011104560141343978
1054,0.011429638132004483
1055,0.014645457280551333
1056,0.012059728797702451
1057,0.002411949373282596
1058,0.11074948874538593
1059,-0.04187584107352138
1060,-0.028254835504810005
1061,0.005126112362166202
1062,0.04211863827388457
1063,0.009518377499622921
1064,0.030795336006967433
1065,0.00036068781039841347
1066,0.0979056538784806
1067,-0.010568029103207699
1068,0.030129982393625077
1069,-0.03643258968613816
1070,0.006157299966409291
1071,-0.007623573313623122
1072,-0.0016869213465418031
1073,-0.0071234430347739686
1074,-0.0004230949246508964
1075,0.06072268352686572
1076,0.07201794517726146
1077,-0.022488136866485264
1078,-0.2078921214960408
1079,-0.02173520512117827
1080,-0.02249750673679407
1081,0.13351996182157744
1082,0.012244564101714817
1083,-0.009999418867662813
1084,0.004771502294580343
1085,-0.02976635471784253
1086,0.09658104858534244
1087,0.010477748652111596
1088,-0.00238448644176259
1089,-0.057866979058471046
1090,-0.00578966962678662
1091,0.0031703759457307745
1092,0.1154927121524238
1093,0.12396587244020385
1094,0.040050500414805956
1095,0.008505138375020649
1096,-0.001300383506215863
1097,-0.02265854580991944
1098,0.03341151176267815
1099,-0.008951611605930054
1100,0.07214840864642208
1101,-0.00484796343032734
1102,0.003631211637325771
1103,-0.001832154334616365
1104,-0.006760802592894022
1105,-0.03909202968474268
1106,-0.05539394938311992
1107,0.04981292699033779
1108,0.019549396991886014
1109,0.07676493675323315
1110,-0.040333798520023556
1111,0.036209174243776066
1112,0.08027797145261317
1113,-0.05188307032253103
1114,0.11972035385069102
1115,0.016323056575898248
1116,0.011055956647193943
1117,-0.11111779947365985
1118,0.010730865775547882
1119,-0.03974186140617586
1120,0.007304690021562865
1121,-0.002720268978558593
1122,0.011982565828721925
1123,0.09539595238925608
1124,-0.023146234887190642
1125,0.013142100721234895
1126,-0.09050238314876857
1127,-0.02928932383572569
1128,0.020142557334645816
1129,0.07482800621900984
1130,-0.008104575705153966
1131,0.0008736450136832552
1132,-0.05893644295256295
1133,-0.022451014622272947
1134,-0.02708738422487339
1135,0.11774919469276668
1136,0.09944361405578594
1137,0.011802502499340728
1138,-0.11192840892552058
1139,-0.008267217684111983
1140,0.02781822357996533
1141,0.022953849630601764
1142,-0.020827722636366564
1143,0.0029295538609724336
1144,0.004287323927742448
1145,0.036632333586810895
1146,-0.03407377542559986
1147,0.01961244058451439
1148,-0.036196036037656976
1149,-0.06756036338976473
1150,-0.01130952798493362
1151,-0.005724139422167873
1152,-0.07416883389959611
1153,-0.0064087128447511965
1154,-0.016737295970568944
1155,-0.051761223850076754
1156,0.048635510326049514
1157,-0.1131472055077678
1158,0.11161123822650332
1159,0.026054133528617407
1160,-0.09978940406270953
1161,-0.02265854580991944
1162,0.02160718440010065
1163,-0.007642340984647611
1164,-0.012088638934976137
1165,-0.08354033643354586
1166,0.011543350354405235
1167,-0.050521152820620474
1168,0.023302904589910245
1169,-0.26372439300828976
1170,0.002798412302130182
1171,0.024387259455005833
1172,-0.02127478811769501
1173,-0.013751101632594687
1174,0.09796313648167765
1175,-0.014414947402691336
1176,0.05507828066047005
1177,0.02686298140491422
1178,-0.15818892285447828
1179,-0.05017795629567201
1180,-0.0360814799725826
1181,-0.13430461336228655
1182,-0.09522197774980257
1183,-0.05913927335836344
1184,0.026080010961414102
1185,-0.040056096717250855
1186,0.035542051095626664
1187,-0.03347593066782678
1188,-0.022690739324507325
1189,0.03513566759489817
1190,0.11297058824482176
1191,0.041224118116760994
1192,-0.12139545309763133
1193,0.017578488254894442
1194,0.04819641544161879
1195,-0.03560060023781664
1196,-0.025816043246445652
1197,-0.03533313340701327
1198,0.03245075435936634
1199,0.0015868644205469518
1200,0.009912281115458138
1201,-0.05805148887309525
1202,0.15900147428549694
1203,-0.16457315566289576
1204,0.12289955222799698
1205,0.11182288833985687
1206,-0.07951486820942766
1207,0.010000898314368512
1208,0.005702042189771217
1209,0.03876878831654457
1210,-0.018476432229968642
1211,0.04575637212916672
1212,0.11433204993666668
1213,0.039566556190508806
1214,0.012678736055510731
1215,-0.0481075049031876
1216,-0.054551588607793355
1217,0.10268777222636094
1218,0.08519284299908136
1219,-0.13534900028728036
1220,-0.13785404897682152
1221,0.1307583769946581
1222,0.018697147838683703
1223,0.11854315596726972
1224,0.0033038114582729095
1225,-0.12785999328367637
1226,-0.02917663276118898
1227,-0.06373885594594175
1228,-0.05880709768864245
1229,0.054175483754344445
1230,-0.0342635894630714
1231,-0.017851277018067935
1232,-0.0014236463313207354
1233,-0.010967168997824905
1234,0.026975972116602492
1235,0.00621589603277406
1236,0.0021113374606149815
1237,-0.11739552823888799
1238,-0.0006096146799715596
1239,0.00034129542305399996
1240,0.05906835556210291
1241,0.005570538046897444
1242,0.14441458275670904
1243,0.008653777310906219
1244,0.1449454193689338
1245,-0.038146809153775996
1246,-0.06839220261564422
1247,-0.0042460802208285076
1248,0.002587848907271123
1249,0.0037522742553835198
1250,0.08020396781943295
1251,-0.023516934432651126
1252,0.019500289633589685
1253,0.01838095122209965
1254,0.007049157131963302
1255,-0.024742645435812893
1256,-0.08715116043284493
1257,0.1043904042577557
1258,0.0019023843327085066
1259,0.009941155092729526
1260,-0.04179955042151684
1261,0.007340634385401779
1262,0.09620514866696273
1263,0.07592847404768444
1264,-0.024917000998811112
1265,-0.024689326681128554
1266,0.007049157131963302
1267,0.03321354490019218
1268,-0.020048451496907094
1269,-0.006224251234534517
1270,0.16370434501963038
1271,-0.004926479507787823
1272,0.08525515039790543
1273,0.049208984176365544
1274,0.0030999446987725054
1275,0.12536513750174216
1276,-0.0022172349901937727
1277,0.01241975580499255
1278,-0.012161213706046392
1279,-0.07090071168431611
1280,-0.019373858667681598
1281,0.00890165192680098
1282,-0.01080830162409735
1283,-0.014957776994391936
1284,-0.10291193803800791
1285,0.027086538863528464
1286,0.08256139492148207
1287,-0.007536325880767469
1288,-0.305738872689193
1289,-0.025113082825677924
1290,-0.05855787077256824
1291,-0.03676733509717678
1292,-0.04851611279471735
1293,0.0047029887075991095
1294,0.0018544142723315726
1295,-0.23128358225929158
1296,-0.016715499023586655
1297,0.029771114232765628
1298,0.00242938250974728
1299,-0.3038223090969687
1300,0.10316676436444872
1301,0.008899469337854155
1302,-0.11097264372497173
1303,0.1287981144962963
1304,-0.004823748154557439
1305,-0.06569835618894282
1306,-0.012962105886721365
1307,-0.02782218887229626
1308,0.024425256709096232
1309,0.04873262492209712
1310,0.15164053789674026
1311,-0.09705480542414935
1312,0.01877113670979974
1313,-0.08435146180865755
1314,-0.025740891217374107
1315,0.11030015074720034
1316,0.09792488379795028
1317,-0.05256198301975129
1318,-0.01879041355633032
1319,0.07115905433133463
1320,0.018697147838683703
1321,0.009931957511638112
1322,0.0050479142783232955
1323,-0.02900074791622939
1324,0.09444240066520282
1325,-0.13922729812116663
1326,0.003484017647775728
1327,-0.06143972239169937
1328,0.07745080044061681
1329,-0.05018679828925865
1330,0.1871057510479166
1331,-0.004822099215700759
1332,-0.01756554122541132
1333,0.04090052210362738
1334,-0.011043904169168228
1335,0.01614414618382587
1336,-0.14080630590123488
1337,-0.13058748737117848
1338,-0.057332990184721266
1339,0.012106038657281604
1340,-0.1457515000610019
1341,0.01607649983285897
1342,-0.011796924548551413
1343,0.0785247696185653
1344,-0.1453781040327119
1345,0.037463677739935725
1346,0.042704154274010975
1347,0.18850653720559407
1348,-0.16457315566289576
1349,-0.04528423090893552
1350,0.009184157439846519
1351,-0.0006652058155760532
1352,0.04761178651925202
1353,-0.018815000777785917
1354,-0.059454564909326435
1355,-0.06416381540490135
1356,0.01791610978959446
1357,-0.05009573710659809
1358,0.0014334487766128612
1359,-0.02496248704243853
1360,-0.009712932241816935
1361,-0.027727873668407454
1362,0.003701573475802425
1363,0.11508112567016382
1364,0.12337581524470775
1365,0.01568623985119394
1366,-0.04490250998510614
1367,0.005210547779301022
1368,0.008636910603431691
1369,-0.05002259543205301
1370,0.007719514965797869
1371,0.1403657105354228
1372,0.04042764801470189
1373,0.002096627617501845
1374,-0.01006437500419144
1375,0.07640694720410879
1376,0.08560224223702884
1377,0.022118459689902586
1378,0.003489553383319799
1379,-0.0009659600669108537
1380,0.022472752419967046
1381,0.05284868055239811
1382,-0.00882518050286829
1383,0.06730527690677918
1384,-0.004052261825259557
1385,-0.03367445443701411
1386,-0.03260450857411118
1387,0.000401106955759456
1388,0.05030690299481966
1389,0.005040810422384467
1390,0.00472072978625232
1391,0.011032015939248407
1392,-0.000396370557094905
1393,-0.08937381414209078
1394,0.010045632398411303
1395,0.08851078300149473
1396,-0.038365358467699784
1397,-0.0035113939300549513
1398,0.06048346334923366
1399,0.004495211450324665
1400,-0.02680863738695488
1401,0.0925166734625078
1402,0.020035190695023575
1403,-0.05280500401546284
1404,-0.011361284048803544
1405,-0.21891290012023412
1406,-0.07442053450876762
1407,0.02252701613596031
1408,0.08725734826892229
1409,-0.10267216762313369
1410,-0.00299024981637816
1411,-0.03586600983903954
1412,0.059458112448877776
1413,0.04040828466454072
1414,0.09353706040611287
1415,0.012397512043195502
1416,0.08335397621011342
1417,-0.020166950389233856
1418,0.0271003371890704
1419,0.006447152495583142
1420,0.08298557010047936
1421,0.0014065545437226268
1422,-0.09978940406270953
1423,-0.012274110998340415
1424,0.06987289914264017
1425,-0.08927164998638593
1426,-0.2098229026776186
1427,0.0738983819622028
1428,-0.009505512893987322
1429,0.08341203559656832
1430,-0.024975864844832163
1431,0.029918606959346505
1432,-0.008311731395438726
1433,0.13078822748082652
1434,0.007030684723459468
1435,0.03393562013980311
1436,-0.12785999328367637
1437,0.01494814318048765
1438,0.04266345565356011
1439,0.08277606995390416
1440,0.04471034834078225
1441,-0.016855231174077168
1442,0.001117625159765545
1443,0.012424062214484582
1444,-0.0056717108392536075
1445,0.001051572573976145
1446,-0.015590198571886038
1447,0.005564290270279437
1448,0.015652784696402744
1449,0.039040051415570376
1450,0.01874313558315782
1451,-0.05089791689393469
1452,0.0124515518418718
1453,0.011506522926393481
1454,0.0306649336865763
1455,-0.043988626030285416
1456,0.03295842763285228
1457,0.01993916283794306
1458,0.000724996630216912
1459,-0.01668883693795631
1460,-0.09473637796614165
1461,0.0488148272985256
1462,-0.01587339714378111
1463,0.02651157745543864
1464,0.12799515173457365
1465,0.0014334487766128612
1466,0.007968116469914188
1467,0.01770365290102449
1468,0.011820658108550153
1469,0.02424455967789732
1470,-0.08937381414209078
1471,-0.009169683147716157
1472,0.004697195517467667
1473,-0.009280649162858423
1474,0.08225954679869035
1475,-0.021819058894608112
1476,-0.002380757251085719
1477,0.04172635854773454
1478,0.0050479142783232955
1479,0.15222786229096663
1480,0.21446884510835473
1481,0.09080904121965006
1482,0.059255345354228606
1483,-0.1822642472850956
1484,0.10279545549527236
1485,-0.0183370868334492
1486,0.052639724807825417
1487,-0.05403028101690732
1488,0.006258807709189518
1489,-0.009999418867662813
1490,-0.046262756454476084
1491,-0.01565133444221395
1492,0.014360688823418233
1493,0.11182288833985687
1494,-0.0021847526308624854
1495,0.02064578593082389
1496,0.02304765183955232
1497,-0.10853891174245278
1498,-0.10087589678241393
1499,0.0011240689861797826
1500,0.0031965804583019564
1501,-0.005128663569585995
1502,-0.0013308325603683946
1503,0.012525043369967154
1504,-0.0019063691185859932
1505,-0.04605295338622728
1506,-0.01777857959062268
1507,-0.005135410333689361
1508,-0.09096050423104829
1509,0.06719739811187284
1510,0.09787327977709581
1511,-0.021362539265041863
1512,-0.1434103104806878
1513,0.07858548575519964
1514,-0.0182746034765916
1515,-0.09590896746451172
1516,0.059652459570496974
1517,0.011619036449520892
1518,-0.02542456954535599
1519,-0.03521689273618356
1520,0.08008297864315528
1521,0.008359441714944349
1522,0.04182388289812666
1523,-0.06927094305887838
1524,0.08088478407836597
1525,-0.017299751429666665
1526,0.1313617707560819
1527,0.038218960938707136
1528,-0.054433064820247345
1529,-0.022163871706689764
1530,0.02824370598320841
1531,0.11327176945802553
1532,-0.013065797897453213
1533,0.005818936978281425
1534,0.0014065545437226268
1535,0.03726584905775132
1536,0.038503734718947524
1537,0.05008892033279522
1538,-0.005273253788908583
1539,-0.02488061027735533
1540,0.11319425644549408
1541,0.018355822277086264
1542,0.03315690179929218
1543,-0.010028942069392421
1544,0.01774359350593735
1545,0.01844489761488105
1546,0.01401528282767378
1547,0.09353706040611287
1548,0.10041934208318248
1549,-0.16079596663646978
1550,0.03721815577338872
1551,0.001017122576179308
1552,0.056549288869939485
1553,-0.2776186475321485
1554,0.013307778330759246
1555,0.012401460547420556
1556,-0.05253786439259667
1557,-0.33443377365920846
1558,-0.160667288724875
1559,0.014581498461526454
1560,-0.2638059581933683
1561,0.038376118492205125
1562,-0.014414947402691336
1563,0.2895621813561544
1564,-0.0010163235601831633
1565,0.004755193727140783
1566,-0.01649114987981648
1567,-0.005475408848633512
1568,0.011750490498089683
1569,0.024096449289706057
1570,-0.04549936749302336
1571,0.0032072729215006646
1572,-0.014717590117757862
1573,-0.018473726579221528
1574,0.05198578648167973
1575,0.05403965787982001
1576,0.012714772739494284
1577,-0.01924842903596813
1578,0.03507361630357614
1579,-0.17095939906185553
1580,0.050394231297495484
1581,-0.12230971502172294
1582,0.030097113928843455
1583,0.020845941644966892
1584,-0.0033275098217574184
1585,-0.061368652895585685
1586,-0.044230783279946895
1587,-0.05123888869741833
1588,-0.028383627230087305
1589,-0.15789386681612683
1590,0.06090442748153757
1591,-0.0008022470730456588
1592,0.026465304145168456
1593,0.03850575431050807
1594,-0.011351485633535885
1595,0.0024652540231585585
1596,0.008862477941526586
1597,0.011464176400992232
1598,-0.015796994534633402
1599,-0.006798401984298208
1600,0.02502050118088084
1601,-0.014701241673565235
1602,0.01968272018702344
1603,0.003489553383319799
1604,0.0546219498457709
1605,0.128704919782205
1606,-0.06041011784078654
1607,-0.0010216542593130817
1608,0.027506532556186958
1609,-0.003058351669991244
1610,0.04047507116521398
1611,-0.01902433633218653
1612,-0.1036023141259835
1613,0.042960176076395795
1614,-0.07755094230860538
1615,-0.009327266973237436
1616,-0.012793792474213361
1617,-0.02232819178187928
1618,0.01882775402599335
1619,-0.008809069118968893
1620,-0.10846039922176898
1621,-0.017995636237287005
1622,-0.1715587489234478
1623,-0.0030988013329996678
1624,-0.04151765133235319
1625,-0.060331476283906615
1626,0.2222086485139816
1627,0.010718439059471452
1628,0.05965872068608258
1629,-0.01649114987981648
1630,-0.012274110998340415
1631,0.019449141746491705
1632,0.0035917039220043634
1633,-0.08935596057264195
1634,0.016541736303570587
1635,-0.1459005649899855
1636,0.017944429248132998
1637,0.033152413908430683
1638,0.07148641433671393
1639,0.022754183911545905
1640,-0.008144544932223385
1641,0.021865158283170927
1642,0.0006176022680546012
1643,0.09316562488104363
1644,-0.004367430138724537
1645,0.004729920791745168
1646,0.10680244998877142
1647,0.003752281137310104
1648,0.0024652540231585585
1649,0.0002931777941447278
1650,-0.053647281057813245
1651,0.029892343988525083
1652,-0.020695376792963738
1653,0.015440219618910955
1654,-0.0795042709971801
1655,0.014021616215528221
1656,0.014647913883932162
1657,0.11694328558314687
1658,0.007148737242583747
1659,0.11069578662238572
1660,-0.052859245765845886
1661,0.021143237119828406
1662,0.07553255223042799
1663,0.0637663723980969
1664,0.007937596142044645
1665,0.021777918855197365
1666,0.11933912469752633
1667,0.04535205396958475
1668,0.017944429248132998
1669,-0.16290724605414542
1670,-0.02862140051940648
1671,0.061605964274439096
1672,-0.030259187729503645
1673,0.11288746445459258
1674,0.03142966968933392
1675,-0.03302323708385718
1676,-0.0919436081100905
1677,0.007510805944971555
1678,-0.056043188542733546
1679,0.026119925140574235
1680,-3.844910476985541e-05
1681,-0.015260891455107672
1682,-0.006876920597464309
1683,0.020006850583549785
1684,0.07066544294897414
1685,0.019646050702334716
1686,-0.04749162409641311
1687,0.10991642719047734
1688,-0.10267108242966982
1689,-0.11114949160150878
1690,0.01204778856527755
1691,0.06175510576206089
1692,-0.005273750467357119
1693,0.005833493720372368
1694,-0.046460166722406104
1695,0.021534937255973996
1696,-0.001659742675767517
1697,-0.0010201382916701918
1698,0.04332611782945772
1699,0.12133037646885925
1700,-0.001334150249932664
1701,0.02083866462966011
1702,-0.0221725679299295
1703,-0.03728834231353756
1704,0.1449454193689338
1705,0.016394274203529347
1706,-0.024980406668113186
1707,0.007030684723459468
1708,-0.015313516218356304
1709,0.03249201123138834
1710,0.025244800848461257
1711,-0.029595315972787972
1712,0.0025674071567803325
1713,0.014419012455204161
1714,-0.13782849661523755
1715,0.031822556337562424
1716,0.004390543840783301
1717,0.06468641328322122
1718,0.0011393989637620838
1719,-0.018709233981299395
1720,0.03478913247804871
1721,-0.021722960708131345
1722,0.0002004792160835156
1723,-0.012122839028692545
1724,0.043738583068106296
1725,0.0010574129493203244
1726,-0.03314633145556134
1727,-0.01618915237619778
1728,0.01219065061044805
1729,-0.012240739272192158
1730,-0.019067833262207623
1731,-0.17160703838501046
1732,-0.01283330931403609
1733,0.02572391595196838
1734,0.029257106167732694
1735,-0.018230204449477816
1736,-0.026040259740353733
1737,-0.1669440861316931
1738,0.031912431027548704
1739,0.007049157131963302
1740,-0.0025751822484701425
1741,-0.014958637344442527
1742,-0.03260996800590821
1743,-0.1496913760298677
1744,-0.08914343988259787
1745,0.028639544743016998
1746,0.004619117868308098
1747,-0.0025303981112896334
1748,-0.009137159383021842
1749,-0.01607779443857854
1750,0.015086400383691495
1751,0.08521170092617697
1752,0.0005208826721732063
1753,0.008415477801216764
1754,-0.023191949936381684
1755,0.007494091549195725
1756,0.06678816645448782
1757,-0.0015918253775362157
1758,0.016054227306453228
1759,-0.12785999328367637
1760,0.012922623184552062
1761,0.032554346192653516
1762,0.045606527915850736
1763,-0.02364929056757542
1764,0.03505005604280642
1765,-0.009999418867662813
1766,0.0014334487766128612
1767,0.035955004641649885
1768,0.0023127478250086764
1769,0.01755262227657861
1770,-0.3177905442957085
1771,-0.011861801531517724
1772,0.06506586021242922
1773,0.0039049056454464326
1774,0.009912281115458138
1775,-0.0343193122383364
1776,-0.16281775094436934
1777,0.010777289002658508
1778,-0.15723712730624595
1779,0.0023998500626418173
1780,-0.016954289852194382
1781,0.0225771235087584
1782,0.04118412140720262
1783,-0.012911107390784271
1784,0.04776919080510045
1785,-0.015637088738797766
1786,0.0044201921252722265
1787,0.038011960287255564
1788,0.01288468178820873
1789,0.013896154832992641
1790,0.118279463471754
1791,-0.012906549078191332
1792,-0.2570637705995432
1793,-0.137805347324232
1794,0.019429469727591353
1795,-0.01759252351772661
1796,-0.01906036065437533
1797,-0.046528400026534855
1798,0.009466773115105187
1799,-0.002905074038032668
1800,-0.08107239002378308
1801,-0.06330060308275987
1802,0.0008944660537815174
1803,0.0029295538609724336
1804,-0.02107447453407596
1805,-0.0006096146799715596
1806,0.020152447190627087
1807,0.025982241492034264
1808,0.027514256118683467
1809,0.10257888759236167
1810,0.050283632362249975
1811,0.09352843259712357
1812,0.002496434412315063
1813,0.02057323885017065
1814,0.00478724389542623
1815,-0.01759252351772661
1816,-0.005493796870416068
1817,0.0037374030338152286
1818,0.03558094616917695
1819,0.007799747546333169
1820,-0.003341318023660028
1821,-0.11078823433288121
1822,0.0974284050358869
1823,-0.04556053301195101
1824,0.0415060704310517
1825,0.005720039095273299
1826,-0.01802942052997647
1827,-0.0017277571661362678
1828,-0.13534900028728036
1829,0.003110565440924362
1830,-0.03178299819185293
1831,0.009301323911669157
1832,-0.1715587489234478
1833,-0.00010744848589827605
1834,-0.006962061880005754
1835,0.05724616985912817
1836,-0.010265238549555744
1837,-0.01692571493434114
1838,0.03998936143914106
1839,-0.022863400002091694
1840,-0.4379920993960753
1841,-0.031114183616266056
1842,-0.03619096780577258
1843,0.0032577057353064265
1844,0.03051443412319793
1845,0.03222588222817868
1846,0.13018775208672084
1847,-0.0026726808645821665
1848,0.02427937234286448
1849,0.018697147838683703
1850,0.15426591523261268
1851,0.040835638164883226
1852,0.01204778856527755
1853,-0.03892443858515837
1854,-0.007614469772230181
1855,-0.32511388114814355
1856,-0.006301363965026702
1857,0.11481245231192005
1858,0.004980063939925894
1859,0.012514274497726796
1860,-0.016719911142656252
1861,-0.0018356936061640905
1862,-0.03471587850820035
1863,0.020695481254974113
1864,0.06319791683803211
1865,0.03003860508626105
1866,0.03570146874545077
1867,0.016096247651745
1868,-0.26303399761197266
1869,0.005076967580754266
1870,-0.046423395941896095
1871,-0.0507268837784578
1872,0.04546891035655731
1873,0.04079575435462801
1874,0.010997083380353295
1875,-0.006702028036979724
1876,-0.04637312531869897
1877,-0.024742645435812893
1878,-0.12336818759126567
1879,0.0109484778868143
1880,0.0027194186476346416
1881,-0.03708408550738096
1882,-0.13534900028728036
1883,0.05368956770693989
1884,0.11617391254287801
1885,0.01838095122209965
1886,0.08333455416524205
1887,-0.04679672521476297
1888,0.034621523190264014
1889,0.17864486838755178
1890,-0.017189012207222742
1891,0.013165490198027596
1892,-0.2687835175105494
1893,0.09050897104618438
1894,0.046396409847762776
1895,-0.05777356517049215
1896,0.003979858300357547
1897,0.0667696804332425
1898,0.07720735638205148
1899,0.03301760622852756
1900,-0.20578847740978523
1901,-0.014687725149578501
1902,0.0030427406378149835
1903,0.11161123822650332
1904,-0.000706487841661052
1905,-0.017235309028021506
1906,0.0009290214263983909
1907,-0.0010216542593130817
1908,0.02267598278511218
1909,-0.01760345152176701
1910,-0.08937381414209078
1911,-0.07502932424236763
1912,0.08768612498404477
1913,-0.02178909930081563
1914,-0.05089791689393469
1915,0.032225372110902206
1916,0.040261161764159725
1917,0.000538760634126223
1918,-0.014560192690446394
1919,-0.03820866577186077
1920,0.002914459977952366
1921,-0.018898814403383257
1922,-0.05089791689393469
1923,0.029494883838663055
1924,0.028213450513715932
1925,-0.03991249210992254
1926,0.04254994723306593
1927,0.02015820468651147
1928,0.027689375243239334
1929,-0.0016869213465418031
1930,-0.04968295384372201
1931,-0.07099398383864453
1932,0.22925515334151103
1933,0.09106982369977723
1934,0.00834151645416692
1935,0.0187464851825635
1936,-0.01759252351772661
1937,0.008971630145396703
1938,0.11449817963078124
1939,0.05193023890312931
1940,0.013358582512393635
1941,0.027545440397890197
1942,0.00687883847837667
1943,0.07050382468191219
1944,0.08647096564204915
1945,-0.018856512760957123
1946,-0.04957182935506976
1947,0.0937260611701447
1948,0.054344798468459854
1949,-0.029318954929270058
1950,-0.006798401984298208
1951,0.02384960039638062
1952,0.015659137271168133
1953,-0.08515783649378084
1954,0.008764672447923838
1955,0.022388414585247318
1956,-0.0516670363189895
1957,0.007651286977079119
1958,-0.05897886398920171
1959,0.09244437180451381
1960,-0.006798401984298208
1961,-0.02164843865937549
1962,-0.10587853321110907
1963,0.06637364672525203
1964,-0.0034271754658120046
1965,-0.14500743669040217
1966,-0.03606710231536936
1967,0.005246252990798395
1968,0.08600979897010058
1969,0.13000574000636522
1970,0.003489553383319799
1971,-0.14309644017890544
1972,-0.17160703838501046
1973,0.02322108411075302
1974,-0.016283843401122655
1975,0.0016289374485820574
1976,0.009822413025448506
1977,-0.04983622428300549
1978,0.027879067043328765
1979,-0.059615918584787764
1980,0.002091962280209303
1981,0.014263610247262304
1982,0.02944398547059679
1983,-0.21660603902670766
1984,-0.16457315566289576
1985,0.11445129244533314
1986,0.020533371089112296
1987,0.01204778856527755
1988,-0.03148798441678413
1989,0.10959056538218337
1990,-0.037588011213842476
1991,0.12389794382287378
1992,0.018144423637824425
1993,0.09080904121965006
1994,0.05693523524419608
1995,-0.012031628372887682
1996,0.018774686703346533
1997,-0.08430852258802912
1998,0.029341082733900514
1999,-0.018097470717437947
2000,0.037774129855588284
2001,-0.009429003527803459
2002,-0.09978940406270953
2003,-0.045300652044141465
2004,0.013807064270923652
2005,-0.02142608005703117
2006,-0.02232819178187928
2007,0.006187431501945673
2008,-0.09522197774980257
2009,0.11210621210447269
2010,-0.00796887299223617
2011,-0.026257774235732112
2012,-0.09005374503350161
2013,-0.0713408593006235
2014,0.007777839462990405
2015,-0.009274820375096027
2016,-0.02472331634851213
2017,0.012365211079073846
2018,0.08001679781885573
2019,0.18207301490355565
2020,-0.014302250163551494
2021,-0.05348037132536987
2022,-0.02359934795573071
2023,-0.08966535579659152
2024,-0.026144518141802242
2025,-0.06600613024073954
2026,0.1334967594646843
2027,0.01839138675027871
2028,-0.2078921214960408
2029,0.02779241205813071
2030,0.0014065545437226268
2031,-0.026873636300956488
2032,0.047825523840176354
2033,-0.008972582712424959
2034,0.32788233572133596
2035,-0.000972251530967444
2036,0.009776801623899878
2037,-0.002380757251085719
2038,0.024407362990357784
2039,-0.0507268837784578
2040,0.027703408155003884
2041,0.002304705817250119
2042,0.01459709426431488
2043,-0.15899802075312797
2044,-0.011569052388550966
2045,-0.0481075049031876
2046,0.13496575567641256
2047,-0.011422939847297586
2048,-0.13603166634239228
2049,0.21790321583259242
2050,-0.09769760616371292
2051,-0.04187584107352138
2052,-0.02407670256834693
2053,0.01031744007792787
2054,0.026565307347432232
2055,0.12389794382287378
2056,0.017321131827447156
2057,0.011124162482985145
2058,-0.01192112192289474
2059,0.035988550683559994
2060,0.016818489559893
2061,-0.0014247954801921425
2062,-0.046870751265425226
2063,0.012966425756008704
2064,-0.042001370835124036
2065,-0.012895951200523836
2066,0.1841845982954945
2067,0.12733425194856451
2068,0.06382538336572008
2069,0.005711676072835514
2070,-0.002023131866071781
2071,0.025589819664067065
2072,-0.01640409379748009
2073,0.011282805824828213
2074,0.01860763662789988
2075,0.10629905407969398
2076,-0.026366277124530157
2077,-0.030994956239634053
2078,-0.014511098812175632
2079,-0.06078900398136619
2080,-0.08331711906195255
2081,0.0612704769338826
2082,-0.02174045846041639
2083,0.04295508060717651
2084,-0.06525688183746403
2085,-0.007464623903321865
2086,0.010107480082046705
2087,0.0053901164463728835
2088,0.03949875447202733
2089,0.0008598972655201598
2090,-0.027017115398686287
2091,0.02692326999038136
2092,0.1285447567596314
2093,0.017296161152955347
2094,0.00580387653736214
2095,0.0071402464665643595
2096,-0.09668165112418425
2097,-0.13172563167318474
2098,-0.011475674313541545
2099,0.006470449083977287
2100,-0.021428887910610817
2101,0.08387759159548125
2102,-0.011609474111799578
2103,0.014703195015991571
2104,0.024782152539447044
2105,-0.049485519833085856
2106,-0.028588633839928435
2107,-0.0010216542593130817
2108,-0.014736258332241958
2109,-0.007424006302796382
2110,-0.15818892285447828
2111,-0.06008229266747034
2112,-0.14878670843955644
2113,-0.00413465698235016
2114,0.11694328558314687
2115,0.009395788093522928
2116,0.001179343146598455
2117,-0.06525280221329244
2118,0.00568476760135761
2119,0.0009350596807330969
2120,0.0071148373313850155
2121,0.026008701218266927
2122,-0.15969703522774348
2123,-0.051695737042047996
2124,0.23796450083939358
2125,-0.07146346916077229
2126,-0.02303427845731104
2127,-0.010111737678637267
2128,-0.016755934505830905
2129,-0.0173072939744372
2130,-0.003243196850157115
2131,-0.01523644614748243
2132,-0.0481265525809933
2133,0.009452043479047462
2134,0.048360867703373334
2135,-0.016498530765414438
2136,-0.04434178793098209
2137,-0.11268601983183973
2138,0.010777289002658508
2139,0.12293851682046986
2140,0.11512984501321721
2141,0.020292181337640436
2142,-0.014976674492777287
2143,0.06379414698683883
2144,-0.06334698812922979
2145,0.012098193941836838
2146,0.0027929971061812775
2147,0.005472645571621193
2148,-0.033719177139170387
2149,-0.03375743670815601
2150,0.07428256931819
2151,0.0005296439997828362
2152,0.12635289928046423
2153,0.0009520792466822803
2154,0.004099108602140522
2155,-0.020143097609134297
2156,-0.1217833540427633
2157,0.10034240696021812
2158,-0.045070331860262325
2159,0.027371387280799575
2160,0.006974273493861427
2161,-0.09764177371048588
2162,-0.1463409913585767
2163,0.006974273493861427
2164,-0.026396144164939406
