,pve
0,-0.12677568864743505
1,0.11919301326669873
2,0.11919301326669873
3,-0.16545747089715201
4,0.13403844434530576
5,-0.16545747089715201
6,-0.12677568864743505
7,0.11919301326669873
8,0.13403844434530576
9,0.13403844434530576
10,-0.12677568864743505
11,0.13403844434530576
12,-0.12677568864743505
13,-0.16545747089715201
14,0.11919301326669873
15,0.13403844434530576
16,0.13403844434530576
17,-0.12677568864743505
18,-0.12677568864743505
19,-0.16545747089715201
20,0.11919301326669873
21,-0.12677568864743505
22,0.11919301326669873
23,0.11919301326669873
24,-0.12677568864743505
25,0.13403844434530576
26,-0.16545747089715201
27,0.13403844434530576
28,0.11919301326669873
29,-0.12677568864743505
30,-0.12677568864743505
31,-0.16545747089715201
32,-0.16545747089715201
33,0.11919301326669873
34,0.13403844434530576
35,0.13403844434530576
36,-0.16545747089715201
37,0.11919301326669873
38,0.11919301326669873
39,-0.12677568864743505
40,-0.16545747089715201
41,-0.16545747089715201
42,0.11919301326669873
43,0.13403844434530576
44,0.11919301326669873
45,0.11919301326669873
46,0.13403844434530576
47,0.11919301326669873
48,-0.16545747089715201
49,0.13403844434530576
50,0.13403844434530576
51,0.13403844434530576
52,-0.12677568864743505
53,0.13403844434530576
54,0.11919301326669873
55,0.13403844434530576
56,0.13403844434530576
57,0.11919301326669873
58,0.13403844434530576
59,-0.12677568864743505
60,-0.16545747089715201
61,-0.16545747089715201
62,-0.12677568864743505
63,-0.12677568864743505
64,-0.16545747089715201
65,0.11919301326669873
66,0.11919301326669873
67,-0.12677568864743505
68,0.11919301326669873
69,0.11919301326669873
70,-0.12677568864743505
71,0.11919301326669873
72,-0.16545747089715201
73,0.11919301326669873
74,0.11919301326669873
75,0.13403844434530576
76,0.11919301326669873
77,0.13403844434530576
78,0.13403844434530576
79,-0.12677568864743505
80,-0.16545747089715201
81,-0.16545747089715201
82,-0.16545747089715201
83,0.11919301326669873
84,-0.16545747089715201
85,-0.12677568864743505
86,0.13403844434530576
87,0.11919301326669873
88,-0.12677568864743505
89,-0.16545747089715201
90,0.13403844434530576
91,-0.12677568864743505
92,0.11919301326669873
93,0.13403844434530576
94,0.13403844434530576
95,-0.12677568864743505
96,0.11919301326669873
97,0.11919301326669873
98,0.13403844434530576
99,0.11919301326669873
100,0.13403844434530576
101,-0.12677568864743505
102,-0.12677568864743505
103,0.11919301326669873
104,0.11919301326669873
105,-0.12677568864743505
106,-0.12677568864743505
107,0.13403844434530576
108,0.13403844434530576
109,0.13403844434530576
110,0.13403844434530576
111,-0.12677568864743505
112,-0.12677568864743505
113,0.13403844434530576
114,0.13403844434530576
115,-0.12677568864743505
116,-0.12677568864743505
117,0.11919301326669873
118,0.11919301326669873
119,-0.12677568864743505
120,0.11919301326669873
121,0.13403844434530576
122,0.13403844434530576
123,-0.12677568864743505
124,0.11919301326669873
125,0.13403844434530576
126,0.13403844434530576
127,-0.16545747089715201
128,-0.16545747089715201
129,-0.12677568864743505
130,0.13403844434530576
131,0.13403844434530576
132,0.11919301326669873
133,0.11919301326669873
134,0.13403844434530576
135,0.13403844434530576
136,-0.16545747089715201
137,-0.12677568864743505
138,0.11919301326669873
139,0.13403844434530576
140,0.13403844434530576
141,-0.12677568864743505
142,0.11919301326669873
143,-0.12677568864743505
144,0.11919301326669873
145,-0.12677568864743505
146,0.11919301326669873
147,-0.16545747089715201
148,-0.12677568864743505
149,-0.12677568864743505
150,-0.16545747089715201
151,0.13403844434530576
152,0.13403844434530576
153,0.11919301326669873
154,-0.12677568864743505
155,0.13403844434530576
156,0.11919301326669873
157,0.13403844434530576
158,0.11919301326669873
159,0.13403844434530576
160,-0.12677568864743505
161,-0.12677568864743505
162,0.11919301326669873
163,0.11919301326669873
164,0.11919301326669873
165,0.13403844434530576
166,0.11919301326669873
167,0.11919301326669873
168,0.13403844434530576
169,0.11919301326669873
170,0.11919301326669873
171,0.13403844434530576
172,-0.12677568864743505
173,0.13403844434530576
174,0.11919301326669873
175,-0.16545747089715201
176,-0.16545747089715201
177,-0.12677568864743505
178,-0.12677568864743505
179,0.13403844434530576
180,0.11919301326669873
181,0.11919301326669873
182,0.13403844434530576
183,0.13403844434530576
184,-0.16545747089715201
185,0.13403844434530576
186,0.11919301326669873
187,-0.12677568864743505
188,-0.12677568864743505
189,0.13403844434530576
190,-0.12677568864743505
191,-0.12677568864743505
192,-0.12677568864743505
193,0.11919301326669873
194,-0.16545747089715201
195,-0.12677568864743505
196,-0.16545747089715201
197,0.11919301326669873
198,0.11919301326669873
199,0.13403844434530576
200,0.11919301326669873
201,-0.16545747089715201
202,-0.12677568864743505
203,-0.12677568864743505
204,-0.16545747089715201
205,-0.12677568864743505
206,0.11919301326669873
207,-0.12677568864743505
208,0.13403844434530576
209,-0.16545747089715201
210,-0.16545747089715201
211,0.11919301326669873
212,0.13403844434530576
213,-0.16545747089715201
214,0.11919301326669873
215,-0.16545747089715201
216,-0.16545747089715201
217,0.13403844434530576
218,0.13403844434530576
219,0.13403844434530576
220,0.13403844434530576
221,0.13403844434530576
222,0.13403844434530576
223,-0.16545747089715201
224,0.11919301326669873
225,0.13403844434530576
226,-0.16545747089715201
227,-0.16545747089715201
228,0.13403844434530576
229,0.13403844434530576
230,0.11919301326669873
231,-0.16545747089715201
232,-0.16545747089715201
233,-0.16545747089715201
234,0.13403844434530576
235,-0.12677568864743505
236,0.13403844434530576
237,-0.12677568864743505
238,0.13403844434530576
239,-0.16545747089715201
240,0.13403844434530576
241,-0.16545747089715201
242,0.11919301326669873
243,0.11919301326669873
244,-0.16545747089715201
245,-0.16545747089715201
246,-0.16545747089715201
247,-0.16545747089715201
248,-0.12677568864743505
249,0.11919301326669873
250,-0.12677568864743505
251,-0.16545747089715201
252,0.11919301326669873
253,0.11919301326669873
254,0.11919301326669873
255,0.11919301326669873
256,-0.16545747089715201
257,0.13403844434530576
258,-0.12677568864743505
259,0.13403844434530576
260,0.11919301326669873
261,0.11919301326669873
262,0.13403844434530576
263,0.11919301326669873
264,-0.12677568864743505
265,0.11919301326669873
266,0.11919301326669873
267,-0.16545747089715201
268,0.13403844434530576
269,0.11919301326669873
270,-0.12677568864743505
271,-0.12677568864743505
272,0.11919301326669873
273,0.13403844434530576
274,0.11919301326669873
275,0.11919301326669873
276,-0.16545747089715201
277,0.11919301326669873
278,0.11919301326669873
279,-0.16545747089715201
280,-0.16545747089715201
281,-0.12677568864743505
282,0.11919301326669873
283,-0.12677568864743505
284,-0.16545747089715201
285,0.11919301326669873
286,0.11919301326669873
287,-0.12677568864743505
288,0.13403844434530576
289,0.11919301326669873
290,-0.12677568864743505
291,0.13403844434530576
292,0.13403844434530576
293,0.11919301326669873
294,0.11919301326669873
295,-0.12677568864743505
296,-0.16545747089715201
297,0.11919301326669873
298,0.11919301326669873
299,0.11919301326669873
300,0.11919301326669873
301,0.13403844434530576
302,0.13403844434530576
303,0.13403844434530576
304,0.11919301326669873
305,-0.16545747089715201
306,0.13403844434530576
307,-0.12677568864743505
308,0.11919301326669873
309,0.11919301326669873
310,0.11919301326669873
311,0.13403844434530576
312,0.11919301326669873
313,0.13403844434530576
314,-0.12677568864743505
315,0.11919301326669873
316,0.11919301326669873
317,-0.12677568864743505
318,0.11919301326669873
319,-0.16545747089715201
320,0.11919301326669873
321,0.13403844434530576
322,0.11919301326669873
323,-0.12677568864743505
324,0.13403844434530576
325,0.11919301326669873
326,-0.16545747089715201
327,0.13403844434530576
328,0.11919301326669873
329,-0.16545747089715201
330,0.13403844434530576
331,-0.12677568864743505
332,0.13403844434530576
333,0.11919301326669873
334,0.13403844434530576
335,0.11919301326669873
336,-0.16545747089715201
337,0.11919301326669873
338,0.13403844434530576
339,0.11919301326669873
340,-0.12677568864743505
341,0.11919301326669873
342,0.13403844434530576
343,0.11919301326669873
344,0.13403844434530576
345,0.13403844434530576
346,-0.16545747089715201
347,0.11919301326669873
348,0.11919301326669873
349,-0.12677568864743505
350,0.13403844434530576
351,0.13403844434530576
352,0.11919301326669873
353,0.13403844434530576
354,0.11919301326669873
355,-0.12677568864743505
356,0.11919301326669873
357,0.11919301326669873
358,0.13403844434530576
359,0.13403844434530576
360,-0.16545747089715201
361,-0.16545747089715201
362,-0.12677568864743505
363,0.13403844434530576
364,-0.16545747089715201
365,-0.12677568864743505
366,0.13403844434530576
367,0.13403844434530576
368,-0.16545747089715201
369,0.11919301326669873
370,0.11919301326669873
371,0.13403844434530576
372,0.13403844434530576
373,-0.16545747089715201
374,0.11919301326669873
375,-0.12677568864743505
376,-0.12677568864743505
377,0.13403844434530576
378,0.11919301326669873
379,-0.12677568864743505
380,0.11919301326669873
381,0.13403844434530576
382,0.11919301326669873
383,0.13403844434530576
384,0.13403844434530576
385,0.11919301326669873
386,0.13403844434530576
387,-0.12677568864743505
388,-0.16545747089715201
389,0.13403844434530576
390,-0.12677568864743505
391,-0.12677568864743505
392,0.13403844434530576
393,-0.12677568864743505
394,0.11919301326669873
395,-0.12677568864743505
396,0.13403844434530576
397,-0.12677568864743505
398,-0.12677568864743505
399,0.13403844434530576
400,0.11919301326669873
401,-0.16545747089715201
402,0.11919301326669873
403,0.13403844434530576
404,-0.16545747089715201
405,0.11919301326669873
406,0.13403844434530576
407,-0.16545747089715201
408,-0.12677568864743505
409,0.11919301326669873
410,0.11919301326669873
411,0.11919301326669873
412,-0.12677568864743505
413,-0.12677568864743505
414,-0.16545747089715201
415,-0.16545747089715201
416,0.13403844434530576
417,-0.16545747089715201
418,0.13403844434530576
419,0.13403844434530576
420,0.11919301326669873
421,-0.16545747089715201
422,0.11919301326669873
423,0.11919301326669873
424,0.11919301326669873
425,0.13403844434530576
426,0.11919301326669873
427,0.11919301326669873
428,-0.16545747089715201
429,0.11919301326669873
430,-0.12677568864743505
431,-0.16545747089715201
432,-0.16545747089715201
433,-0.16545747089715201
434,-0.16545747089715201
435,0.13403844434530576
436,0.11919301326669873
437,-0.16545747089715201
438,0.13403844434530576
439,-0.16545747089715201
440,-0.12677568864743505
441,0.11919301326669873
442,0.13403844434530576
443,0.11919301326669873
444,0.11919301326669873
445,-0.12677568864743505
446,0.11919301326669873
447,0.11919301326669873
448,0.11919301326669873
449,-0.12677568864743505
450,0.11919301326669873
451,0.11919301326669873
452,0.13403844434530576
453,-0.16545747089715201
454,0.13403844434530576
455,-0.12677568864743505
456,0.13403844434530576
457,-0.16545747089715201
458,-0.12677568864743505
459,-0.12677568864743505
460,-0.12677568864743505
461,-0.16545747089715201
462,0.11919301326669873
463,0.11919301326669873
464,-0.12677568864743505
465,-0.12677568864743505
466,0.11919301326669873
467,0.13403844434530576
468,0.11919301326669873
469,-0.12677568864743505
470,-0.16545747089715201
471,0.11919301326669873
472,0.11919301326669873
473,0.11919301326669873
474,0.11919301326669873
475,0.11919301326669873
476,0.11919301326669873
477,-0.16545747089715201
478,-0.16545747089715201
479,-0.16545747089715201
480,0.11919301326669873
481,0.11919301326669873
482,0.11919301326669873
483,-0.16545747089715201
484,-0.12677568864743505
485,-0.12677568864743505
486,0.13403844434530576
487,0.13403844434530576
488,0.11919301326669873
489,-0.12677568864743505
490,-0.16545747089715201
491,-0.12677568864743505
492,-0.12677568864743505
493,-0.12677568864743505
494,0.13403844434530576
495,0.11919301326669873
496,-0.16545747089715201
497,-0.12677568864743505
498,0.11919301326669873
499,0.11919301326669873
500,0.11919301326669873
501,0.13403844434530576
502,0.11919301326669873
503,-0.16545747089715201
504,0.11919301326669873
505,0.11919301326669873
506,0.13403844434530576
507,0.13403844434530576
508,-0.16545747089715201
509,-0.12677568864743505
510,0.11919301326669873
511,0.13403844434530576
512,-0.12677568864743505
513,0.11919301326669873
514,0.13403844434530576
515,0.11919301326669873
516,0.11919301326669873
517,0.11919301326669873
518,0.11919301326669873
519,0.11919301326669873
520,-0.12677568864743505
521,0.11919301326669873
522,-0.16545747089715201
523,0.11919301326669873
524,-0.12677568864743505
525,-0.12677568864743505
526,0.11919301326669873
527,-0.12677568864743505
528,-0.12677568864743505
529,-0.16545747089715201
530,0.13403844434530576
531,0.11919301326669873
532,-0.16545747089715201
533,-0.12677568864743505
534,-0.12677568864743505
535,-0.12677568864743505
536,-0.16545747089715201
537,0.13403844434530576
538,0.11919301326669873
539,0.11919301326669873
540,0.13403844434530576
541,-0.16545747089715201
542,-0.16545747089715201
543,-0.16545747089715201
544,-0.12677568864743505
545,0.11919301326669873
546,0.11919301326669873
547,0.13403844434530576
548,0.13403844434530576
549,0.11919301326669873
550,0.13403844434530576
551,0.11919301326669873
552,-0.16545747089715201
553,-0.16545747089715201
554,0.11919301326669873
555,-0.16545747089715201
556,0.11919301326669873
557,-0.12677568864743505
558,0.13403844434530576
559,0.13403844434530576
560,-0.16545747089715201
561,-0.16545747089715201
562,-0.16545747089715201
563,0.11919301326669873
564,0.13403844434530576
565,0.11919301326669873
566,0.11919301326669873
567,0.13403844434530576
568,0.13403844434530576
569,0.11919301326669873
570,0.13403844434530576
571,-0.12677568864743505
572,0.11919301326669873
573,-0.12677568864743505
574,-0.16545747089715201
575,0.13403844434530576
576,0.13403844434530576
577,0.11919301326669873
578,-0.12677568864743505
579,0.13403844434530576
580,-0.12677568864743505
581,0.13403844434530576
582,-0.12677568864743505
583,0.13403844434530576
584,0.11919301326669873
585,-0.16545747089715201
586,0.13403844434530576
587,-0.12677568864743505
588,0.13403844434530576
589,-0.12677568864743505
590,0.13403844434530576
591,-0.16545747089715201
592,-0.16545747089715201
593,0.11919301326669873
594,-0.16545747089715201
595,-0.12677568864743505
596,-0.12677568864743505
597,-0.12677568864743505
598,-0.16545747089715201
599,-0.16545747089715201
600,-0.12677568864743505
601,-0.12677568864743505
602,0.11919301326669873
603,-0.16545747089715201
604,0.11919301326669873
605,0.11919301326669873
606,-0.12677568864743505
607,-0.12677568864743505
608,0.11919301326669873
609,0.11919301326669873
610,0.13403844434530576
611,0.11919301326669873
612,-0.16545747089715201
613,0.11919301326669873
614,0.13403844434530576
615,0.11919301326669873
616,0.11919301326669873
617,-0.12677568864743505
618,0.11919301326669873
619,0.11919301326669873
620,-0.16545747089715201
621,0.13403844434530576
622,0.11919301326669873
623,0.11919301326669873
624,-0.12677568864743505
625,0.11919301326669873
626,-0.16545747089715201
627,0.11919301326669873
628,-0.16545747089715201
629,-0.16545747089715201
630,0.13403844434530576
631,-0.16545747089715201
632,-0.12677568864743505
633,-0.16545747089715201
634,0.13403844434530576
635,-0.12677568864743505
636,0.13403844434530576
637,0.13403844434530576
638,-0.16545747089715201
639,0.11919301326669873
640,0.13403844434530576
641,-0.16545747089715201
642,0.13403844434530576
643,0.11919301326669873
644,0.13403844434530576
645,0.13403844434530576
646,0.11919301326669873
647,0.13403844434530576
648,-0.12677568864743505
649,-0.16545747089715201
650,0.13403844434530576
651,0.11919301326669873
652,-0.12677568864743505
653,0.11919301326669873
654,-0.16545747089715201
655,-0.16545747089715201
656,-0.16545747089715201
657,0.13403844434530576
658,-0.16545747089715201
659,0.11919301326669873
660,0.13403844434530576
661,-0.16545747089715201
662,0.13403844434530576
663,0.11919301326669873
664,0.11919301326669873
665,-0.12677568864743505
666,-0.16545747089715201
667,0.13403844434530576
668,-0.16545747089715201
669,0.13403844434530576
670,0.11919301326669873
671,0.13403844434530576
672,0.11919301326669873
673,0.11919301326669873
674,0.11919301326669873
675,-0.16545747089715201
676,-0.12677568864743505
677,-0.16545747089715201
678,0.13403844434530576
679,0.11919301326669873
680,-0.12677568864743505
681,-0.12677568864743505
682,-0.16545747089715201
683,0.11919301326669873
684,-0.12677568864743505
685,0.13403844434530576
686,-0.12677568864743505
687,-0.12677568864743505
688,-0.16545747089715201
689,-0.16545747089715201
690,-0.12677568864743505
691,-0.12677568864743505
692,0.11919301326669873
693,0.11919301326669873
694,0.13403844434530576
695,0.13403844434530576
696,0.13403844434530576
697,-0.16545747089715201
698,0.11919301326669873
699,-0.12677568864743505
700,-0.16545747089715201
701,0.11919301326669873
702,-0.12677568864743505
703,-0.12677568864743505
704,0.11919301326669873
705,0.11919301326669873
706,0.11919301326669873
707,-0.16545747089715201
708,0.11919301326669873
709,-0.16545747089715201
710,0.11919301326669873
711,-0.12677568864743505
712,-0.12677568864743505
713,0.13403844434530576
714,0.11919301326669873
715,-0.12677568864743505
716,-0.16545747089715201
717,-0.12677568864743505
718,0.13403844434530576
719,0.13403844434530576
720,-0.16545747089715201
721,0.13403844434530576
722,0.13403844434530576
723,-0.16545747089715201
724,-0.12677568864743505
725,-0.12677568864743505
726,0.11919301326669873
727,-0.12677568864743505
728,-0.12677568864743505
729,-0.12677568864743505
730,0.13403844434530576
731,0.11919301326669873
732,0.13403844434530576
733,0.11919301326669873
734,0.13403844434530576
735,-0.12677568864743505
736,-0.12677568864743505
737,-0.16545747089715201
738,-0.12677568864743505
739,-0.12677568864743505
740,0.11919301326669873
741,0.13403844434530576
742,0.13403844434530576
743,-0.12677568864743505
744,0.11919301326669873
745,0.11919301326669873
746,0.11919301326669873
747,-0.12677568864743505
748,0.13403844434530576
749,-0.16545747089715201
750,-0.12677568864743505
751,-0.16545747089715201
752,-0.16545747089715201
753,0.11919301326669873
754,-0.16545747089715201
755,0.13403844434530576
756,0.13403844434530576
757,-0.12677568864743505
758,0.13403844434530576
759,0.13403844434530576
760,-0.12677568864743505
761,0.13403844434530576
762,0.13403844434530576
763,-0.16545747089715201
764,0.13403844434530576
765,0.13403844434530576
766,-0.16545747089715201
767,0.13403844434530576
768,-0.12677568864743505
769,0.11919301326669873
770,-0.12677568864743505
771,-0.12677568864743505
772,-0.16545747089715201
773,0.13403844434530576
774,0.11919301326669873
775,0.13403844434530576
776,-0.16545747089715201
777,0.11919301326669873
778,-0.16545747089715201
779,-0.12677568864743505
780,-0.12677568864743505
781,-0.12677568864743505
782,-0.12677568864743505
783,0.11919301326669873
784,0.11919301326669873
785,-0.12677568864743505
786,0.13403844434530576
787,0.13403844434530576
788,-0.12677568864743505
789,0.13403844434530576
790,-0.16545747089715201
791,0.11919301326669873
792,-0.16545747089715201
793,-0.12677568864743505
794,-0.16545747089715201
795,0.11919301326669873
796,0.11919301326669873
797,-0.16545747089715201
798,-0.16545747089715201
799,0.13403844434530576
800,-0.12677568864743505
801,-0.16545747089715201
802,-0.16545747089715201
803,-0.16545747089715201
804,-0.12677568864743505
805,-0.16545747089715201
806,0.11919301326669873
807,-0.12677568864743505
808,-0.12677568864743505
809,-0.12677568864743505
810,0.13403844434530576
811,-0.12677568864743505
812,0.13403844434530576
813,-0.12677568864743505
814,0.11919301326669873
815,-0.16545747089715201
816,0.13403844434530576
817,-0.12677568864743505
818,-0.16545747089715201
819,-0.16545747089715201
820,0.11919301326669873
821,-0.16545747089715201
822,-0.16545747089715201
823,0.13403844434530576
824,-0.12677568864743505
825,-0.12677568864743505
826,0.11919301326669873
827,-0.12677568864743505
828,0.11919301326669873
829,-0.12677568864743505
830,-0.12677568864743505
831,0.13403844434530576
832,0.13403844434530576
833,-0.16545747089715201
834,0.13403844434530576
835,0.11919301326669873
836,0.11919301326669873
837,-0.12677568864743505
838,0.11919301326669873
839,0.11919301326669873
840,-0.12677568864743505
841,0.13403844434530576
842,-0.12677568864743505
843,-0.12677568864743505
844,-0.12677568864743505
845,0.13403844434530576
846,-0.12677568864743505
847,0.11919301326669873
848,0.13403844434530576
849,0.11919301326669873
850,0.13403844434530576
851,0.11919301326669873
852,-0.16545747089715201
853,-0.12677568864743505
854,0.13403844434530576
855,-0.16545747089715201
856,0.13403844434530576
857,0.13403844434530576
858,0.13403844434530576
859,-0.16545747089715201
860,-0.12677568864743505
861,-0.16545747089715201
862,0.13403844434530576
863,0.11919301326669873
864,0.13403844434530576
865,-0.16545747089715201
866,0.13403844434530576
867,-0.16545747089715201
868,-0.16545747089715201
869,0.13403844434530576
870,-0.16545747089715201
871,0.11919301326669873
872,0.11919301326669873
873,-0.16545747089715201
874,-0.16545747089715201
875,-0.12677568864743505
876,-0.16545747089715201
877,-0.12677568864743505
878,-0.16545747089715201
879,-0.12677568864743505
880,-0.16545747089715201
881,0.11919301326669873
882,-0.12677568864743505
883,-0.16545747089715201
884,0.11919301326669873
885,0.11919301326669873
886,-0.16545747089715201
887,-0.16545747089715201
888,0.13403844434530576
889,-0.12677568864743505
890,-0.12677568864743505
891,0.13403844434530576
892,-0.12677568864743505
893,0.13403844434530576
894,0.11919301326669873
895,0.11919301326669873
896,-0.12677568864743505
897,-0.12677568864743505
898,0.11919301326669873
899,-0.12677568864743505
900,-0.12677568864743505
901,0.13403844434530576
902,0.13403844434530576
903,0.13403844434530576
904,0.11919301326669873
905,-0.12677568864743505
906,0.13403844434530576
907,-0.12677568864743505
908,0.13403844434530576
909,0.11919301326669873
910,-0.12677568864743505
911,0.13403844434530576
912,0.11919301326669873
913,0.13403844434530576
914,0.11919301326669873
915,-0.16545747089715201
916,0.11919301326669873
917,-0.16545747089715201
918,-0.12677568864743505
919,0.13403844434530576
920,0.13403844434530576
921,0.13403844434530576
922,-0.12677568864743505
923,0.11919301326669873
924,0.11919301326669873
925,-0.16545747089715201
926,-0.12677568864743505
927,-0.16545747089715201
928,-0.12677568864743505
929,0.13403844434530576
930,0.13403844434530576
931,0.13403844434530576
932,-0.12677568864743505
933,0.11919301326669873
934,0.11919301326669873
935,0.13403844434530576
936,0.13403844434530576
937,0.13403844434530576
938,-0.16545747089715201
939,0.11919301326669873
940,-0.16545747089715201
941,0.11919301326669873
942,-0.12677568864743505
943,0.13403844434530576
944,0.13403844434530576
945,-0.16545747089715201
946,-0.12677568864743505
947,0.13403844434530576
948,-0.12677568864743505
949,0.13403844434530576
950,0.13403844434530576
951,-0.12677568864743505
952,0.13403844434530576
953,-0.16545747089715201
954,0.13403844434530576
955,-0.16545747089715201
956,0.13403844434530576
957,-0.16545747089715201
958,0.11919301326669873
959,-0.16545747089715201
960,-0.12677568864743505
961,-0.16545747089715201
962,-0.16545747089715201
963,0.11919301326669873
964,0.13403844434530576
965,0.13403844434530576
966,0.11919301326669873
967,-0.12677568864743505
968,-0.12677568864743505
969,-0.16545747089715201
970,0.13403844434530576
971,-0.16545747089715201
972,-0.12677568864743505
973,0.11919301326669873
974,0.11919301326669873
975,0.11919301326669873
976,-0.12677568864743505
977,0.11919301326669873
978,-0.16545747089715201
979,0.13403844434530576
980,0.11919301326669873
981,0.13403844434530576
982,0.13403844434530576
983,-0.16545747089715201
984,-0.12677568864743505
985,0.13403844434530576
986,-0.12677568864743505
987,-0.12677568864743505
988,-0.16545747089715201
989,-0.16545747089715201
990,-0.12677568864743505
991,-0.12677568864743505
992,0.11919301326669873
993,0.13403844434530576
994,0.11919301326669873
995,-0.12677568864743505
996,-0.16545747089715201
997,0.13403844434530576
998,-0.12677568864743505
999,-0.16545747089715201
1000,0.13403844434530576
1001,0.11919301326669873
1002,0.11919301326669873
1003,-0.16545747089715201
1004,-0.12677568864743505
1005,0.11919301326669873
1006,0.11919301326669873
1007,-0.16545747089715201
1008,-0.12677568864743505
1009,0.13403844434530576
1010,-0.12677568864743505
1011,-0.12677568864743505
1012,0.11919301326669873
1013,0.11919301326669873
1014,-0.16545747089715201
1015,-0.16545747089715201
1016,-0.16545747089715201
1017,-0.16545747089715201
1018,-0.12677568864743505
1019,0.13403844434530576
1020,0.11919301326669873
1021,-0.12677568864743505
1022,-0.12677568864743505
1023,0.11919301326669873
1024,0.13403844434530576
1025,0.13403844434530576
1026,-0.16545747089715201
1027,0.13403844434530576
1028,0.11919301326669873
1029,0.11919301326669873
1030,-0.12677568864743505
1031,0.11919301326669873
1032,0.11919301326669873
1033,0.11919301326669873
1034,-0.12677568864743505
1035,-0.16545747089715201
1036,0.13403844434530576
1037,0.11919301326669873
1038,-0.16545747089715201
1039,-0.16545747089715201
1040,-0.12677568864743505
1041,0.13403844434530576
1042,0.13403844434530576
1043,-0.16545747089715201
1044,-0.12677568864743505
1045,0.13403844434530576
1046,0.11919301326669873
1047,-0.16545747089715201
1048,-0.16545747089715201
1049,0.11919301326669873
1050,0.11919301326669873
1051,0.11919301326669873
1052,-0.16545747089715201
1053,0.11919301326669873
1054,-0.12677568864743505
1055,0.13403844434530576
1056,0.11919301326669873
1057,-0.12677568864743505
1058,0.13403844434530576
1059,0.11919301326669873
1060,-0.16545747089715201
1061,0.13403844434530576
1062,-0.12677568864743505
1063,0.11919301326669873
1064,0.13403844434530576
1065,0.11919301326669873
1066,0.13403844434530576
1067,0.13403844434530576
1068,0.13403844434530576
1069,0.13403844434530576
1070,-0.12677568864743505
1071,0.11919301326669873
1072,-0.12677568864743505
1073,0.11919301326669873
1074,0.11919301326669873
1075,-0.16545747089715201
1076,0.11919301326669873
1077,0.11919301326669873
1078,-0.16545747089715201
1079,0.11919301326669873
1080,-0.16545747089715201
1081,0.11919301326669873
1082,-0.16545747089715201
1083,0.11919301326669873
1084,0.11919301326669873
1085,-0.12677568864743505
1086,0.13403844434530576
1087,0.13403844434530576
1088,-0.16545747089715201
1089,-0.16545747089715201
1090,-0.16545747089715201
1091,0.11919301326669873
1092,0.13403844434530576
1093,0.11919301326669873
1094,-0.16545747089715201
1095,-0.12677568864743505
1096,0.11919301326669873
1097,0.11919301326669873
1098,0.13403844434530576
1099,-0.16545747089715201
1100,0.13403844434530576
1101,0.11919301326669873
1102,-0.16545747089715201
1103,0.11919301326669873
1104,-0.16545747089715201
1105,0.13403844434530576
1106,0.13403844434530576
1107,-0.16545747089715201
1108,0.11919301326669873
1109,-0.16545747089715201
1110,-0.12677568864743505
1111,0.11919301326669873
1112,-0.16545747089715201
1113,0.13403844434530576
1114,0.13403844434530576
1115,0.11919301326669873
1116,-0.12677568864743505
1117,-0.16545747089715201
1118,-0.16545747089715201
1119,-0.12677568864743505
1120,0.11919301326669873
1121,-0.16545747089715201
1122,0.11919301326669873
1123,0.11919301326669873
1124,0.11919301326669873
1125,-0.12677568864743505
1126,0.13403844434530576
1127,-0.12677568864743505
1128,0.11919301326669873
1129,0.13403844434530576
1130,-0.16545747089715201
1131,0.13403844434530576
1132,0.11919301326669873
1133,-0.16545747089715201
1134,0.11919301326669873
1135,0.13403844434530576
1136,0.13403844434530576
1137,0.11919301326669873
1138,-0.12677568864743505
1139,0.11919301326669873
1140,0.11919301326669873
1141,0.13403844434530576
1142,0.11919301326669873
1143,0.11919301326669873
1144,0.13403844434530576
1145,0.11919301326669873
1146,-0.16545747089715201
1147,-0.12677568864743505
1148,0.13403844434530576
1149,0.11919301326669873
1150,-0.12677568864743505
1151,0.13403844434530576
1152,0.11919301326669873
1153,0.13403844434530576
1154,-0.16545747089715201
1155,-0.16545747089715201
1156,-0.16545747089715201
1157,-0.16545747089715201
1158,0.11919301326669873
1159,0.13403844434530576
1160,-0.12677568864743505
1161,0.11919301326669873
1162,0.13403844434530576
1163,0.13403844434530576
1164,-0.16545747089715201
1165,-0.16545747089715201
1166,0.11919301326669873
1167,-0.16545747089715201
1168,-0.12677568864743505
1169,-0.16545747089715201
1170,0.11919301326669873
1171,-0.12677568864743505
1172,-0.12677568864743505
1173,0.11919301326669873
1174,0.11919301326669873
1175,0.11919301326669873
1176,0.11919301326669873
1177,-0.12677568864743505
1178,-0.16545747089715201
1179,-0.16545747089715201
1180,0.11919301326669873
1181,-0.16545747089715201
1182,-0.12677568864743505
1183,0.13403844434530576
1184,-0.12677568864743505
1185,-0.16545747089715201
1186,-0.12677568864743505
1187,-0.16545747089715201
1188,0.11919301326669873
1189,0.11919301326669873
1190,0.13403844434530576
1191,0.13403844434530576
1192,-0.12677568864743505
1193,-0.12677568864743505
1194,-0.16545747089715201
1195,-0.12677568864743505
1196,0.11919301326669873
1197,-0.12677568864743505
1198,0.13403844434530576
1199,0.11919301326669873
1200,0.11919301326669873
1201,-0.12677568864743505
1202,0.11919301326669873
1203,-0.16545747089715201
1204,0.11919301326669873
1205,0.13403844434530576
1206,0.11919301326669873
1207,-0.12677568864743505
1208,0.13403844434530576
1209,0.13403844434530576
1210,0.13403844434530576
1211,0.13403844434530576
1212,0.13403844434530576
1213,0.13403844434530576
1214,-0.12677568864743505
1215,-0.16545747089715201
1216,-0.12677568864743505
1217,0.13403844434530576
1218,0.13403844434530576
1219,-0.16545747089715201
1220,-0.16545747089715201
1221,0.11919301326669873
1222,-0.16545747089715201
1223,0.11919301326669873
1224,0.11919301326669873
1225,-0.12677568864743505
1226,-0.16545747089715201
1227,-0.12677568864743505
1228,-0.12677568864743505
1229,-0.16545747089715201
1230,-0.16545747089715201
1231,0.13403844434530576
1232,0.13403844434530576
1233,0.11919301326669873
1234,-0.12677568864743505
1235,0.13403844434530576
1236,0.11919301326669873
1237,-0.12677568864743505
1238,0.11919301326669873
1239,0.13403844434530576
1240,-0.12677568864743505
1241,-0.12677568864743505
1242,0.11919301326669873
1243,-0.12677568864743505
1244,0.11919301326669873
1245,-0.16545747089715201
1246,-0.16545747089715201
1247,0.13403844434530576
1248,0.11919301326669873
1249,0.11919301326669873
1250,0.11919301326669873
1251,0.11919301326669873
1252,0.13403844434530576
1253,-0.12677568864743505
1254,-0.12677568864743505
1255,0.11919301326669873
1256,-0.16545747089715201
1257,0.13403844434530576
1258,0.11919301326669873
1259,-0.12677568864743505
1260,0.13403844434530576
1261,-0.12677568864743505
1262,0.13403844434530576
1263,0.11919301326669873
1264,-0.16545747089715201
1265,-0.16545747089715201
1266,-0.12677568864743505
1267,-0.12677568864743505
1268,0.11919301326669873
1269,0.13403844434530576
1270,0.11919301326669873
1271,0.13403844434530576
1272,0.11919301326669873
1273,0.11919301326669873
1274,0.13403844434530576
1275,0.13403844434530576
1276,-0.12677568864743505
1277,0.13403844434530576
1278,0.13403844434530576
1279,0.11919301326669873
1280,0.11919301326669873
1281,0.11919301326669873
1282,0.11919301326669873
1283,0.13403844434530576
1284,-0.12677568864743505
1285,-0.12677568864743505
1286,0.13403844434530576
1287,-0.16545747089715201
1288,-0.12677568864743505
1289,0.11919301326669873
1290,-0.16545747089715201
1291,-0.12677568864743505
1292,0.13403844434530576
1293,0.11919301326669873
1294,-0.16545747089715201
1295,-0.16545747089715201
1296,0.11919301326669873
1297,0.13403844434530576
1298,0.13403844434530576
1299,-0.16545747089715201
1300,0.13403844434530576
1301,0.11919301326669873
1302,-0.12677568864743505
1303,-0.16545747089715201
1304,-0.12677568864743505
1305,-0.16545747089715201
1306,-0.16545747089715201
1307,-0.12677568864743505
1308,-0.12677568864743505
1309,0.13403844434530576
1310,-0.16545747089715201
1311,-0.12677568864743505
1312,0.13403844434530576
1313,-0.12677568864743505
1314,0.13403844434530576
1315,0.13403844434530576
1316,0.13403844434530576
1317,-0.16545747089715201
1318,0.13403844434530576
1319,0.13403844434530576
1320,-0.16545747089715201
1321,0.13403844434530576
1322,0.11919301326669873
1323,-0.16545747089715201
1324,0.13403844434530576
1325,-0.12677568864743505
1326,-0.12677568864743505
1327,-0.12677568864743505
1328,-0.16545747089715201
1329,0.13403844434530576
1330,0.11919301326669873
1331,-0.16545747089715201
1332,0.13403844434530576
1333,-0.12677568864743505
1334,0.11919301326669873
1335,0.11919301326669873
1336,-0.16545747089715201
1337,-0.12677568864743505
1338,-0.12677568864743505
1339,0.11919301326669873
1340,0.13403844434530576
1341,0.11919301326669873
1342,0.11919301326669873
1343,0.13403844434530576
1344,-0.16545747089715201
1345,0.13403844434530576
1346,-0.16545747089715201
1347,0.11919301326669873
1348,-0.16545747089715201
1349,-0.16545747089715201
1350,0.11919301326669873
1351,0.13403844434530576
1352,0.11919301326669873
1353,0.11919301326669873
1354,-0.16545747089715201
1355,0.13403844434530576
1356,-0.12677568864743505
1357,0.11919301326669873
1358,0.11919301326669873
1359,0.13403844434530576
1360,0.11919301326669873
1361,-0.12677568864743505
1362,0.11919301326669873
1363,0.11919301326669873
1364,0.11919301326669873
1365,-0.12677568864743505
1366,-0.12677568864743505
1367,-0.12677568864743505
1368,-0.12677568864743505
1369,0.13403844434530576
1370,0.13403844434530576
1371,0.11919301326669873
1372,-0.16545747089715201
1373,0.11919301326669873
1374,-0.16545747089715201
1375,-0.12677568864743505
1376,0.11919301326669873
1377,0.11919301326669873
1378,0.11919301326669873
1379,-0.12677568864743505
1380,0.13403844434530576
1381,0.11919301326669873
1382,0.11919301326669873
1383,0.11919301326669873
1384,0.13403844434530576
1385,0.11919301326669873
1386,-0.12677568864743505
1387,-0.12677568864743505
1388,-0.12677568864743505
1389,0.11919301326669873
1390,-0.12677568864743505
1391,-0.12677568864743505
1392,0.11919301326669873
1393,-0.12677568864743505
1394,0.11919301326669873
1395,-0.16545747089715201
1396,-0.12677568864743505
1397,0.11919301326669873
1398,-0.12677568864743505
1399,0.11919301326669873
1400,0.11919301326669873
1401,0.13403844434530576
1402,0.13403844434530576
1403,-0.16545747089715201
1404,0.13403844434530576
1405,-0.16545747089715201
1406,-0.16545747089715201
1407,-0.16545747089715201
1408,0.11919301326669873
1409,-0.12677568864743505
1410,0.13403844434530576
1411,-0.16545747089715201
1412,-0.16545747089715201
1413,-0.12677568864743505
1414,0.13403844434530576
1415,0.11919301326669873
1416,-0.16545747089715201
1417,-0.16545747089715201
1418,0.13403844434530576
1419,0.13403844434530576
1420,-0.16545747089715201
1421,0.13403844434530576
1422,-0.12677568864743505
1423,0.11919301326669873
1424,-0.12677568864743505
1425,-0.12677568864743505
1426,-0.16545747089715201
1427,0.11919301326669873
1428,0.13403844434530576
1429,0.13403844434530576
1430,0.13403844434530576
1431,0.13403844434530576
1432,-0.16545747089715201
1433,0.13403844434530576
1434,-0.12677568864743505
1435,-0.12677568864743505
1436,-0.12677568864743505
1437,0.13403844434530576
1438,0.13403844434530576
1439,0.11919301326669873
1440,-0.12677568864743505
1441,0.11919301326669873
1442,0.11919301326669873
1443,-0.12677568864743505
1444,0.13403844434530576
1445,0.11919301326669873
1446,0.13403844434530576
1447,0.13403844434530576
1448,0.13403844434530576
1449,-0.16545747089715201
1450,-0.12677568864743505
1451,-0.12677568864743505
1452,0.11919301326669873
1453,-0.12677568864743505
1454,0.13403844434530576
1455,0.13403844434530576
1456,-0.16545747089715201
1457,0.11919301326669873
1458,0.11919301326669873
1459,-0.16545747089715201
1460,0.13403844434530576
1461,-0.12677568864743505
1462,0.13403844434530576
1463,-0.12677568864743505
1464,0.11919301326669873
1465,0.11919301326669873
1466,-0.16545747089715201
1467,-0.12677568864743505
1468,0.11919301326669873
1469,-0.12677568864743505
1470,-0.12677568864743505
1471,-0.16545747089715201
1472,0.13403844434530576
1473,-0.16545747089715201
1474,0.13403844434530576
1475,0.13403844434530576
1476,0.11919301326669873
1477,0.13403844434530576
1478,0.11919301326669873
1479,0.13403844434530576
1480,0.13403844434530576
1481,0.13403844434530576
1482,-0.12677568864743505
1483,-0.12677568864743505
1484,0.13403844434530576
1485,0.11919301326669873
1486,-0.16545747089715201
1487,-0.12677568864743505
1488,0.11919301326669873
1489,0.11919301326669873
1490,0.13403844434530576
1491,0.11919301326669873
1492,-0.16545747089715201
1493,0.13403844434530576
1494,-0.16545747089715201
1495,-0.12677568864743505
1496,0.11919301326669873
1497,-0.16545747089715201
1498,0.13403844434530576
1499,0.11919301326669873
1500,0.11919301326669873
1501,0.11919301326669873
1502,-0.12677568864743505
1503,0.11919301326669873
1504,0.11919301326669873
1505,0.13403844434530576
1506,-0.12677568864743505
1507,0.11919301326669873
1508,0.11919301326669873
1509,0.11919301326669873
1510,0.13403844434530576
1511,-0.12677568864743505
1512,-0.16545747089715201
1513,0.11919301326669873
1514,0.13403844434530576
1515,-0.12677568864743505
1516,0.13403844434530576
1517,0.13403844434530576
1518,0.11919301326669873
1519,-0.16545747089715201
1520,0.11919301326669873
1521,-0.12677568864743505
1522,-0.12677568864743505
1523,0.13403844434530576
1524,0.13403844434530576
1525,0.11919301326669873
1526,0.13403844434530576
1527,0.13403844434530576
1528,-0.12677568864743505
1529,-0.12677568864743505
1530,-0.12677568864743505
1531,0.13403844434530576
1532,0.13403844434530576
1533,0.13403844434530576
1534,0.13403844434530576
1535,-0.12677568864743505
1536,-0.16545747089715201
1537,-0.16545747089715201
1538,0.11919301326669873
1539,0.13403844434530576
1540,0.11919301326669873
1541,0.11919301326669873
1542,-0.12677568864743505
1543,0.13403844434530576
1544,0.13403844434530576
1545,0.11919301326669873
1546,0.11919301326669873
1547,0.13403844434530576
1548,0.13403844434530576
1549,-0.16545747089715201
1550,0.13403844434530576
1551,0.11919301326669873
1552,-0.16545747089715201
1553,-0.12677568864743505
1554,-0.12677568864743505
1555,0.13403844434530576
1556,-0.16545747089715201
1557,-0.12677568864743505
1558,-0.16545747089715201
1559,-0.12677568864743505
1560,-0.12677568864743505
1561,-0.16545747089715201
1562,0.11919301326669873
1563,0.11919301326669873
1564,-0.12677568864743505
1565,0.11919301326669873
1566,0.11919301326669873
1567,-0.12677568864743505
1568,0.13403844434530576
1569,0.13403844434530576
1570,-0.16545747089715201
1571,0.11919301326669873
1572,0.11919301326669873
1573,0.13403844434530576
1574,0.11919301326669873
1575,0.13403844434530576
1576,0.11919301326669873
1577,0.11919301326669873
1578,-0.12677568864743505
1579,-0.12677568864743505
1580,-0.12677568864743505
1581,-0.12677568864743505
1582,0.13403844434530576
1583,0.11919301326669873
1584,0.13403844434530576
1585,-0.12677568864743505
1586,-0.16545747089715201
1587,0.13403844434530576
1588,-0.16545747089715201
1589,0.13403844434530576
1590,-0.16545747089715201
1591,-0.12677568864743505
1592,0.11919301326669873
1593,-0.16545747089715201
1594,-0.16545747089715201
1595,0.13403844434530576
1596,0.11919301326669873
1597,-0.12677568864743505
1598,0.11919301326669873
1599,0.11919301326669873
1600,-0.12677568864743505
1601,0.13403844434530576
1602,-0.12677568864743505
1603,0.11919301326669873
1604,0.13403844434530576
1605,0.11919301326669873
1606,-0.12677568864743505
1607,0.11919301326669873
1608,0.11919301326669873
1609,-0.12677568864743505
1610,-0.16545747089715201
1611,-0.16545747089715201
1612,-0.16545747089715201
1613,-0.16545747089715201
1614,0.13403844434530576
1615,0.11919301326669873
1616,0.13403844434530576
1617,0.11919301326669873
1618,0.13403844434530576
1619,0.11919301326669873
1620,-0.16545747089715201
1621,0.13403844434530576
1622,-0.16545747089715201
1623,0.13403844434530576
1624,-0.16545747089715201
1625,-0.16545747089715201
1626,0.11919301326669873
1627,0.13403844434530576
1628,0.11919301326669873
1629,0.11919301326669873
1630,0.11919301326669873
1631,-0.16545747089715201
1632,0.13403844434530576
1633,-0.12677568864743505
1634,0.11919301326669873
1635,-0.16545747089715201
1636,-0.12677568864743505
1637,-0.12677568864743505
1638,0.13403844434530576
1639,0.11919301326669873
1640,0.11919301326669873
1641,-0.16545747089715201
1642,0.13403844434530576
1643,0.13403844434530576
1644,0.11919301326669873
1645,-0.12677568864743505
1646,0.11919301326669873
1647,0.11919301326669873
1648,0.13403844434530576
1649,0.13403844434530576
1650,-0.12677568864743505
1651,-0.12677568864743505
1652,-0.16545747089715201
1653,-0.16545747089715201
1654,-0.12677568864743505
1655,-0.16545747089715201
1656,-0.12677568864743505
1657,0.11919301326669873
1658,0.11919301326669873
1659,0.13403844434530576
1660,0.13403844434530576
1661,0.11919301326669873
1662,0.11919301326669873
1663,-0.16545747089715201
1664,-0.12677568864743505
1665,0.11919301326669873
1666,0.11919301326669873
1667,-0.12677568864743505
1668,-0.12677568864743505
1669,-0.16545747089715201
1670,0.13403844434530576
1671,-0.16545747089715201
1672,-0.12677568864743505
1673,0.13403844434530576
1674,-0.16545747089715201
1675,-0.16545747089715201
1676,-0.12677568864743505
1677,0.13403844434530576
1678,-0.16545747089715201
1679,-0.12677568864743505
1680,0.11919301326669873
1681,0.13403844434530576
1682,0.13403844434530576
1683,0.13403844434530576
1684,-0.16545747089715201
1685,-0.12677568864743505
1686,-0.16545747089715201
1687,0.13403844434530576
1688,-0.12677568864743505
1689,-0.12677568864743505
1690,0.11919301326669873
1691,-0.12677568864743505
1692,0.11919301326669873
1693,0.11919301326669873
1694,-0.12677568864743505
1695,0.11919301326669873
1696,0.13403844434530576
1697,-0.12677568864743505
1698,-0.16545747089715201
1699,0.11919301326669873
1700,-0.12677568864743505
1701,-0.12677568864743505
1702,-0.16545747089715201
1703,-0.12677568864743505
1704,0.11919301326669873
1705,-0.12677568864743505
1706,-0.16545747089715201
1707,-0.12677568864743505
1708,-0.12677568864743505
1709,-0.12677568864743505
1710,-0.16545747089715201
1711,-0.12677568864743505
1712,0.13403844434530576
1713,0.11919301326669873
1714,-0.16545747089715201
1715,0.13403844434530576
1716,-0.16545747089715201
1717,-0.16545747089715201
1718,0.13403844434530576
1719,0.11919301326669873
1720,-0.16545747089715201
1721,-0.12677568864743505
1722,0.11919301326669873
1723,0.11919301326669873
1724,-0.12677568864743505
1725,0.13403844434530576
1726,-0.12677568864743505
1727,-0.12677568864743505
1728,0.11919301326669873
1729,0.13403844434530576
1730,0.13403844434530576
1731,-0.16545747089715201
1732,0.13403844434530576
1733,0.13403844434530576
1734,0.13403844434530576
1735,0.11919301326669873
1736,0.11919301326669873
1737,-0.16545747089715201
1738,-0.16545747089715201
1739,-0.12677568864743505
1740,0.11919301326669873
1741,0.11919301326669873
1742,-0.12677568864743505
1743,0.11919301326669873
1744,-0.12677568864743505
1745,0.11919301326669873
1746,0.11919301326669873
1747,0.11919301326669873
1748,0.13403844434530576
1749,0.13403844434530576
1750,0.11919301326669873
1751,0.13403844434530576
1752,-0.12677568864743505
1753,0.13403844434530576
1754,0.11919301326669873
1755,0.11919301326669873
1756,0.13403844434530576
1757,0.13403844434530576
1758,-0.12677568864743505
1759,-0.12677568864743505
1760,-0.12677568864743505
1761,-0.12677568864743505
1762,-0.12677568864743505
1763,-0.12677568864743505
1764,-0.12677568864743505
1765,0.11919301326669873
1766,0.11919301326669873
1767,0.13403844434530576
1768,0.11919301326669873
1769,-0.12677568864743505
1770,-0.12677568864743505
1771,-0.12677568864743505
1772,0.13403844434530576
1773,-0.16545747089715201
1774,0.11919301326669873
1775,-0.12677568864743505
1776,-0.16545747089715201
1777,0.11919301326669873
1778,-0.16545747089715201
1779,-0.12677568864743505
1780,-0.16545747089715201
1781,-0.16545747089715201
1782,-0.12677568864743505
1783,0.11919301326669873
1784,-0.16545747089715201
1785,0.11919301326669873
1786,-0.12677568864743505
1787,-0.12677568864743505
1788,-0.12677568864743505
1789,0.11919301326669873
1790,0.13403844434530576
1791,-0.16545747089715201
1792,-0.12677568864743505
1793,-0.16545747089715201
1794,-0.12677568864743505
1795,0.11919301326669873
1796,0.13403844434530576
1797,0.11919301326669873
1798,0.11919301326669873
1799,0.11919301326669873
1800,0.13403844434530576
1801,-0.12677568864743505
1802,0.13403844434530576
1803,0.11919301326669873
1804,0.11919301326669873
1805,0.11919301326669873
1806,0.11919301326669873
1807,0.13403844434530576
1808,-0.12677568864743505
1809,0.13403844434530576
1810,-0.16545747089715201
1811,0.11919301326669873
1812,0.11919301326669873
1813,-0.12677568864743505
1814,0.11919301326669873
1815,0.11919301326669873
1816,0.13403844434530576
1817,0.11919301326669873
1818,0.13403844434530576
1819,0.11919301326669873
1820,0.11919301326669873
1821,-0.12677568864743505
1822,0.13403844434530576
1823,-0.12677568864743505
1824,-0.16545747089715201
1825,0.11919301326669873
1826,0.13403844434530576
1827,0.13403844434530576
1828,-0.16545747089715201
1829,0.11919301326669873
1830,0.13403844434530576
1831,0.13403844434530576
1832,-0.16545747089715201
1833,-0.12677568864743505
1834,0.11919301326669873
1835,-0.16545747089715201
1836,0.11919301326669873
1837,0.13403844434530576
1838,0.13403844434530576
1839,0.11919301326669873
1840,-0.12677568864743505
1841,-0.12677568864743505
1842,0.13403844434530576
1843,0.11919301326669873
1844,0.13403844434530576
1845,0.13403844434530576
1846,0.11919301326669873
1847,-0.12677568864743505
1848,-0.12677568864743505
1849,-0.16545747089715201
1850,0.11919301326669873
1851,-0.12677568864743505
1852,0.11919301326669873
1853,-0.12677568864743505
1854,0.11919301326669873
1855,-0.12677568864743505
1856,0.13403844434530576
1857,0.13403844434530576
1858,0.13403844434530576
1859,0.11919301326669873
1860,-0.16545747089715201
1861,-0.12677568864743505
1862,-0.12677568864743505
1863,-0.16545747089715201
1864,-0.12677568864743505
1865,0.13403844434530576
1866,-0.16545747089715201
1867,0.11919301326669873
1868,-0.16545747089715201
1869,-0.16545747089715201
1870,0.13403844434530576
1871,0.11919301326669873
1872,0.13403844434530576
1873,-0.12677568864743505
1874,0.13403844434530576
1875,0.11919301326669873
1876,0.13403844434530576
1877,0.11919301326669873
1878,-0.16545747089715201
1879,0.13403844434530576
1880,0.11919301326669873
1881,-0.12677568864743505
1882,-0.16545747089715201
1883,-0.16545747089715201
1884,0.13403844434530576
1885,-0.12677568864743505
1886,0.13403844434530576
1887,0.13403844434530576
1888,-0.12677568864743505
1889,0.11919301326669873
1890,0.11919301326669873
1891,-0.12677568864743505
1892,-0.12677568864743505
1893,0.11919301326669873
1894,-0.12677568864743505
1895,-0.16545747089715201
1896,0.11919301326669873
1897,-0.12677568864743505
1898,0.13403844434530576
1899,-0.12677568864743505
1900,-0.16545747089715201
1901,-0.16545747089715201
1902,0.11919301326669873
1903,0.11919301326669873
1904,-0.12677568864743505
1905,-0.16545747089715201
1906,0.11919301326669873
1907,0.11919301326669873
1908,-0.12677568864743505
1909,0.11919301326669873
1910,-0.12677568864743505
1911,-0.12677568864743505
1912,0.13403844434530576
1913,0.13403844434530576
1914,-0.12677568864743505
1915,0.13403844434530576
1916,-0.16545747089715201
1917,-0.12677568864743505
1918,-0.16545747089715201
1919,-0.12677568864743505
1920,0.13403844434530576
1921,-0.12677568864743505
1922,-0.12677568864743505
1923,0.13403844434530576
1924,0.11919301326669873
1925,0.13403844434530576
1926,-0.12677568864743505
1927,-0.12677568864743505
1928,0.13403844434530576
1929,-0.12677568864743505
1930,-0.12677568864743505
1931,-0.12677568864743505
1932,0.13403844434530576
1933,0.11919301326669873
1934,-0.12677568864743505
1935,0.13403844434530576
1936,0.11919301326669873
1937,-0.12677568864743505
1938,0.13403844434530576
1939,-0.12677568864743505
1940,0.11919301326669873
1941,0.13403844434530576
1942,0.13403844434530576
1943,0.11919301326669873
1944,0.13403844434530576
1945,0.13403844434530576
1946,0.13403844434530576
1947,-0.16545747089715201
1948,-0.12677568864743505
1949,0.13403844434530576
1950,0.11919301326669873
1951,-0.12677568864743505
1952,0.11919301326669873
1953,-0.12677568864743505
1954,-0.12677568864743505
1955,0.11919301326669873
1956,0.13403844434530576
1957,0.11919301326669873
1958,-0.16545747089715201
1959,0.13403844434530576
1960,0.11919301326669873
1961,-0.16545747089715201
1962,-0.12677568864743505
1963,-0.16545747089715201
1964,0.11919301326669873
1965,0.13403844434530576
1966,-0.12677568864743505
1967,0.11919301326669873
1968,0.13403844434530576
1969,0.13403844434530576
1970,0.11919301326669873
1971,-0.12677568864743505
1972,-0.16545747089715201
1973,-0.12677568864743505
1974,-0.12677568864743505
1975,0.11919301326669873
1976,0.11919301326669873
1977,-0.16545747089715201
1978,0.13403844434530576
1979,0.13403844434530576
1980,0.11919301326669873
1981,-0.16545747089715201
1982,0.13403844434530576
1983,-0.16545747089715201
1984,-0.16545747089715201
1985,0.13403844434530576
1986,0.13403844434530576
1987,0.11919301326669873
1988,-0.12677568864743505
1989,0.13403844434530576
1990,0.13403844434530576
1991,0.11919301326669873
1992,-0.12677568864743505
1993,0.13403844434530576
1994,0.13403844434530576
1995,-0.16545747089715201
1996,-0.12677568864743505
1997,0.13403844434530576
1998,0.13403844434530576
1999,-0.12677568864743505
2000,0.13403844434530576
2001,0.11919301326669873
2002,-0.12677568864743505
2003,-0.16545747089715201
2004,-0.12677568864743505
2005,-0.16545747089715201
2006,0.11919301326669873
2007,-0.12677568864743505
2008,-0.12677568864743505
2009,0.13403844434530576
2010,0.11919301326669873
2011,-0.12677568864743505
2012,-0.12677568864743505
2013,-0.12677568864743505
2014,0.11919301326669873
2015,0.13403844434530576
2016,-0.12677568864743505
2017,-0.12677568864743505
2018,-0.12677568864743505
2019,0.13403844434530576
2020,0.11919301326669873
2021,-0.16545747089715201
2022,-0.16545747089715201
2023,0.11919301326669873
2024,0.13403844434530576
2025,-0.16545747089715201
2026,0.11919301326669873
2027,0.11919301326669873
2028,-0.16545747089715201
2029,-0.12677568864743505
2030,0.13403844434530576
2031,-0.12677568864743505
2032,-0.12677568864743505
2033,0.13403844434530576
2034,0.11919301326669873
2035,0.11919301326669873
2036,0.11919301326669873
2037,0.11919301326669873
2038,0.13403844434530576
2039,0.11919301326669873
2040,-0.16545747089715201
2041,0.13403844434530576
2042,-0.12677568864743505
2043,-0.16545747089715201
2044,0.11919301326669873
2045,-0.16545747089715201
2046,0.11919301326669873
2047,-0.16545747089715201
2048,-0.12677568864743505
2049,0.13403844434530576
2050,-0.12677568864743505
2051,0.11919301326669873
2052,0.11919301326669873
2053,0.13403844434530576
2054,0.11919301326669873
2055,0.11919301326669873
2056,-0.12677568864743505
2057,0.11919301326669873
2058,-0.16545747089715201
2059,-0.16545747089715201
2060,0.13403844434530576
2061,-0.12677568864743505
2062,-0.12677568864743505
2063,0.11919301326669873
2064,-0.16545747089715201
2065,0.13403844434530576
2066,0.11919301326669873
2067,0.13403844434530576
2068,0.13403844434530576
2069,0.11919301326669873
2070,-0.12677568864743505
2071,-0.12677568864743505
2072,0.13403844434530576
2073,-0.12677568864743505
2074,0.13403844434530576
2075,0.13403844434530576
2076,-0.16545747089715201
2077,-0.12677568864743505
2078,0.11919301326669873
2079,-0.16545747089715201
2080,-0.16545747089715201
2081,0.13403844434530576
2082,-0.12677568864743505
2083,0.13403844434530576
2084,0.11919301326669873
2085,-0.16545747089715201
2086,0.11919301326669873
2087,-0.16545747089715201
2088,-0.16545747089715201
2089,0.11919301326669873
2090,0.11919301326669873
2091,0.13403844434530576
2092,0.13403844434530576
2093,0.11919301326669873
2094,0.13403844434530576
2095,0.13403844434530576
2096,-0.12677568864743505
2097,-0.16545747089715201
2098,0.11919301326669873
2099,0.11919301326669873
2100,0.11919301326669873
2101,-0.16545747089715201
2102,0.13403844434530576
2103,0.11919301326669873
2104,0.13403844434530576
2105,-0.12677568864743505
2106,0.11919301326669873
2107,0.11919301326669873
2108,-0.16545747089715201
2109,-0.16545747089715201
2110,-0.16545747089715201
2111,0.11919301326669873
2112,-0.12677568864743505
2113,0.13403844434530576
2114,0.11919301326669873
2115,0.13403844434530576
2116,0.11919301326669873
2117,0.11919301326669873
2118,0.11919301326669873
2119,0.11919301326669873
2120,-0.12677568864743505
2121,0.13403844434530576
2122,-0.16545747089715201
2123,0.11919301326669873
2124,0.13403844434530576
2125,-0.16545747089715201
2126,-0.12677568864743505
2127,0.13403844434530576
2128,0.11919301326669873
2129,-0.16545747089715201
2130,0.13403844434530576
2131,0.11919301326669873
2132,0.11919301326669873
2133,0.13403844434530576
2134,-0.16545747089715201
2135,0.13403844434530576
2136,0.11919301326669873
2137,-0.16545747089715201
2138,0.11919301326669873
2139,0.11919301326669873
2140,0.13403844434530576
2141,0.11919301326669873
2142,0.11919301326669873
2143,-0.16545747089715201
2144,-0.12677568864743505
2145,0.11919301326669873
2146,0.11919301326669873
2147,0.11919301326669873
2148,-0.12677568864743505
2149,-0.12677568864743505
2150,0.13403844434530576
2151,0.11919301326669873
2152,0.13403844434530576
2153,0.13403844434530576
2154,0.13403844434530576
2155,0.11919301326669873
2156,-0.16545747089715201
2157,0.13403844434530576
2158,0.13403844434530576
2159,0.13403844434530576
2160,-0.12677568864743505
2161,-0.16545747089715201
2162,0.13403844434530576
2163,-0.12677568864743505
2164,0.13403844434530576
