,pve
0,-0.11547969019710769
1,0.10920139031525122
2,-0.391254255478272
3,0.4345626155613458
4,-0.04843086197295643
5,0.04142395110903341
6,-0.46443203737445793
7,-0.032047953817216146
8,-0.41339551272711805
9,0.00232488315732704
10,-0.25245486658720573
11,0.06144431894106028
12,0.15389585094308078
13,0.4120601718546998
14,0.31628845585665166
15,-0.37035081697051386
16,0.14803910701865775
17,0.4179180299993091
18,-0.5672021665729257
19,0.12774217872212523
20,-0.21092188980992277
21,0.23537812237257072
22,0.05779426947939703
23,-0.07028134390561513
24,0.5014038863228412
25,-0.2219759941309034
26,0.5314648902390473
27,0.4540024088914355
28,-0.6270093273187338
29,0.07354058550663245
30,0.36165372255205613
31,-0.521090647534781
32,-0.2659751171361
33,0.13789828549040445
34,-0.4384992774910583
35,0.469170269102114
36,0.6241171615743168
37,0.02527284084808462
38,0.096937457974897
39,-0.36303011278042363
40,0.22225845138846168
41,0.4720886578165075
42,0.18101089873400794
43,-0.6043678850641985
44,-0.44928554835365275
45,-0.23527822176658864
46,0.13311611732884876
47,0.26455478194658966
48,0.0895030762399529
49,0.5000326188144031
50,-0.25287002979549833
51,0.24890512130103926
52,-0.4838058375516263
53,-0.5723983469507254
54,-0.13174475705477962
55,0.03634912410874047
56,-0.04240089772852185
57,0.18722826879780846
58,0.09856108466180813
59,0.2875401694611453
60,0.552271837631251
61,-0.08104394153928873
62,-0.19694560284522422
63,0.15113339995858488
64,0.2545300388254208
65,0.32896212224155386
66,0.29873818862381807
67,0.465703124721848
68,0.14627297271525258
69,0.020991413855878605
70,0.10173108926666952
71,0.23546008976078997
72,0.08197633244685565
73,-0.3856890575866265
74,0.03541026087291416
75,-0.7265267870906913
76,0.13982394846572177
77,-0.4150842831064121
78,0.23658658801974242
79,0.2307330316855572
80,-0.17518271665336305
81,0.8439076475412096
82,-0.6147876542591368
83,0.012288931293519878
84,0.30895592465876487
85,-0.43952524685995686
86,0.38936124865274774
87,0.2566105606993305
88,-0.13441528918010737
89,-0.2632800463380123
90,0.4754842085534472
91,0.10530928800427952
92,0.05633378888781748
93,0.36350059983685484
94,-0.09716094705190259
95,0.2917777460553542
96,-0.6901888984588973
97,0.14171894391440243
98,0.4824639247785887
99,0.23546008976078997
100,-0.06364193424660136
101,-0.0438405300417698
102,0.07781650310701849
103,0.2819827522933831
104,0.2882341262539935
105,0.38877372222548273
106,-0.26341926302915564
107,0.07304215778916812
108,0.16861004003879576
109,0.1119425110658866
110,0.3417830700000909
111,0.3548119122743308
112,-0.017501538956213425
113,0.5303081226873694
114,0.32533667972027697
115,0.426129841260149
116,-0.08062371861073558
117,0.1931245005258289
118,-0.038462799779880985
119,0.09606710940195917
120,0.1825738168551037
121,-0.20515815438328788
122,0.38485279919834037
123,0.32540121587117254
124,-0.05033878317745455
125,0.004754969406959408
126,0.5045072033379445
127,-0.25005206789356627
128,-0.23117663860522253
129,-0.6846926469658092
130,-0.35299129335485335
131,-0.9367606549644985
132,0.11561410348687534
133,0.03356069191654687
134,-0.6268647274334522
135,0.42845906612531204
136,-0.1502246991165166
137,0.3915929941009325
138,0.023551437024260324
139,0.1939043097711663
140,-0.9011434556398867
141,0.4597677588692624
142,-0.20057818966801544
143,-0.41554034159802633
144,0.01836967689969543
145,-0.06884619013507765
146,0.08044453134069907
147,0.26057924890926343
148,-0.2717217175462536
149,0.23510437011284685
150,0.30992284540443604
151,0.06144431894106028
152,-0.6937024690141718
153,0.26619236582132
154,0.5206053369088578
155,0.003686255383589132
156,-0.41954584473046885
157,0.3536382980440069
158,0.1596135449753357
159,0.32339299005159255
160,-0.015183171599833067
161,0.15389585094308078
162,0.20868868133916413
163,0.16759279260752324
164,0.14211044126755146
165,-0.6068845481853615
166,0.1856390923407535
167,0.2544619767252394
168,0.4012874947186831
169,-0.398239590611944
170,-0.038593695067558165
171,0.11848481818121426
172,0.4520352347127371
173,0.12999028770855725
174,0.21358969581291254
175,0.0747447506096538
176,0.5548645626664586
177,-0.3803477431664899
178,0.27356136090087607
179,-0.39345943144538054
180,0.29011536955739803
181,-0.04534671880551988
182,0.08923988419078976
183,0.4100238389328188
184,-1.1580567218149873
185,0.2310703578482824
186,0.27545020617632143
187,0.5350746470923178
188,0.4919471981337557
189,0.5255835250140826
190,0.4831028960114207
191,0.10597464093993336
192,0.5176181465329667
193,-0.1771003357269475
194,0.602785950073716
195,0.34451730685282494
196,0.17315234686161607
197,0.22764942532690244
198,0.22356948679924155
199,0.3179932449575791
200,0.08430964600293872
201,-0.6473178139498246
202,0.45394136069176755
203,0.5484114262892285
204,-0.28308664753652346
205,0.34915207809006255
206,0.08901416630227438
207,0.41898545008099025
208,0.23452806005346294
209,0.4126235722363394
210,-0.3344189929372774
211,0.20838771719748933
212,0.2703120841508953
213,0.7294827295814011
214,0.05049871757292601
215,-0.3938496831805953
216,0.00979758498000216
217,-0.10669473962438458
218,-0.38726634833555384
219,-0.006238887049050845
220,-0.04443129105865229
221,0.4318319595881901
222,0.38831166404359013
223,0.3510060916007187
224,-0.5212875703692698
225,0.3264488777212413
226,0.5362931092150036
227,-0.2659751171361
228,-0.5286148777256128
229,-0.4578774215740882
230,0.002354496412710849
231,0.3352297486535555
232,0.4973305619689342
233,0.5207492193264072
234,0.5034022584705572
235,0.33810280682281907
236,0.3450357800538449
237,0.4400791658560377
238,0.25020579528592896
239,0.26122539966168756
240,0.3283010661473339
241,0.6077180018217687
242,0.10357565397840918
243,-0.5423812394042193
244,0.44092750754560783
245,0.07768688889945141
246,0.12378024937253396
247,-0.8147774479587944
248,0.4965651195681473
249,0.22928478105584768
250,0.45577878210034256
251,0.821060874234308
252,0.23449440792917503
253,-0.43286003920545635
254,0.33906269588246224
255,0.11908433512222127
256,0.176014898526914
257,-0.29475743131275034
258,-0.023846414333179022
259,0.5418721102885076
260,0.06912189490206061
261,0.2438649994590079
262,0.4078130061074711
263,0.23162050309836651
264,0.3951562361259458
265,0.04081399918833384
266,0.2629368786951218
267,0.46365590890445885
268,-0.2038145951251744
269,0.22015204037823216
270,-0.023846414333179022
271,0.46849872484321387
272,-0.023702091505033884
273,0.4506120790535007
274,-0.1438813004842382
275,0.13989419547608528
276,-0.23140462933084738
277,-0.23724686158675368
278,-0.03260161707492759
279,-1.0574973150490645
280,0.12105011996799186
281,0.3608468033167408
282,0.13752970630725114
283,-0.21924542511291434
284,0.10880481792300367
285,0.16294794147166292
286,0.013245690403992927
287,0.25383516598010014
288,0.06745380658170408
289,0.25490294171734745
290,0.3406560567268449
291,0.08013534436989056
292,0.4542079406114383
293,0.04153940916175375
294,-0.2502732530278736
295,0.2014766308841789
296,0.5665905075782103
297,-0.03210172086243257
298,0.2940171656764651
299,0.20379777764544782
300,-0.22698482652510277
301,0.13131490947650526
302,0.4494545271168213
303,0.4753913285370197
304,0.054538139328219826
305,-0.17254524384187953
306,0.41224337562447694
307,-0.3056421798963731
308,0.3237081391969488
309,-0.05047435671318545
310,0.08780063089463658
311,0.3055910995630604
312,0.26153577456727534
313,0.37210895816641665
314,0.21659168960933284
315,0.043944896715313875
316,0.2955740278651865
317,0.3659355642203593
318,0.2030715793805294
319,-0.1633587383572881
320,0.2613178844838725
321,0.42329248963008836
322,0.12258431487218197
323,-0.030714049521109232
324,-0.9664303147680555
325,0.13516765719105311
326,0.4234920435408135
327,0.37630484429742217
328,0.2940171656764651
329,0.15970933696867984
330,0.395272104557684
331,0.3275984122659995
332,0.2777865510265692
333,-0.0019453262807468952
334,0.14153844725060705
335,-0.41249398072355503
336,-0.6784621455495756
337,0.18786429924200804
338,0.1098846858795467
339,0.03327548889880688
340,-0.11147103792530388
341,-0.06216622764257618
342,0.4408393642963764
343,0.252084992507978
344,0.3207002528905128
345,0.19325404399206159
346,-0.056713571307474675
347,0.24454609622159942
348,0.2096294324466363
349,0.041087529014385726
350,0.23561222194858483
351,0.004754969406959408
352,0.2601687041852842
353,-0.04141750849807202
354,-0.395065653306784
355,0.4014152453130726
356,0.13713843769421435
357,0.19568359620013448
358,0.2254722160907216
359,0.041543499877645274
360,-0.6041237499872709
361,0.18165952136483488
362,-0.39516443663504996
363,0.509885250098365
364,0.7035789610323497
365,0.3411996750513372
366,-0.4206527218909064
367,-0.33017708593289197
368,0.5068479537254585
369,0.2927348357390547
370,-0.218752324501005
371,-0.6447809201645041
372,-0.40831630550828324
373,0.48011501824693326
374,0.07373571887596125
375,0.47478965546494045
376,-0.46364716287544083
377,-0.21202939273540422
378,0.1160261462268849
379,0.19337514721461602
380,0.29422794148689124
381,0.34896210290473356
382,0.13792395424245324
383,0.13460166114862615
384,-0.5588156122254331
385,-0.03631135063484103
386,0.4561210728386961
387,-0.1286517351593316
388,-0.7492402768363213
389,0.2764960937107253
390,0.48281406860318465
391,0.47249579885661575
392,0.41783686215442534
393,-0.11323439529670865
394,0.29906449978922645
395,0.1559107185938583
396,0.43334472407164704
397,0.41153326061627865
398,0.47518486879969263
399,0.22746697485376666
400,0.06633582518846498
401,0.4716428156709464
402,0.046713110354077936
403,0.26881084482200374
404,0.8131992432901618
405,-0.14695889571678622
406,-0.15935384121123142
407,-0.05083786690922332
408,-0.1463333930720847
409,0.17495979743781537
410,0.25179852528988744
411,-0.39342445363129874
412,0.24539998517698003
413,0.4870419904336504
414,0.5526835888572603
415,0.1479266207209018
416,-0.004460232651061213
417,0.2713697075255648
418,0.04221844247127138
419,-0.020013254208254616
420,-0.11474468508669267
421,0.012670200939129295
422,-0.43433964429776084
423,-0.24410056998243135
424,-0.05464908619977327
425,-0.44805135108368344
426,-0.13964695778982283
427,0.17596610780280336
428,0.5843221462879207
429,-0.047596969141856516
430,0.35144399647184305
431,-0.48692932300838865
432,-0.07352990263788284
433,0.3610564729525708
434,0.6898679400869376
435,-1.0340369248027483
436,-0.08972956970367596
437,0.0186929113528036
438,0.30936182764865394
439,-0.046508387735128665
440,0.3686305230764865
441,-0.06082120105123734
442,0.4428091738538019
443,-0.4551133594852216
444,0.11874057309822955
445,0.47152095233767827
446,0.19754725258811678
447,0.0736373431515383
448,-0.40676487614204215
449,0.27218374112074006
450,0.1597271855388822
451,0.3005107049103491
452,-0.23155259819878327
453,0.14704847201214188
454,0.21644468759600416
455,0.2234177667342771
456,0.49947756611252925
457,0.5567509601115865
458,0.17436419893298916
459,-0.6665185842339711
460,0.19454852503534392
461,0.5272472718765082
462,0.3165306831175432
463,-0.016568817167895433
464,0.41926657536699985
465,0.21599994480506923
466,0.05006625843975293
467,-0.08028200104853367
468,-0.07919646290777638
469,0.39770430603355805
470,0.5358428578610802
471,-0.20890771514701856
472,-0.2943883170042617
473,0.27545020617632143
474,0.09394855883243103
475,0.28901311853230427
476,-0.09788130770505599
477,0.10119159296024649
478,0.08228546536830972
479,-0.30837328985657164
480,-0.2484110931785568
481,0.12549953826742316
482,0.04502072912062749
483,-0.4610502573025632
484,-0.6619216434886481
485,-0.15203099455115765
486,0.4565280831131123
487,0.3084145761197034
488,0.21202802719507458
489,0.33909486380656817
490,0.4189198179219127
491,0.533607057571146
492,-0.03561281459055132
493,0.4927109218367598
494,0.10874976773221967
495,0.28683825050959466
496,0.155543665765988
497,-0.1799681629160491
498,0.051593464918656906
499,0.14617836650534838
500,-0.09385711088250503
501,0.5530216316301448
502,0.27995247799392914
503,-0.6415334525017791
504,-0.033010612165219166
505,0.092995902519933
506,0.32134752676334616
507,-0.9678149580907958
508,0.3299918861529815
509,-0.042760523483509005
510,0.24555564601724944
511,0.3748724737506872
512,0.04194270111197629
513,-0.19192061572369268
514,0.38094463816106766
515,0.11519473767098953
516,0.2549231737966874
517,0.17208547782188355
518,0.2573729658067184
519,0.2145347377692659
520,0.20107067078013174
521,0.1596135449753357
522,0.4631355095798674
523,0.25167271285991033
524,0.22037417180829083
525,-0.09440303534391237
526,0.04065666115309652
527,0.4563594796141434
528,0.3445386279938836
529,-0.7006475507278525
530,0.02022573735314881
531,0.01511015186971626
532,0.36596606229754136
533,0.35946384215178245
534,0.41113991108729964
535,-0.445299328393276
536,0.2811409098570855
537,0.3668111299475986
538,-0.36174309922184134
539,0.03698326892289305
540,0.3996484308663988
541,0.2236886207469726
542,0.6202350516415323
543,-0.10225294724503531
544,-0.3497039478492676
545,0.1160261462268849
546,-0.027950380090553173
547,0.15710787187924158
548,0.4816202552789409
549,0.06507917380192874
550,0.38734343131392546
551,-0.05543925174175224
552,0.050269916889638444
553,0.6857750189963481
554,0.322647075091121
555,0.07647613118595631
556,-0.20557572493707432
557,0.5101423192624892
558,-0.42288479199833495
559,0.10667818697043696
560,-0.10349360027244203
561,0.5359684253626777
562,0.6375523630719322
563,0.06469279531839234
564,0.32670254122029796
565,0.2175117771450089
566,0.016907528328094446
567,0.10657790372238052
568,-0.7080755796474054
569,0.2182306291556811
570,0.41164275931038813
571,0.5883748577179807
572,0.2956269967484059
573,-0.5073820329955416
574,0.06862516465785684
575,0.4869446718821129
576,0.4812061012278519
577,-0.884145843108203
578,-0.3700302793101393
579,-0.2748054888338436
580,0.4606795950993723
581,-0.765940004762133
582,0.39179792911245903
583,0.1414907589971245
584,-0.230503183763327
585,0.1077512567142681
586,0.32325792763760364
587,0.3728559638548572
588,0.2559936062523856
589,0.3837615719168097
590,0.09319100265393676
591,0.4984737258376918
592,0.508586386741247
593,0.21540806718249467
594,0.21797712807742775
595,0.39412636224593156
596,0.3251031679244998
597,-0.25687892305691484
598,0.1790195803657647
599,0.06317553309019952
600,-0.005021023055037155
601,0.4620160406709301
602,-0.11206146375372317
603,0.6363807185452917
604,-0.09975076904618996
605,0.1535080729126766
606,0.21599994480506923
607,0.4612158618841823
608,-0.26436884881051714
609,0.31511404499297485
610,-0.6021091482530267
611,0.31702731612308144
612,-0.32199872652853956
613,0.006762895480641518
614,0.35242545631639166
615,-0.1418603124457889
616,0.29554880364934016
617,0.3345813770642593
618,-0.026702487157098553
619,-0.6016997286163652
620,0.466512164038011
621,0.3748724737506872
622,0.17338527892709082
623,0.029754002601020624
624,-0.009867859003875878
625,-0.395982462340396
626,0.5238324759224571
627,0.35956986032582045
628,-0.06544213234385055
629,0.04813201578262005
630,0.1342435589908887
631,0.13687726120026678
632,0.264932614071974
633,0.32796167903285245
634,0.09012530068228763
635,0.4520523051299381
636,-0.5666554245760327
637,0.3570857877312064
638,0.6944228548405925
639,0.2220015948835421
640,0.0065444889017250985
641,0.7220681658490922
642,0.2371144247338866
643,-0.10005667492187797
644,-0.1268747502317652
645,0.4802429667570002
646,-0.08973213364956634
647,-0.15689909583088724
648,0.30748234484476755
649,0.6302331635756129
650,-0.3509718605754386
651,0.30900974460670283
652,0.09475612149968571
653,0.1942063115268321
654,0.12378024937253396
655,-0.41664139906415887
656,-0.28521523499885415
657,0.5048246849466878
658,-0.6715281865364391
659,0.029754168957993155
660,-0.04843086197295643
661,-0.23140462933084738
662,0.5571720323516874
663,-0.038593695067558165
664,0.2974464712212838
665,0.5009540603598781
666,0.00660452638800102
667,0.5871905804393173
668,0.49393209656332066
669,0.32892719783169755
670,0.17995786506972972
671,0.5565709708815313
672,-0.018033696195835502
673,0.28423031216195377
674,0.1330408541811584
675,0.6266328521562682
676,0.03506740918823348
677,-0.9321792848807917
678,-0.21363703660377897
679,0.2556243582346093
680,0.5668536698881025
681,-0.1286517351593316
682,0.6273871071038696
683,0.2601666157444582
684,0.4264238895414053
685,-0.5772247078725805
686,-0.5793551208628953
687,0.044654531593944724
688,-0.28217830183452386
689,0.17581194198731231
690,-0.16647361672831018
691,0.2640059623229598
692,0.18870684559070278
693,-0.20850117552507974
694,0.2883676484038964
695,0.6103405618156534
696,-0.22159176546543768
697,0.5147894245649468
698,-0.13543299600903436
699,0.14819449993470313
700,0.5665986575248327
701,-0.09815570716182676
702,-0.6192526699866607
703,0.3513557519662736
704,0.10131888952836549
705,-0.4266242123975621
706,-0.17151894988936922
707,-0.24776508689197252
708,0.1217293272797289
709,0.3847145654381471
710,0.06535058074965183
711,0.21639114012996308
712,0.18069660653451125
713,0.3212012723702864
714,-0.10541134638172367
715,-0.41682558779321965
716,-0.46109831518355326
717,0.2323268177847227
718,0.26100170195568395
719,0.18114120381857896
720,-0.6541739157216906
721,0.38877895108609445
722,-0.1359530852851073
723,0.6007530698935235
724,-0.4703699466306763
725,0.11792132376054532
726,0.19402682271209548
727,0.036000446392761565
728,-0.515554420938495
729,-0.3233647317886368
730,0.48890672462300755
731,0.0093596965564412
732,0.5268234714459572
733,0.22356948679924155
734,-0.14849149209098134
735,0.25710984607342263
736,-0.5063608043065271
737,0.3123714973890218
738,-0.2900899621802928
739,0.2364702398898884
740,0.03327548889880688
741,-0.22651023333606735
742,0.04132623327090057
743,0.3406560567268449
744,-0.6522143890812997
745,-0.0076571912658561225
746,0.35211438030110165
747,-0.20125867165024958
748,0.0996452505938562
749,0.02971376557980565
750,0.39803497702531665
751,0.4432279346304835
752,-0.37374456765270647
753,-0.08676223891261403
754,0.30881933196229416
755,0.12181822672683318
756,0.3069198681044977
757,-0.4337019514792808
758,0.4137480433330472
759,0.18550827597356978
760,0.5392250993406202
761,0.5032488126420799
762,0.15383664375758477
763,-0.5767769883531286
764,0.049702247499492924
765,0.47509457838482383
766,-0.032789523932666764
767,0.21811760990561013
768,-0.048371139602301216
769,0.21056891200408367
770,0.48648260158628076
771,0.38975837560713533
772,0.261852217624843
773,-0.41843726090088995
774,0.10357565397840918
775,0.4486862811469772
776,0.1371788591202383
777,0.15902739787917763
778,0.37713865440336025
779,0.4225954882216737
780,-0.2776128565967494
781,0.5297021462013165
782,0.2813401348128346
783,-0.29087330854268356
784,-0.38172462180021505
785,0.27455757539197423
786,0.1829598878173586
787,0.23317384069021668
788,0.20909904896742681
789,0.49819784703402986
790,0.19629031324062818
791,0.07923610931606906
792,-0.35589089138054586
793,-0.06621932818099396
794,0.12208448375935255
795,0.3326473919941558
796,-0.7042405031875889
797,0.002259476361637258
798,-0.3627135089962801
799,0.37760928672738053
800,0.052124612050648556
801,-0.17030874693881048
802,0.3960705890436105
803,0.2986345364748325
804,0.09691077248121693
805,0.5261019156202617
806,0.25931654968068796
807,0.27590172555524173
808,-0.749176242358756
809,0.011435695920601563
810,0.12594471485409486
811,-0.1691778592237213
812,-0.106335874552552
813,-0.5824929213012602
814,0.18870814092946991
815,-0.4794343449588405
816,0.3963028376542626
817,-0.42923363017580596
818,-0.010695839998271728
819,0.039531520775892504
820,-0.08539473362699723
821,-0.05347935800748371
822,0.01933130912311365
823,0.3344774758604476
824,-0.3420000467564679
825,-0.023846414333179022
826,0.13437487099221557
827,0.00030013326657152284
828,0.17143829313964393
829,-0.19388086920987613
830,0.40795430661218185
831,0.47116100278121475
832,-0.02744991023731913
833,0.7624004205424888
834,0.42556976783787037
835,0.22387354233147588
836,-0.2222981233582897
837,-0.2427353269514766
838,-0.4900898690572597
839,-0.06546031594019053
840,0.1302815751207651
841,0.0009946782423316813
842,0.5004813304326844
843,-0.9032880182145375
844,-0.872928183282325
845,0.23037879799442046
846,0.19567967840949996
847,0.18260726554581524
848,0.35762797179901684
849,0.1309387861554151
850,-0.5666127139036896
851,-0.13543299600903436
852,0.6832109684758472
853,0.5411084272969496
854,0.4578908962106359
855,0.11385264719045418
856,0.37882932986528467
857,0.5751381659612094
858,0.01882326831611636
859,0.3316128048098159
860,0.03364980896980785
861,0.6312183619581224
862,-0.08390943744838031
863,0.28259344192641767
864,-0.4152390528418579
865,-0.12347138441224881
866,0.5898179767972374
867,0.022344685993376134
868,0.2904974644371159
869,0.4069302742243832
870,-0.23623477845309515
871,0.22989479512672217
872,0.09341699420901084
873,0.5367524677962647
874,0.36926490143965707
875,0.4761546609489392
876,-0.020635632413221305
877,0.07277213942650373
878,0.6844647891461588
879,0.010664894848147477
880,0.07270321668113733
881,-0.06363698222801051
882,-0.05433397507875537
883,0.6271046004767034
884,0.17143829313964393
885,0.25855417042035295
886,0.3619796252291487
887,0.6014417172202445
888,0.28080015906025513
889,-0.3153420951733945
890,0.41340922675734004
891,0.4808609807127502
892,0.06603442258729597
893,0.3820022041431926
894,0.1596135449753357
895,0.0909602086096814
896,0.3548119122743308
897,0.048484062529776106
898,0.31652344364101964
899,0.30177912467225443
900,-0.0686723468557493
901,0.3130687235345897
902,-0.05068979748550495
903,0.38032863682416845
904,0.26916395327739856
905,0.35697916444907346
906,0.2842181914263618
907,0.35821684341832805
908,0.15963670023492482
909,0.04326399093462713
910,0.4413857802706288
911,0.1631114277542094
912,0.18908223467557078
913,0.4811862163860626
914,0.19637985314444129
915,-0.5458681418255626
916,0.0585395549834104
917,0.6128389956522424
918,0.3878749832864092
919,-0.3750135415906346
920,0.0612444270366479
921,0.32864893358109204
922,0.44869220112229374
923,-0.7811504492254264
924,-0.022882446710709547
925,0.14652215324010998
926,-0.039851741980798994
927,0.23426539526978074
928,-0.10059591517847755
929,0.4813590693697322
930,0.5234441558876283
931,0.09344634289564968
932,0.44487801216890605
933,-0.21102498083649734
934,0.1985864410974469
935,-0.03247970619484952
936,-0.27059720206908544
937,0.5461121142960075
938,0.06712050107498813
939,0.13201271695195432
940,0.07270321668113733
941,-0.04597133351259164
942,0.019163552254768956
943,0.3329085994139866
944,-0.5192373337998981
945,0.8140400212623118
946,-0.12438786907220545
947,0.5544603520030399
948,-0.4755827343249768
949,0.3056539288093346
950,0.345207020261229
951,-0.04926838166786285
952,-0.5616464799897603
953,-0.02418236187231948
954,0.3885941876550082
955,0.6144487902667402
956,0.5378473544268936
957,0.590291690329493
958,0.19368450895217137
959,-0.6220552739516516
960,0.04928178648445891
961,0.17971062175222186
962,-0.6620924621369941
963,-0.013016917306749143
964,0.16946341886762178
965,0.529186664423781
966,-0.17405447796572437
967,0.2904598851042477
968,-0.008276363455806068
969,0.3842970138809163
970,0.5447106120013994
971,-0.13489944536233156
972,-0.03528967565905328
973,0.10830629963559402
974,0.28973489498976557
975,0.241210022179264
976,-0.0010462790040723924
977,0.16411327497544204
978,0.5475859137510884
979,0.28153725222007975
980,0.10703285128702444
981,0.5225615858526177
982,-0.06012606194969794
983,0.6252304473079925
984,0.5737794493248036
985,-0.15936509505293417
986,0.34456611383825175
987,0.3755764689722941
988,0.3960705890436105
989,0.05192201425679088
990,-0.2913183970768165
991,-1.186847760963012
992,0.31702731612308144
993,0.5345400383333803
994,0.06552054123484619
995,0.4138281732123064
996,0.7088274212596293
997,0.5418723366940388
998,-0.1997576621222752
999,0.14555066072859113
1000,0.08101819287082435
1001,0.17408744577998037
1002,0.31745651612816106
1003,-0.24509518783498696
1004,-0.06714681809524148
1005,-0.56998381190865
1006,0.2754571304114135
1007,-0.2251503634560672
1008,-0.8314076517468447
1009,-0.006417437495795486
1010,0.46504721759908746
1011,0.4270669852447488
1012,0.2415824459199006
1013,0.17199948042395796
1014,0.6901077964554272
1015,0.28710943754611895
1016,0.5145204247185935
1017,-0.22978125598814558
1018,0.4148061267050922
1019,0.12750970159802077
1020,0.3233970867745155
1021,0.4185607269287135
1022,-0.09670242759304204
1023,-0.2221011632619515
1024,0.45210923843863016
1025,0.046085245393723384
1026,-0.13925974229715288
1027,0.19703734872091427
1028,0.25931654968068796
1029,0.12258431487218197
1030,0.3888786943004243
1031,0.22187040997940272
1032,-0.1552849109256036
1033,-0.14815723516952906
1034,0.47019799458608375
1035,0.7889449046307305
1036,0.44222614617301276
1037,-0.06257476833972608
1038,0.5229816923299047
1039,-0.02212686424966781
1040,0.23503465720107009
1041,0.3243724823810122
1042,0.2037932203560105
1043,0.2861241000913912
1044,0.4554591696481765
1045,0.14894852179266882
1046,0.3657686263455999
1047,0.3431538809768886
1048,0.13464824735802094
1049,0.322647075091121
1050,-0.053815830592538694
1051,0.1597271855388822
1052,0.18446207532356895
1053,0.22928478105584768
1054,-0.023355187506668984
1055,0.41782848750712154
1056,0.141619837187891
1057,0.3275115166966021
1058,0.2590881372524182
1059,0.09705102037398139
1060,-0.1463175644503274
1061,-0.455580840856024
1062,0.421557563511815
1063,0.24969714432290038
1064,0.20591243630785477
1065,0.3297067889807004
1066,0.032752376588981
1067,0.16083645294722193
1068,0.24420656358459736
1069,-0.5197327397960263
1070,0.3511403837503741
1071,0.08799514689053328
1072,0.14382217646797035
1073,0.037722836564142326
1074,0.3376978885981319
1075,-0.15829751318437268
1076,-0.04289975894092768
1077,0.11876318631199845
1078,0.30821268827713666
1079,0.20150245600509548
1080,-0.7257611484042261
1081,-0.5575778244421423
1082,0.15111567668213133
1083,0.054538139328219826
1084,0.349908312138432
1085,0.4660901557623417
1086,0.020310543502275014
1087,0.5015041871954897
1088,-0.7828889039764793
1089,0.40742728629010105
1090,-0.012618543420289563
1091,0.31702731612308144
1092,0.2195990953930193
1093,-0.03205458566191133
1094,0.5114582705649465
1095,0.2827204939338014
1096,0.32101730359493164
1097,0.10862188233636988
1098,0.36270775798176236
1099,0.20155081090653626
1100,0.3951658757378001
1101,0.03517135941644994
1102,0.6868083766639013
1103,-0.4993845271868852
1104,-0.3001747213411132
1105,0.13937869477843845
1106,-0.5925322906193762
1107,-0.25408959872218473
1108,0.23574083439642834
1109,0.16475766445183804
1110,0.3643518381210809
1111,0.10038323386986597
1112,-0.41536053815209484
1113,-0.7315509402022558
1114,-0.7288598925044036
1115,0.24707320244852837
1116,-0.0312856532660285
1117,0.5088747649937209
1118,0.5002854981391669
1119,0.447427979582556
1120,0.24548410572743679
1121,-0.26113256123706474
1122,0.23936042305748992
1123,0.15168752400873237
1124,0.046842709554226813
1125,-0.048163185434462186
1126,-0.4771112387710106
1127,-0.08561491061454596
1128,0.16537118586943828
1129,0.42536933003040744
1130,0.8275067060170802
1131,-0.4700047227221562
1132,-0.13392032791182074
1133,-0.11287094136963671
1134,0.12258431487218197
1135,0.19916553027482164
1136,0.014515657455346775
1137,0.13978836989947674
1138,-1.1816104879256926
1139,0.27888470512672037
1140,0.16574395412761495
1141,0.1926386453166608
1142,0.06103248966637148
1143,0.1488753003771845
1144,0.36046991693393954
1145,0.10179621812242629
1146,-0.015503468265290588
1147,0.15302508322063935
1148,-0.03455419348657529
1149,-0.05307732612622873
1150,0.2711433337441679
1151,0.2667534609443043
1152,-0.06605513540735597
1153,0.026340472914456292
1154,0.4350018394169952
1155,0.5532665898785136
1156,0.684474953343005
1157,0.04830840465277064
1158,-0.04164655666293082
1159,0.4885287589369676
1160,-0.03561281459055132
1161,0.10862188233636988
1162,0.4404437506079738
1163,0.28678655515730905
1164,-0.575393955155993
1165,-0.0021746019701555097
1166,-0.05676438498907055
1167,0.6192588103179287
1168,0.17999174938447704
1169,-0.6472359624695421
1170,0.23262687333069124
1171,0.4843556535761844
1172,0.5251337562229281
1173,-0.0032876875915370807
1174,0.15424418490462344
1175,0.08156915178578589
1176,-0.19826677847211083
1177,0.5601756806631247
1178,0.1077512567142681
1179,0.37545580863192096
1180,-0.2313211342642626
1181,0.5696870014811475
1182,-0.005021023055037155
1183,0.06756878369377861
1184,-0.3146276135912498
1185,0.2634576355690733
1186,0.5119475658273173
1187,0.659519976721626
1188,0.10637274008780351
1189,-0.683625913822568
1190,-0.840529753611253
1191,0.46339222443814687
1192,-0.33283265405845164
1193,0.43515132350659685
1194,-0.07849681703316147
1195,-0.37075101859195647
1196,0.09538565277191696
1197,-0.11951262121846196
1198,0.32451144925029757
1199,0.18260726554581524
1200,0.30359715856558345
1201,0.27218374112074006
1202,-0.13543299600903436
1203,0.15970933696867984
1204,-0.0256202205119348
1205,0.12999028770855725
1206,-0.5891350867773493
1207,0.2816025433367275
1208,0.4732227971366867
1209,0.3027992171640117
1210,-0.2507786632768907
1211,0.37298653891301936
1212,-0.8092680061049851
1213,0.28836964325483505
1214,0.19448906092888185
1215,-0.894970671515908
1216,0.288489665199483
1217,0.17540710620898436
1218,0.1418106550924665
1219,0.17989611827746543
1220,0.15216548116969209
1221,-0.18221067302670846
1222,-0.3412475511588915
1223,-0.4961922565641276
1224,0.21590614038064931
1225,-0.09745587473772988
1226,0.25925957974084235
1227,0.13571874210562573
1228,0.08242730315207358
1229,-0.22690090037178723
1230,-0.484823379172614
1231,0.20017257079690742
1232,0.5661510369278941
1233,0.2598573254060137
1234,0.5415966210080622
1235,-0.7432427394203998
1236,0.12624687149167818
1237,0.2570086717080922
1238,-0.025736342673936097
1239,0.23025667944087214
1240,0.5036292644540997
1241,0.2821769353606326
1242,0.11411934398279266
1243,0.30922247812220527
1244,-0.06708400096744394
1245,0.5135763436141132
1246,0.6043015561461206
1247,0.10581275366263587
1248,0.29198060181429253
1249,0.2546326641088719
1250,0.18479164173794016
1251,0.06888269183316709
1252,0.22503619557525806
1253,0.4274490918678525
1254,0.34205635983142885
1255,0.09573750603292908
1256,0.5907031585949858
1257,-0.6086881513957116
1258,-0.20626191399273208
1259,0.2840352320516329
1260,0.08273079367343061
1261,-0.10829144491099552
1262,0.04372630125652577
1263,0.1924855096001109
1264,-1.0430649484687604
1265,-0.20238068108672436
1266,0.34205635983142885
1267,0.2523957465453034
1268,0.18359763543967195
1269,0.389311669178073
1270,-0.16063822903582003
1271,0.4702851855107102
1272,-0.23750167238752262
1273,-0.2530484083323521
1274,-0.3457626245963692
1275,-0.2109933355223994
1276,0.38975837560713533
1277,0.5959627835832609
1278,-0.019481622243508245
1279,-0.5252384758862882
1280,0.06513620232911155
1281,0.2867081513389135
1282,0.17408744577998037
1283,-0.1533990306389993
1284,0.08232322539084724
1285,0.5465371549849066
1286,0.3080248092092844
1287,-0.3057972699961895
1288,-0.6913856041153461
1289,-0.0020426734037924943
1290,-0.30370855498747673
1291,0.41457338473858274
1292,-0.6549876708164342
1293,0.3381860769124959
1294,0.1429901274156451
1295,-0.40894568862478864
1296,0.05277742406089031
1297,0.23185926287970537
1298,0.24972845972909552
1299,-0.3379762080817803
1300,-0.04843086197295643
1301,0.30647392215089353
1302,-0.04984004358439664
1303,0.12288739571984786
1304,0.45756578611550863
1305,0.3999231063537235
1306,0.5895388365259417
1307,-0.47950970226725564
1308,0.19902848641802018
1309,0.3392296141886944
1310,-0.3011844974932829
1311,-0.24052440206420267
1312,0.43128080447318273
1313,0.3608468033167408
1314,0.2308062453840572
1315,-0.38308136164269135
1316,0.2105627225805734
1317,0.629543692852764
1318,0.34865523724732883
1319,0.4954026103381663
1320,-0.3412475511588915
1321,-0.03072876536690572
1322,0.3416329349228924
1323,0.7536770400770467
1324,0.07795237536009936
1325,-0.16647361672831018
1326,-0.06338606669255054
1327,-0.3967597737998714
1328,0.2973376899398539
1329,-0.08232284429864878
1330,-0.855336315114817
1331,0.47004964340868516
1332,0.2070361755056147
1333,-0.046103823132521815
1334,0.25649839012618936
1335,0.28683825050959466
1336,0.3818738462961775
1337,0.13183455104159558
1338,-0.4326534998434417
1339,0.16564894602787938
1340,-1.14287308332348
1341,-0.43900374967462363
1342,0.21267371892371068
1343,0.4400738043798908
1344,0.06028054848717812
1345,0.4479692598982761
1346,-0.1149091205833297
1347,-0.6122972340301067
1348,0.15970933696867984
1349,0.6085781037459557
1350,0.0005519065589864036
1351,0.4133061416333796
1352,-0.7464392911315523
1353,0.047257339141947685
1354,0.4969714379285408
1355,-0.11886721859239435
1356,0.41926657536699985
1357,0.13792395424245324
1358,0.24729535790121007
1359,0.009854593729293537
1360,0.26942856955799915
1361,0.3461163559338831
1362,0.3623545127624453
1363,-0.06257476833972608
1364,-0.028856768942851052
1365,0.25972970458748007
1366,0.24565802602052234
1367,0.36049419614672346
1368,0.30696747964326093
1369,-0.15653099838688167
1370,0.22273308827558352
1371,-0.2676528764844629
1372,-0.527574234025795
1373,0.01634543775905456
1374,0.05654622786728547
1375,0.02906211220495236
1376,0.16403083046655825
1377,0.2310256406433379
1378,0.22015204037823216
1379,0.42438653911743
1380,-0.03858944995091462
1381,-0.2612857478598921
1382,0.2758733497155824
1383,0.27995247799392914
1384,0.47184404124097057
1385,0.19255098269525905
1386,0.46207044598806396
1387,0.40324907657443065
1388,-0.2785120970821814
1389,0.3031344792170386
1390,0.34277298887273294
1391,0.23111142928305412
1392,0.3360351939131615
1393,0.048484062529776106
1394,0.2813362682058177
1395,0.2679897236745056
1396,0.4179180299993091
1397,-0.18686976702306113
1398,0.42358971159794856
1399,0.01836967689969543
1400,0.12512188120508638
1401,-0.29980530721016896
1402,-0.14999492375546952
1403,0.49093810271577226
1404,0.337600693155982
1405,-0.31528975479947396
1406,0.44556145574287176
1407,-0.8363325322241624
1408,-0.3856890575866265
1409,0.08010259907158757
1410,0.4561805779231203
1411,-0.19808526420552908
1412,-0.20042521319589035
1413,0.18543033829255162
1414,0.15963670023492482
1415,0.21361758329011388
1416,0.16404963491270796
1417,0.863267869485016
1418,0.4111620308174906
1419,-0.3809366008411281
1420,-0.17677903699995623
1421,-0.26124489444683985
1422,-0.03561281459055132
1423,0.20351631719760677
1424,0.11213194330462173
1425,0.044654531593944724
1426,-0.3730696843345682
1427,0.26619236582132
1428,0.38005372102776247
1429,0.4814884184493782
1430,0.08241985271436403
1431,0.3734101584594656
1432,0.17377526041729818
1433,0.3443240049448097
1434,0.2678843053894872
1435,-0.4821547995613238
1436,-0.09745587473772988
1437,0.42752379604048046
1438,-0.012410195627679088
1439,0.22615382062606978
1440,-0.19857455959533876
1441,0.1055434209192575
1442,0.1596135449753357
1443,0.47478965546494045
1444,0.3458720703607141
1445,0.1420737199365772
1446,-0.06924737216262467
1447,0.4884162396714601
1448,-0.15936509505293417
1449,0.4834634475898822
1450,0.45219966290929736
1451,0.308092657540816
1452,0.27278695730767877
1453,0.25648066154791455
1454,0.3072238687835628
1455,0.2250540490452414
1456,-0.11202669364490303
1457,0.07373571887596125
1458,0.32602338823162913
1459,0.6374588982090597
1460,-0.6363810641716106
1461,-0.4578533871647552
1462,0.4324542364188413
1463,0.521863516558026
1464,-0.1279339062818613
1465,0.24729535790121007
1466,0.5209023901205903
1467,0.38520210482246814
1468,0.20240707300905075
1469,0.5687220936082629
1470,0.048484062529776106
1471,-0.7380116903920859
1472,0.21578773888391656
1473,0.30851097667245697
1474,0.35423384756876997
1475,0.0286170960653237
1476,0.2590971738065442
1477,-0.009121465849431853
1478,0.3416329349228924
1479,0.38734343131392546
1480,-0.0962112305852364
1481,-0.43730132841139624
1482,0.022750359213433158
1483,-0.33500300754300505
1484,-0.34281471207781045
1485,0.1160261462268849
1486,0.46547637994200575
1487,0.27299690927905584
1488,-0.037897716774002776
1489,0.054538139328219826
1490,-0.025313965730821564
1491,0.18751665716048566
1492,0.39806151364997266
1493,0.12999028770855725
1494,-0.26715280791944895
1495,0.43615018633410413
1496,0.09823448817095493
1497,0.34334313472551825
1498,-0.8052974114944598
1499,-0.11105113638464403
1500,0.22760810746985016
1501,0.2927348357390547
1502,0.48541728003236895
1503,0.2974464712212838
1504,0.029754168957993155
1505,0.09244127767345622
1506,-0.133081819284792
1507,-0.22030411541971595
1508,-0.10033606982605103
1509,0.28122006977502145
1510,0.0612444270366479
1511,0.505313303881077
1512,0.3538455101401575
1513,-0.3610690524852357
1514,-0.016273029405983852
1515,-0.6720963651462639
1516,0.2933206281798221
1517,-0.04836435757620239
1518,0.0741349077533408
1519,0.4967460681509969
1520,-0.47353887608344214
1521,0.2323268177847227
1522,0.42318428322795365
1523,-0.03508978910365812
1524,-0.48111156475936157
1525,0.07923610931606906
1526,0.009991507658471122
1527,-0.3925928265568033
1528,-0.43596769107686617
1529,-0.006384102237093847
1530,0.5162616596250973
1531,0.23972626116511586
1532,-0.16679264596169463
1533,0.5038710777622255
1534,-0.26124489444683985
1535,-0.021668369386113828
1536,-0.015795684337663762
1537,-0.1862931578645326
1538,0.2752410852724134
1539,-0.44634882068926585
1540,0.0507853757946245
1541,0.18415858829712378
1542,0.5009540603598781
1543,0.19742290484617225
1544,-0.12681638677201623
1545,0.24380906518008427
1546,0.19359623965151151
1547,0.15963670023492482
1548,0.06144431894106028
1549,0.18886859577841686
1550,-0.1100632200475502
1551,0.17351056275668258
1552,-0.262865744887107
1553,-0.5654894911718409
1554,0.12119784075746687
1555,0.4809241548691072
1556,-0.8793964337951055
1557,-1.2090844238298928
1558,0.07270321668113733
1559,-0.37408770876777786
1560,-0.951913497360966
1561,-0.05407707569681253
1562,0.08156915178578589
1563,-0.35254049137669186
1564,0.4825517027651516
1565,0.347222808085445
1566,0.11908433512222127
1567,-0.21262553510176807
1568,0.2607891661396189
1569,0.4097097283625584
1570,0.5843221462879207
1571,0.22929719384121328
1572,-0.12322414457494801
1573,0.2794579176915091
1574,-0.2624879838795622
1575,-0.07729099664206185
1576,-0.1600999823217114
1577,0.25864152291990605
1578,0.36431541776137066
1579,-0.15172083439783546
1580,0.38020254411742205
1581,-0.2259026185071089
1582,0.20730845952326216
1583,0.26916395327739856
1584,0.5217185127667286
1585,0.12021949328812398
1586,-0.6855018951262271
1587,-0.3255950984038002
1588,0.6258767128137185
1589,-0.4813221025733634
1590,-0.2813726760754851
1591,0.21339288139448465
1592,0.22110377325137182
1593,-0.20822401785149514
1594,0.4959548954226057
1595,-0.22693007219153027
1596,0.2633398144688901
1597,0.25710984607342263
1598,0.03659457069009425
1599,0.16225370968090597
1600,0.18273046306764418
1601,0.1462691495720635
1602,0.32280027698309466
1603,0.22015204037823216
1604,0.4284572459375631
1605,-0.03475638673887671
1606,-0.48136880199178056
1607,0.2549231737966874
1608,-0.1895144427455503
1609,0.17171567186405545
1610,-0.10460371902037835
1611,0.6350848369534381
1612,0.6436469884039948
1613,-0.6022786251257783
1614,0.054106997736481754
1615,0.10575941085039747
1616,0.36639846387970704
1617,0.15523088180360128
1618,-0.05306660564472443
1619,0.03455939243432388
1620,0.20234705336820324
1621,0.16359281521884028
1622,0.10119159296024649
1623,-0.018219389028566013
1624,0.5280710301023814
1625,0.47831202690407343
1626,-0.4283077253286198
1627,0.24173271386655126
1628,-0.4900480337540214
1629,0.11908433512222127
1630,0.20351631719760677
1631,0.020392748585246534
1632,0.323936419372002
1633,0.03632018471403553
1634,-0.2615637321072083
1635,0.3472838223571231
1636,0.3827766202237919
1637,0.504806914609505
1638,0.38766597870710806
1639,0.265875109923437
1640,0.10339205585341132
1641,0.6008700915174646
1642,0.48197628676767457
1643,0.06293441591540694
1644,0.3164908790006551
1645,-0.2267837126682546
1646,-0.3985091766855303
1647,0.23807291475049247
1648,-0.22693007219153027
1649,-0.2060750173768432
1650,-0.34876154926617686
1651,0.43708371802602125
1652,0.6601734095483545
1653,0.11724658056998183
1654,0.3755764689722941
1655,-0.014815805552043981
1656,0.47019799458608375
1657,0.01236762337268954
1658,0.09153112179782696
1659,0.29005210074265064
1660,0.0595128175458528
1661,0.20469337085822914
1662,-0.5236571763609006
1663,0.014210840198825347
1664,0.28460898829516507
1665,0.15950979246442915
1666,-0.004552190758889518
1667,0.319823098649505
1668,0.3827766202237919
1669,0.2242684846076628
1670,0.1653464955278462
1671,0.6380032215554046
1672,0.14061952668105038
1673,0.23561222194858483
1674,-0.4794343449588405
1675,0.6597325242189904
1676,0.022979010785541543
1677,0.32802992428576105
1678,0.564108814174667
1679,0.5229621060197309
1680,0.16078923372141335
1681,-0.04141750849807202
1682,0.5663734362382238
1683,0.2227690078422691
1684,-0.1208957791405969
1685,-0.07682967024855236
1686,0.6021869507702825
1687,0.15701195729616968
1688,-0.093800731929922
1689,-0.04637184672907446
1690,-0.05872846636836038
1691,-0.0005677759911271174
1692,-0.013088923050270818
1693,0.26882742922540664
1694,0.34850574732126505
1695,0.19401856990396565
1696,0.18901757720328366
1697,0.47787913241721225
1698,0.24112768098279203
1699,-0.013863484900416445
1700,0.2247904945104915
1701,-0.10270765999294562
1702,0.024478874634772163
1703,0.31831341372833827
1704,-0.06708400096744394
1705,0.3548119122743308
1706,-0.7056327889091643
1707,0.2678843053894872
1708,0.2181604596848673
1709,0.4938972877610272
1710,0.04476790607441261
1711,-0.1319427378620086
1712,0.18017264031454455
1713,0.21697488258667275
1714,0.22296725396422767
1715,0.23498937754415766
1716,0.3967519078132976
1717,-0.2197631340882642
1718,0.33370567023812503
1719,0.21216554670736737
1720,-0.09165912126422548
1721,0.4868271378659339
1722,0.03541026087291416
1723,0.02930401454571463
1724,0.46248406118831425
1725,0.499963737246517
1726,0.44379485315966116
1727,0.3463250245396985
1728,0.20964341353967136
1729,-0.3457967209748434
1730,-0.4550748717516391
1731,-0.020635632413221305
1732,0.4779923908576641
1733,0.4763830960741079
1734,0.4091436398068375
1735,0.2546713815163091
1736,0.15718098420916393
1737,0.012441515361399924
1738,0.06149952167875339
1739,0.34205635983142885
1740,0.006106153763319411
1741,0.0783951540330145
1742,-0.16293508211443775
1743,-0.8162612124764601
1744,-0.611401676482854
1745,-0.16333009772188967
1746,0.1435767885546983
1747,-0.18750267568234735
1748,-0.0459823973014738
1749,0.21982856955689667
1750,0.22764942532690244
1751,0.47868304416779867
1752,0.4014503413700676
1753,0.03191609482146407
1754,0.16218357187024401
1755,0.11645475551853773
1756,-0.195449680633763
1757,-0.05056676553562656
1758,0.094075249688366
1759,-0.09745587473772988
1760,0.5696861725765874
1761,0.13196462980054502
1762,0.3549422505035881
1763,0.5061763427751717
1764,0.30659017943420885
1765,0.054538139328219826
1766,0.24729535790121007
1767,0.5999748285062148
1768,-0.4282214214373443
1769,0.4294017934056584
1770,-0.6753892964161949
1771,-0.6262390620409459
1772,0.3896389344764101
1773,0.38098534250153127
1774,0.30359715856558345
1775,-0.23524046726221015
1776,0.04562691201041813
1777,0.10131888952836549
1778,0.20254119465584453
1779,0.3888786943004243
1780,0.42828293634708126
1781,0.021984288398426255
1782,0.045997456532648306
1783,0.06511986449026774
1784,0.43619641217830407
1785,0.09396603058128689
1786,0.37470120268333185
1787,0.2583846997841555
1788,0.32268441996006725
1789,0.29422794148689124
1790,-0.1281018216973302
1791,0.6171896476982499
1792,-0.35506692035388654
1793,0.1598899809332821
1794,0.4244422351490729
1795,0.018029224918803932
1796,-0.382246862408979
1797,0.003741444597651189
1798,0.17236498342950407
1799,0.25054470142495033
1800,0.011563162752028289
1801,-0.15704363638818875
1802,0.018570216428070774
1803,0.1488753003771845
1804,0.06404566602417955
1805,-0.025736342673936097
1806,0.24245077129770765
1807,0.41326601817645103
1808,0.2955587253903776
1809,-0.5231923449819065
1810,-0.19159085031127931
1811,0.11357016232830719
1812,0.0954920859252551
1813,0.589340900422964
1814,0.20922660600905618
1815,0.018029224918803932
1816,0.32486574969996423
1817,0.28247191311050057
1818,0.2303922431720667
1819,0.2908371398797813
1820,0.3018040462372745
1821,-0.053324565500340704
1822,0.03634912410874047
1823,0.36906536703339704
1824,0.46950951922358364
1825,-0.04139756442750564
1826,-0.37483671797229556
1827,0.19111592278597916
1828,0.17989611827746543
1829,-0.05741914777107937
1830,-0.44805135108368344
1831,0.42012796958471516
1832,0.10119159296024649
1833,0.04911405677493619
1834,0.04081399918833384
1835,0.5513068194496178
1836,0.21429939308095358
1837,-0.13740775543079853
1838,0.1946807753801179
1839,0.17733058687857772
1840,-0.8944450776788473
1841,-0.45363836727345697
1842,-0.42300250780214643
1843,0.21202802719507458
1844,0.40860805075627027
1845,0.28608285275685164
1846,-0.10449161369431337
1847,0.10126567297388633
1848,0.15877347603134606
1849,-0.3412475511588915
1850,-0.1115039157221126
1851,0.3254625326965863
1852,-0.05872846636836038
1853,0.33478113883657806
1854,0.15184250966593177
1855,-0.7543462188449452
1856,0.4658917762838395
1857,0.08121967160255739
1858,0.08601128125952118
1859,0.27175933971669486
1860,0.05004051792085229
1861,0.19644132079296783
1862,-0.11553436160671926
1863,0.2021251166472935
1864,0.27443602675613155
1865,0.20912878832827714
1866,0.4580826884572674
1867,0.13212402843598497
1868,-0.7555071805571338
1869,0.7538635360325447
1870,0.29561020020051954
1871,0.13981170665039228
1872,0.5963165498987295
1873,0.0836937312998649
1874,0.4936974202027584
1875,0.043944896715313875
1876,-0.27829377989699944
1877,0.09573750603292908
1878,0.248588163692248
1879,0.40936330517444625
1880,0.3122300155728271
1881,0.3881269235509103
1882,0.17989611827746543
1883,0.4131194080047752
1884,-0.7647907153208442
1885,0.4274490918678525
1886,-0.06200227406784253
1887,0.21419478008200354
1888,-0.2802332274308579
1889,-0.1862870257004392
1890,0.10257496270616057
1891,0.32013658727623445
1892,-0.46443203737445793
1893,-0.4113046134152031
1894,0.3586958026434784
1895,0.3781797099006805
1896,0.22609431334366606
1897,-0.2428966675861135
1898,0.5399027327820031
1899,0.3728559638548572
1900,0.08325594322421481
1901,0.5823368440475358
1902,0.23449440792917503
1903,-0.04164655666293082
1904,0.45475865475793137
1905,-0.9574715416474304
1906,-0.5161882806154707
1907,0.2549231737966874
1908,-0.2701033670837256
1909,0.285993862687145
1910,0.048484062529776106
1911,-0.8706137050576748
1912,0.17948490687671498
1913,-0.4194501055413733
1914,0.308092657540816
1915,0.28750445143918923
1916,-0.46272532496227403
1917,0.3417652475323542
1918,0.6356639408558549
1919,-0.6371878512846401
1920,0.3421126493512333
1921,0.48609625969638415
1922,0.308092657540816
1923,0.16548160507637366
1924,-0.7379314424169305
1925,-0.4746164312004597
1926,0.2161897592360037
1927,0.38277056463823306
1928,0.37931442505862323
1929,0.14382217646797035
1930,0.270750255810377
1931,-0.21807578674642458
1932,-0.5336414062140005
1933,0.16326706508899952
1934,0.0406730384065046
1935,0.3812718543263577
1936,0.018029224918803932
1937,0.22622335627806367
1938,0.08467948920528123
1939,-0.6421356656009636
1940,0.13655156927269518
1941,0.12881705421559875
1942,-0.6556348928283928
1943,0.2732685509249863
1944,0.17599164827662295
1945,0.10657790372238052
1946,-0.2011688021136535
1947,-0.6949698411292573
1948,-0.0034027649367291968
1949,0.43938359404865646
1950,0.16225370968090597
1951,0.3425613702215374
1952,0.08901416630227438
1953,-0.46011361556239216
1954,0.48373037292627485
1955,-0.09119335446401688
1956,-0.5977203031002782
1957,0.30900974460670283
1958,0.4045017127707765
1959,0.016796422468016936
1960,0.16225370968090597
1961,0.16687378829934885
1962,-0.09285899026793787
1963,0.3598534698481718
1964,0.05470798646316283
1965,-1.2731215355021268
1966,0.2896096535963495
1967,0.21844780898100508
1968,0.39135012620261056
1969,-0.10669473962438458
1970,0.22015204037823216
1971,-0.6942265131673933
1972,-0.020635632413221305
1973,0.38460138872743643
1974,-0.020960729485434926
1975,-0.15869361495924839
1976,0.2882048296121735
1977,-0.6755315107789188
1978,0.3715257284050817
1979,-1.218171323919179
1980,-0.01838296252957089
1981,0.15321125972921634
1982,0.4075841893502907
1983,0.3090335120619806
1984,0.15970933696867984
1985,-0.43230365757807143
1986,0.3295976938216469
1987,-0.05872846636836038
1988,-0.43292685336491377
1989,-0.310532080480161
1990,-0.8794309118225139
1991,-0.10551605211627924
1992,0.38034193743353195
1993,-0.43730132841139624
1994,-0.004168895788335347
1995,0.7420662895982796
1996,0.4447508398444092
1997,-0.8403066723602663
1998,0.32828902370554425
1999,-0.46704397004082887
2000,0.522188321500034
2001,0.20868868133916413
2002,-0.03561281459055132
2003,0.5851807870315633
2004,0.2234177667342771
2005,-1.0233203439004706
2006,0.15523088180360128
2007,-0.6015600529148626
2008,-0.005021023055037155
2009,-0.3215681748090389
2010,0.2803769011953352
2011,0.3371180820952258
2012,0.329519590942054
2013,-0.20444977946599807
2014,0.31026603574873685
2015,0.27549920233029096
2016,0.5113950999839374
2017,-0.051203088626536
2018,0.4032146992410136
2019,0.29466842403056603
2020,0.2424385206721252
2021,0.40152701963408866
2022,0.24342330112403032
2023,-0.13891756096742103
2024,0.21303331254208413
2025,-0.42547943247119013
2026,-0.07184009454918117
2027,0.2785915167746086
2028,0.30821268827713666
2029,0.5451847697616792
2030,-0.26124489444683985
2031,0.5004813304326844
2032,0.08973455225326255
2033,-0.32531134281632257
2034,-0.4874343858895701
2035,0.3094563703942586
2036,0.27590712845898724
2037,0.2590971738065442
2038,0.4257462372059448
2039,0.13981170665039228
2040,0.5211086541718235
2041,0.4132081408762556
2042,0.3378464202848995
2043,0.0824917306289199
2044,0.24922181291739331
2045,-0.894970671515908
2046,-0.2538483775662288
2047,-0.25534906116565104
2048,-0.3126013539405541
2049,-0.39003456675554293
2050,-0.7147625959653512
2051,0.09705102037398139
2052,0.13682823327601135
2053,0.4297956471468332
2054,-0.15533043624937792
2055,-0.10551605211627924
2056,0.36675593162157377
2057,0.3005107049103491
2058,-0.9568406687942066
2059,-0.07771076989907622
2060,0.5502245633511125
2061,0.11978894815674557
2062,0.25108316039034423
2063,-1.1546051831511586
2064,0.7024682399210935
2065,0.20424029117021442
2066,-0.13856730128979566
2067,0.3931653466165419
2068,0.26029730664342354
2069,0.26771005408484266
2070,0.4407662250421373
2071,0.5099693421528169
2072,-0.41377374525125554
2073,0.15080180428317647
2074,0.32786108665210895
2075,0.12298187321507648
2076,0.5246886730115716
2077,0.46600800862108066
2078,0.21954932498631097
2079,0.670952509840789
2080,0.49428092224940584
2081,0.4098162239710369
2082,0.11166948795700904
2083,0.38435018961182266
2084,0.0862431203359702
2085,0.7939634603346852
2086,0.3048483604020875
2087,0.321199905488429
2088,0.49707066448705606
2089,-0.08044000035105392
2090,0.09093146758315385
2091,0.20498696243301762
2092,-0.8180351272512794
2093,0.2828634437056668
2094,0.22855854558495814
2095,0.5348706069699599
2096,-0.039788691386344444
2097,0.21109557685142089
2098,0.24172749165828303
2099,0.28871831904056744
2100,0.0015559626612916544
2101,0.2171420562941987
2102,-0.014537970861731142
2103,0.25327954697292443
2104,0.06941542329293404
2105,0.2881048439539867
2106,0.2148252915262771
2107,0.2549231737966874
2108,0.6947450799239292
2109,-0.849350268860368
2110,0.1077512567142681
2111,-0.30150922889332177
2112,0.1336173388032087
2113,-0.04052250432063287
2114,0.01236762337268954
2115,-0.7129430271781334
2116,0.31698048128780343
2117,-0.2843150858714878
2118,-0.059681567744907515
2119,0.17143829313964393
2120,0.2322971722721009
2121,0.24750952467423915
2122,0.19335675816908837
2123,0.14358823979395396
2124,-0.39364556820679475
2125,-0.8068870972217614
2126,0.47387833298821236
2127,-0.37142797755811885
2128,0.12769511994158317
2129,-0.7796350917257715
2130,0.18993422057324383
2131,0.096937457974897
2132,-0.04533168818576738
2133,0.44065389950313916
2134,-0.41325225649143693
2135,0.4093814963494818
2136,0.10330031562705966
2137,0.6165508357110595
2138,0.10131888952836549
2139,-0.10245532740512153
2140,0.022177308886850766
2141,0.23845238829928406
2142,-0.07194987630205618
2143,-0.3829166143555027
2144,0.23537812237257072
2145,0.2601666157444582
2146,0.3114143650601722
2147,0.13516765719105311
2148,0.2539328918100264
2149,0.48648260158628076
2150,-0.11094223679948512
2151,0.30698087515797745
2152,0.35737207173555924
2153,0.06588340492351263
2154,0.3964758315729393
2155,0.002331638149739912
2156,0.3815634874753895
2157,0.3482677900985139
2158,-0.8309740920459452
2159,0.02022573735314881
2160,0.32470040174993
2161,0.5652928333963317
2162,-0.5677295829808544
2163,0.32470040174993
2164,-0.44484051590129137
