,pve
0,-0.014989054420129488
1,-0.053683171466904045
2,-0.04705575125044481
3,-0.13581931646930556
4,0.1087704317671842
5,0.08414017923237582
6,-0.35735487979489067
7,0.11798246999079454
8,0.011276048900377034
9,0.022210236293331076
10,-0.04058362598554327
11,0.06177325709896009
12,0.036073614551611954
13,-0.3327504782530002
14,0.01803045596936928
15,-0.01006885705191507
16,0.00726577156578756
17,-0.04357491413176051
18,0.05970297189635565
19,-0.006626593832016914
20,0.04323677819531535
21,-0.049731684601836856
22,-0.06937034862407221
23,0.06208522448630449
24,0.05224857322835097
25,0.003313725694430558
26,-0.07784158872214886
27,0.01827515676084121
28,-0.09522119986293465
29,-0.03317721097399784
30,0.01603193770478817
31,-0.06616466398097842
32,0.02897512707858818
33,-0.07288529726927001
34,0.004262729182231806
35,0.026407668971284576
36,-0.08709453563066893
37,0.021562361776969796
38,-0.010045294138346872
39,0.009767951451002288
40,-0.15579895011036182
41,-0.04077989105931201
42,0.03179779375225383
43,-0.0576895282607891
44,-0.12845218864645436
45,0.005182731500695925
46,0.08922130067374129
47,-0.004213826397701681
48,-0.007219093922023689
49,0.02561552074143522
50,-0.009736605687771238
51,0.042622618391184364
52,-0.16824608237692767
53,-0.05380893270497
54,0.17154299761761738
55,0.08472602222892356
56,-0.0021720762301018492
57,0.026974574034076937
58,0.1412917415167585
59,0.002655253708486849
60,0.06739913664646546
61,0.03991605788558372
62,-0.048609605385649346
63,0.035708349957408014
64,-0.047922251760730616
65,0.02446571713174825
66,0.027334319207085234
67,-0.0947258139665843
68,-0.044991371379387524
69,-0.024585540965219366
70,0.05850205727321445
71,0.022025540625895068
72,-0.23049532174715304
73,0.031628080390099456
74,-0.018459529096191307
75,-0.06233895797952671
76,-0.04064224368668651
77,-0.009031679393104008
78,0.01700757999290109
79,0.015249035050827087
80,-0.011263888909966546
81,0.1927862189394558
82,0.04497147032308224
83,-0.021345882072587585
84,-0.02318335174661057
85,-0.20139469847978536
86,0.0557803984793423
87,0.029619036062560944
88,0.03712975214931247
89,0.08160625915007225
90,0.008337367261271156
91,0.0488975075529684
92,-0.056335447202136235
93,0.03251247225320686
94,0.06163874484847387
95,-0.04974468656747444
96,0.020125642649087228
97,-0.006939624422854229
98,-0.009491520391753883
99,0.022025540625895068
100,0.0030096954962895994
101,-0.08530673368050362
102,-0.15735401012760553
103,0.01613774721800998
104,0.032999742797380466
105,0.057718763403752815
106,-0.16252865904260944
107,0.014041146137021343
108,0.016355068158565633
109,0.09315679499214707
110,0.0484343013882349
111,0.014609094919334153
112,-0.05386667137544404
113,0.019984313188056685
114,0.034225991353368845
115,-0.036761639309297545
116,0.07170377535098046
117,0.0311218877873643
118,0.11822118924303715
119,-0.15084319007406788
120,-0.04393015511120413
121,0.0024678560684067152
122,-0.027024835591820062
123,-0.11894820872202594
124,0.026006604861184557
125,0.09377347900584665
126,0.12473961571618469
127,-0.06733276351237466
128,-0.05110801650880731
129,-0.5580301075377238
130,0.05805470357966913
131,0.12447170057323409
132,0.006005524191412981
133,0.07039224748863027
134,-0.11422993380026714
135,-0.006760929383254566
136,0.012866414143334115
137,-0.029025038422559768
138,-0.03418606392343926
139,0.07293442360570634
140,0.10256752201482522
141,0.06868088836118946
142,0.03228756765236762
143,-0.024461728747406097
144,-0.022757606407790898
145,0.11162039555491315
146,0.09869027008393372
147,-0.1440321235539419
148,-0.04891455607633732
149,-0.1016131366100772
150,-0.018426535242765163
151,0.06177325709896009
152,0.005470965473260314
153,0.16331110272195826
154,0.14432794772546975
155,0.008822211395928758
156,0.15883803154149567
157,-0.05977227244567035
158,0.009545234131294156
159,0.07511410236116106
160,0.09187814851472709
161,0.036073614551611954
162,0.014054379980227905
163,-0.03976463207905767
164,-0.03642185339963949
165,-0.044286577839026675
166,-0.05367135971444248
167,-0.03955195035511361
168,0.02671536877652808
169,0.10048538988068645
170,0.10738615743116275
171,0.09027078933358179
172,-0.15718683076684403
173,0.09070417350021387
174,0.03617764996577705
175,-0.22380361331314802
176,-0.11166491200087747
177,0.0626981309777494
178,0.064899119106825
179,0.022876619657116293
180,0.030142168497051314
181,0.04682886606275638
182,0.07405202286743506
183,0.026996727960487354
184,0.022273570316789587
185,0.03652751569248497
186,0.03817938270740889
187,0.030070686163521376
188,-0.04396656417216116
189,-0.038144893553994974
190,0.05672400308147263
191,-0.03072121376552539
192,0.03232828695609036
193,0.15951193601102243
194,-0.05274978826153842
195,0.09298973112280318
196,-0.07803448175991912
197,0.016564617931027592
198,0.014557472272886174
199,-0.06288672861873673
200,-0.0036001931266558262
201,-0.0009194755055805803
202,-0.0401779238205775
203,-0.0728330134126065
204,-0.04871973159307874
205,0.01703436854848861
206,-0.006785006502273649
207,-0.02493229134622421
208,0.04575429747943238
209,0.11205148718720759
210,0.029337880967867436
211,0.03826114048010887
212,0.02707081589683108
213,0.10253840454140328
214,0.008413215710844635
215,-0.04500085603230908
216,0.004690672816531238
217,0.13309299774472033
218,0.15094088699924185
219,0.01035715416957983
220,0.10760646277264324
221,0.07839368696564863
222,0.1052914411084987
223,-0.014189296444782173
224,0.003359038476296816
225,0.05548950122862023
226,-0.020966707379480143
227,0.02897512707858818
228,-0.03147239743193364
229,0.0438834944412585
230,0.008599495433998072
231,-0.030710713301091097
232,-0.01486571510594148
233,0.12970063792739872
234,0.009630725209448132
235,-0.003246551279137644
236,0.021435020124841664
237,-0.03853471691190391
238,0.03056609896335094
239,-0.009493170516253202
240,0.021791437988503665
241,-0.08773394794558409
242,-0.0008086178739881156
243,-0.10851101599035395
244,0.10380307106393072
245,-0.1482097407436631
246,-0.07421670024113092
247,0.03256051840445831
248,-0.08580508804006537
249,-0.035139253675474436
250,-0.04575218733089481
251,-0.3418348579485657
252,0.045725847826838195
253,-0.21609582734083388
254,0.004437077979535631
255,0.0021855261701767548
256,-0.0661305439644897
257,0.11813782334322726
258,-0.11279807351207949
259,0.031024585450930703
260,-0.009161802556778342
261,-0.07536730370849426
262,0.11994240713219073
263,0.014085373101723475
264,-0.05408332549159689
265,-0.024155824265817416
266,-0.06919323103150998
267,-0.07041002709965138
268,0.11496052889254416
269,0.04155942101243221
270,-0.11279807351207949
271,-0.03955581338343417
272,0.05442996435241165
273,0.012166829869003026
274,0.16509638710135233
275,0.055844894185347826
276,0.025010145618915125
277,0.10293292862706704
278,-0.02143196500163269
279,0.03190524773537984
280,-0.16679657175146112
281,-0.1573230356954346
282,-0.04002717476267659
283,-0.2828308645158457
284,-0.0045233136913745975
285,-0.02818008086885243
286,0.06401928744319152
287,-0.04838362759650938
288,0.007655565758687699
289,0.16808441796150464
290,0.008242385286075682
291,-0.0033951562245340128
292,0.0025806175693408318
293,-0.0606811571222049
294,0.11739633467146515
295,-0.016121792680012903
296,-0.24711017073018327
297,0.001245159641599991
298,0.013968804011226799
299,-0.07993659100455669
300,0.2881590838857188
301,0.08339841234789508
302,0.011918776145910637
303,-0.07918831309102176
304,-0.021007904981498293
305,-0.037217890067167025
306,0.03348475386881963
307,0.08431635897326334
308,-0.0037325555396211796
309,0.12184156049837436
310,-0.004939653114355014
311,0.012003579957613919
312,0.04187454975742824
313,0.03810330839479037
314,0.008921274718617922
315,-0.023448229743430082
316,0.021966168787278917
317,0.07315671264340584
318,0.03568428041532673
319,0.007250685737775264
320,0.013703716600198035
321,0.10407553642546896
322,-0.024796438390025766
323,-0.10702257471473176
324,-0.10847248593936465
325,0.0044165704033870545
326,-0.04777076845197126
327,-0.019021982452508412
328,0.013968804011226799
329,-0.1676781007187571
330,0.11949980458293885
331,-0.14672322982356778
332,0.021399706446249445
333,-0.025205942125929748
334,0.06642779717603942
335,-0.030674485578740973
336,-0.056241046968061426
337,0.04204671967598905
338,0.16431896464562196
339,0.011218667094323842
340,-0.2059195927174723
341,-0.008124406725375732
342,0.0271098233499715
343,0.038646664112286566
344,0.028545245070469794
345,0.06702544381988718
346,-0.04660280017935747
347,0.009709524350372034
348,0.05018863864217754
349,0.03403774172555207
350,0.0756300310935637
351,0.09377347900584665
352,0.014406810050941354
353,0.018105976807586188
354,-0.01924432338000759
355,-0.06375044497585836
356,0.0006390449991568459
357,-0.05228373923771318
358,0.025695950531753498
359,-0.07970065341575572
360,-0.2193258862176315
361,-0.022847941847165987
362,0.04444346644010186
363,-0.05601240408758246
364,0.17592577781924856
365,-0.07266194676663562
366,0.15281302466597063
367,-0.2218401231996706
368,-0.09227416660107357
369,0.013997936300946756
370,0.06948908577840918
371,0.14843864014262942
372,0.01042804213941717
373,-0.07257108536081502
374,-0.012229880488254352
375,0.10536950771258047
376,0.006216597588171613
377,0.042885006772973744
378,-0.015362547950969252
379,-0.0014378978498231776
380,0.030058127050749867
381,0.01129369015220158
382,-0.05319455083928015
383,0.03428275577887663
384,0.16095044516714652
385,0.0637255220654922
386,-0.030605068562683857
387,-0.12691581345543407
388,-0.0648126654756605
389,0.014171688307007324
390,-0.11249995938053181
391,0.06027391426200879
392,0.10681510871191388
393,-0.03918871194839313
394,0.012272921990329644
395,-0.06684128503078834
396,0.003808254764210428
397,0.04022377030032154
398,0.12029841922134499
399,0.025020774663926992
400,-0.017112221146024176
401,-0.06312911470771065
402,-0.012902607842232294
403,0.025080491318571874
404,-0.08561065399942969
405,0.09263292759210862
406,-0.05040208741153329
407,-0.018965682922010285
408,0.034074478127592456
409,-0.03841055314258934
410,0.03642667183936449
411,0.09930917310671294
412,0.04665165824366119
413,0.04152321490214228
414,-0.04351980362927099
415,-8.252389821017392e-05
416,-0.040794863578561824
417,-0.06398661891580959
418,0.07292950544762267
419,-0.013327838986118334
420,0.06848223546324683
421,0.0053226374678729815
422,0.10071999961113887
423,0.07298551453931945
424,-0.019032114155696833
425,0.011912421798977224
426,0.16621884114041463
427,-0.07314492004638717
428,-0.13718505272608095
429,-0.08176610885018987
430,-0.0031818090204569494
431,-0.07743497364921098
432,0.011136527682279906
433,-0.3477622794310288
434,-0.14204790300504255
435,-0.12825363753394525
436,0.011323420269367723
437,0.004900593635005612
438,0.047793031847228606
439,-0.029137303036716855
440,0.015951196252247835
441,-0.06964433854051211
442,0.00914286084845961
443,-0.09843848511396325
444,-0.014062757982257867
445,0.1180632718333342
446,0.03629666853635094
447,-0.009195371718384693
448,-0.03797754280863097
449,-0.048208782888970236
450,-0.0410777187812697
451,0.02448961887126122
452,0.02072217659598352
453,0.0029103479344161354
454,-0.014104197646590544
455,0.028807535630743786
456,0.014910855521914318
457,-0.03924259103396199
458,0.10477402458835366
459,0.047672957964307094
460,0.01990381533941321
461,-0.09024840224214614
462,0.005241203998311489
463,0.004762049108090638
464,0.041621647439957554
465,0.05508437153703272
466,-0.0034589650316599885
467,0.009789663265371118
468,0.08901289180733885
469,0.016745230632786656
470,-0.10529864423892432
471,-0.047909821147836706
472,-0.01870528260262494
473,0.03817938270740889
474,-0.017569022848566207
475,0.019457624088582204
476,-0.05595949746136197
477,-0.1769942204605348
478,-0.09700471720082837
479,-0.2763500270601381
480,0.26311567041480743
481,-0.02478627503013442
482,-0.07646806507681159
483,0.003404308619680274
484,-0.02989297084983955
485,-0.10176351771608683
486,-0.02994446767453085
487,0.023522875915470143
488,0.03864807419811428
489,-0.07244647974618079
490,-0.04185342505910483
491,0.14386811241709796
492,-0.08764496573988917
493,0.05566703290205954
494,0.09456675882546389
495,0.033233941248531046
496,-0.09283841232030998
497,0.024659330792165812
498,-0.07828451951368759
499,0.12197230764435296
500,0.028932040100360323
501,-0.05070802343063868
502,0.15585397298999226
503,-0.22316164706818398
504,0.0030808927283260124
505,0.002245683577303259
506,0.05417166970911447
507,0.1623581431451866
508,-0.012108315805645975
509,0.05797341775580722
510,0.04566041389451725
511,0.052710986355059164
512,-0.027399120824164735
513,-0.0514600802257823
514,0.029446571376750996
515,-0.04721789717952174
516,0.03052257131738667
517,0.06630409541206894
518,0.014909968337212032
519,-0.04631089179846515
520,0.006231436796493628
521,0.009545234131294156
522,0.07339986183991254
523,0.03054110756639916
524,-0.06825566422883877
525,-0.011331455878233032
526,0.0029400726741487526
527,-0.1427353438120158
528,-0.15215598231829586
529,-0.05283300562993054
530,0.002167185663735638
531,0.12709049555097895
532,0.09942968352926429
533,0.03282287098957681
534,-0.025872868423541417
535,-0.08239222030489335
536,0.013340009536399466
537,-0.028714815588923026
538,-0.0933546681592563
539,0.1978442358797906
540,0.043530476979844246
541,-0.0140243601754797
542,-0.01962200998005481
543,-0.006396616992480952
544,-0.0016075431284497954
545,-0.015362547950969252
546,0.009513719652096242
547,0.015092962951940514
548,0.002204418908072797
549,0.01801086864355128
550,0.14770340074392552
551,0.0263032882052201
552,-0.019601572225134034
553,-0.11331041492212157
554,-0.0030011611989084475
555,0.09435872042501398
556,-0.010488435611248459
557,-0.09468882559056735
558,-0.024112386788410434
559,0.011435021778619714
560,0.018322161871575204
561,-0.07426450161309939
562,0.014529128203625286
563,0.04327884800930609
564,0.020465563153181765
565,0.17918637477642363
566,-0.011878705684698843
567,-0.03354471236741652
568,0.11390663570167225
569,0.026010526572353254
570,0.02346600898306908
571,-0.019010823016685663
572,0.012895898441493914
573,0.023721148353897437
574,0.0090331999168346
575,0.20410822589435568
576,0.0028633781981876327
577,-0.11586206937626231
578,-0.010212609752253188
579,-0.0023150826228013344
580,0.06349093631911373
581,0.10580548099176568
582,0.07880419759705037
583,0.015211037477707523
584,-0.2542284829839794
585,-0.14492154751210085
586,-0.03812059715996996
587,0.05708110192000304
588,0.05622446653627483
589,-0.001883665609319074
590,0.08736907303887387
591,0.29616726741563226
592,-0.13995192985021176
593,0.025205531051445573
594,-0.15769163226677652
595,0.14244448167964419
596,0.007525966358596814
597,0.027070122908439798
598,0.08659008837390947
599,0.09484774686789238
600,-0.09078827122104993
601,0.06401943355777295
602,0.09438547124478958
603,-0.06663903758335965
604,0.0004930148371330434
605,-0.0282359937212443
606,0.05508437153703272
607,0.06916903966451027
608,0.09360259292853812
609,0.01856834541902655
610,-0.04278372818359566
611,-0.0016363251319569394
612,-0.05533181397909731
613,-0.002711149342558561
614,-0.09429369999968945
615,-0.05015199528749703
616,0.030116308806862946
617,-0.08724593965515393
618,-0.07035435421015657
619,-0.0888438068682671
620,-0.28929327779853975
621,0.052710986355059164
622,0.04305791755516497
623,-0.024223650682792863
624,-0.042511049753064856
625,0.0076974096577048234
626,0.054438439114058434
627,0.005308649656344283
628,0.018261880951132237
629,0.003899089246585774
630,0.012677146380424276
631,-0.013549460201966235
632,0.020602417218861357
633,-0.0029846361927222675
634,0.00699098427466649
635,0.11964732740044504
636,-0.03855391686760423
637,0.24409552606552964
638,-0.06109464306109014
639,-0.034045831032426754
640,0.016247888271588462
641,0.2192356340303433
642,0.015447020240591969
643,-0.11700694844030479
644,0.13789759340426844
645,0.019113288498618625
646,0.030237571263609153
647,0.12597466712420646
648,0.012873793484031615
649,-0.07021326688646656
650,-0.10136977778462342
651,0.019782274039734093
652,0.03666977648128089
653,-0.05721961570403489
654,-0.07421670024113092
655,0.002812338530150449
656,0.03676432600438312
657,0.01913269046241224
658,-0.0029169922405157256
659,-0.03245524385816301
660,0.1087704317671842
661,0.025010145618915125
662,0.0015974349369865942
663,0.10738615743116275
664,0.02731111918437476
665,0.05129619361370985
666,0.08265929332565225
667,0.056243175076603646
668,-0.060559500521381926
669,0.04478957436481734
670,0.017708500424070905
671,0.006047009434694661
672,0.09549973584820959
673,0.03438510146808693
674,0.0054836105876381325
675,0.18039236681824267
676,0.07912047627344132
677,-0.006997920628021043
678,0.0015500547620629357
679,0.07573288679130713
680,-0.04515186188843856
681,-0.12691581345543407
682,0.09328335861868708
683,0.024880583393392164
684,0.07102333805378869
685,0.08056721255893584
686,-0.08935142262324713
687,-0.1030807748396192
688,-0.27610124174736494
689,0.020065544701949767
690,-0.1205108422176796
691,-0.0979278159624648
692,0.03583216437937192
693,-0.11876956559529572
694,0.035367478951708664
695,0.006748366696019217
696,-0.008088742730805842
697,0.08206634694403081
698,0.17042538385832118
699,0.03542091582651874
700,0.10459370247718247
701,0.033198017894117804
702,0.06183779495593883
703,0.10862903866663032
704,0.0009898110842723185
705,0.27101947498090595
706,-0.018745144790211832
707,0.02778220044534241
708,-0.042479861023452914
709,0.03798993412172724
710,0.008147775363033682
711,-0.00883282631536686
712,-0.031146214766788693
713,0.04129101440392702
714,0.16394064920661222
715,0.09005625045607868
716,-0.047069446219691224
717,0.030967702541735753
718,-0.008674415425866278
719,0.014027904367538369
720,-0.0010324645633078
721,0.008517515069295767
722,-0.00015152763244663525
723,-0.03371904959220551
724,0.03083021221418969
725,-0.02681859486276772
726,0.05901056011698147
727,0.008793177935101704
728,-0.02926849548789212
729,0.00514590845945867
730,0.13373743250806513
731,0.12577941295356632
732,0.0580715928322334
733,0.014557472272886174
734,0.00043068485350716834
735,0.0006200208053971368
736,-0.07237438619015679
737,-0.02726311474448928
738,-0.0958813926826465
739,-0.004540268457880359
740,0.011218667094323842
741,0.007032111697798604
742,0.008395431530763553
743,0.008242385286075682
744,-0.22436351833787582
745,0.1229316441321876
746,0.008873707789101931
747,-0.11314075564701942
748,-0.011082429645627667
749,0.005668032012739355
750,0.05069149149801655
751,-0.031800790921593824
752,0.08552659344887753
753,-0.13456111751344968
754,0.0044298391686059535
755,0.03149166047138663
756,-0.07532974075949128
757,-0.004475254760426983
758,0.03503854945717061
759,0.07215153247959749
760,-0.021194849246573
761,0.026396181090041604
762,-0.07244682675278691
763,-0.06103644737377473
764,0.024166370001672877
765,0.11334054276330852
766,0.01010654725859006
767,0.005344215222379323
768,0.05656225958754063
769,-0.05361267940331771
770,-0.043210908680556104
771,-0.02928084777731288
772,0.12767138190034988
773,-0.023635001991187066
774,-0.0008086178739881156
775,0.007818240286637995
776,0.0007470285713352398
777,-0.016262157480434525
778,-0.03026858571881652
779,0.02878347830686756
780,-0.047979277601530756
781,-0.08435459849549409
782,0.030009515598275915
783,0.0834009000356748
784,0.12605844703012303
785,-0.048216162216326075
786,0.07689422003219054
787,-0.09771738972299393
788,0.06810106057599186
789,0.01792383018023183
790,-0.05210011398846037
791,0.003071870377392205
792,0.022705879882278623
793,-0.008747455208196642
794,-0.14192356218401547
795,0.011077126698708445
796,-0.09972045693527276
797,0.08251136888328081
798,0.016310663853254692
799,0.03734676500821854
800,-0.10482841276734778
801,0.06472784311519841
802,-0.09119609653630323
803,0.054039133556334384
804,-0.04303800440179817
805,-0.07468349173669475
806,0.05243869392802472
807,0.09178147067245157
808,-0.32204993983782476
809,0.07260052191147015
810,0.07626217293904058
811,-0.03561445358517856
812,0.011279260032729499
813,0.06707244254678685
814,0.027000194525937327
815,-0.0004999736546369982
816,0.1199068773536951
817,-0.03596441437076997
818,-0.01185432938820652
819,0.020849907208102203
820,0.16799700081035218
821,0.015030941949262133
822,-0.012956947444630718
823,0.027519192350191235
824,-0.02046149921088053
825,-0.11279807351207949
826,-0.03275477881782385
827,0.07030568366335221
828,0.01604905018669206
829,0.08714199401668354
830,-0.010832205770683556
831,0.029048155064483716
832,-0.041146196704628935
833,0.09430777871502172
834,0.1468439399407292
835,-0.03401867405172443
836,-0.0371376406442705
837,0.051532455548908424
838,0.06359780713694252
839,0.09458121213942594
840,-0.052278714087760414
841,0.09506620168752078
842,-0.10891641527188489
843,-0.105315768169406
844,0.019375898428053734
845,0.056571137934691484
846,-0.01060618871771879
847,0.02389850125801113
848,0.13555444913121684
849,-0.048800931774693745
850,-0.06040566014478266
851,0.17042538385832118
852,-0.060793338197839164
853,-0.07820503981263549
854,0.03730755549197848
855,0.010548195111774739
856,0.013653624073557358
857,0.01333248662552916
858,0.11622354136188284
859,-0.10002748311928622
860,-0.005789967183130518
861,-0.11387490520725452
862,-0.003864954937293774
863,-0.0014815699737932841
864,-0.012018187903364508
865,0.0018739685611008916
866,-0.17018019247461502
867,-0.1600404916608147
868,-0.02476912610935378
869,0.10947208061669189
870,0.02497572056035202
871,0.013990548821279813
872,-0.051346574088972696
873,0.0008871662939275993
874,-0.009323273594884052
875,0.1066215667791468
876,-0.17061670708873866
877,0.07552239583430609
878,0.10820485238776234
879,-0.05791120732589883
880,-0.14991888160121492
881,0.17387546421921662
882,-0.02609087500708418
883,-0.029159409135328107
884,0.01604905018669206
885,0.014604794313733183
886,-0.13035003045373195
887,0.10038522134320216
888,-0.002348353817588522
889,-0.04254340876901458
890,0.040966410053486224
891,0.03826014312255881
892,-0.017090391207002176
893,0.1142497540586157
894,0.009545234131294156
895,-0.011934523009755615
896,0.014609094919334153
897,-0.10400839399450934
898,0.020549139123085924
899,0.022896605757899535
900,-0.08638201550862368
901,0.021299845139216123
902,0.005773105138178636
903,0.025855336540283852
904,0.04238138728326782
905,-0.2142595693218472
906,0.0530808592965738
907,0.05836691103327529
908,0.057537359850819425
909,-0.06686740886595544
910,0.1222305477215313
911,0.020375783590780072
912,-0.06727899138069487
913,0.10686233599324957
914,0.0383879252245139
915,-0.2250615842682987
916,-0.051897055412004955
917,-0.09124415404452657
918,-0.029536762813692663
919,0.1492570801378471
920,0.07990572277043234
921,0.02544203394287564
922,-0.03676146325828977
923,-0.10370505528229734
924,-0.07436844807435605
925,-0.02354219121686918
926,-0.05216125892951645
927,-0.009587669523332454
928,-0.06448802457364766
929,0.12486591411656994
930,-0.1407732900913298
931,0.01425749043303004
932,0.053883070494021856
933,-0.17630868297396496
934,0.023463857381948672
935,-0.09595866491510507
936,-0.002282991686825553
937,0.029277276600946575
938,0.0001212905850128676
939,0.046784828040438264
940,-0.14991888160121492
941,0.09026876265368156
942,0.1135163732694191
943,0.04091106307967757
944,-0.011953720737608475
945,-0.0020279655943267194
946,-0.12808006727630927
947,-0.04827282354795848
948,-0.15579545607498813
949,-0.00866040933534662
950,0.050032222748911837
951,-0.07714896588229792
952,-0.03749962304981069
953,-0.13995466590876549
954,-0.011932897425764588
955,-0.11779156297720239
956,0.031132685758247874
957,0.14014452682800504
958,-0.07582321472125375
959,-0.016963025147300304
960,-0.29553195862781634
961,-0.026621016410661613
962,-0.0510204804001404
963,0.035332397088142065
964,-0.006530317245123096
965,0.0004683006001984097
966,-0.06280071894911621
967,0.0017750261906804843
968,-0.04116613805138969
969,-0.01641527216621208
970,0.08808207634937101
971,0.02649366504063322
972,0.01608811269417021
973,0.13856777769076833
974,0.01566127720798835
975,0.018765015265061524
976,-0.0916572217266115
977,-0.04398431174924594
978,-0.06731503661453542
979,-0.016413574040254342
980,-0.07728983884349366
981,0.08297138420089445
982,0.003034498631540594
983,-0.20135290623486313
984,0.011150056305644807
985,-0.0031593110957610637
986,0.11026009623024158
987,-0.16316354027271607
988,-0.09119609653630323
989,5.7536176935824024e-05
990,-0.08018080657104759
991,-0.08459537062649097
992,-0.0016363251319569394
993,0.04917230631885228
994,-0.013780958494007844
995,-0.116087067465934
996,0.1579175882225996
997,0.016217345169350972
998,-0.041371017898086504
999,-0.01356088540060063
1000,0.0560595739161448
1001,-0.07271492444397964
1002,0.01749377030414162
1003,-0.07097105780670554
1004,0.07671213916101366
1005,0.05927918330419257
1006,0.017723175629073468
1007,0.050335203252404204
1008,0.011763748383141676
1009,-0.03021673211000986
1010,0.07963227001519235
1011,-0.04859059662022247
1012,0.021897707924779963
1013,-0.07228404518365117
1014,0.11000843829027274
1015,0.05099360768108341
1016,-0.30751009711244515
1017,0.03605047687138441
1018,0.07273718009978303
1019,0.06648281484901913
1020,0.014956250988470948
1021,0.047946605584012536
1022,-0.06697701041885162
1023,0.3307806646559276
1024,0.026647355337924478
1025,-0.009093094313654959
1026,-0.06169867663122186
1027,0.06887529319191993
1028,0.05243869392802472
1029,-0.024796438390025766
1030,-0.010550892938511525
1031,0.04198672419226157
1032,0.012266041407320238
1033,-0.036866152867535806
1034,0.09619724415749897
1035,-0.17405330724553592
1036,0.12978689651756356
1037,0.09684837277290159
1038,0.04024813510306835
1039,-0.030961454380148412
1040,0.0669110199499684
1041,0.05552759786745087
1042,0.14417922232056368
1043,-0.1042246802590201
1044,-0.015350143159117868
1045,-0.001326491094847504
1046,0.0025801902191666948
1047,-0.022871911011164925
1048,-0.00826064643625013
1049,-0.0030011611989084475
1050,0.12059901989617072
1051,-0.0410777187812697
1052,0.0036686499631360947
1053,-0.035139253675474436
1054,0.07813052461068432
1055,0.018922867012063638
1056,0.019346354247235298
1057,-0.0010311443139601195
1058,0.07252847386425898
1059,-0.050934397635431505
1060,0.014440442352324334
1061,0.09365815929228949
1062,0.06015292140144313
1063,0.007675385474912921
1064,0.01903089146642023
1065,0.024057671237247225
1066,0.08545073615663817
1067,-0.03013270452344996
1068,0.04396597622068499
1069,-0.013966046015626232
1070,-0.013242476118833446
1071,-0.007386921899568466
1072,-0.030923657932553805
1073,-0.0248633332129905
1074,0.009386321494582933
1075,0.012607513343278809
1076,0.11647591057277007
1077,-0.02920738373472065
1078,-0.23028064967982098
1079,-0.07949894853613737
1080,-0.01920748942499423
1081,0.3316963853499698
1082,0.024497198442199553
1083,-0.021007904981498293
1084,0.00948788207415907
1085,-0.07178054909807585
1086,0.08861145520232833
1087,0.027245588599274798
1088,-0.04463336343398511
1089,-0.046657536469383976
1090,-0.019577497393624355
1091,-0.0016363251319569394
1092,0.08483289969276087
1093,0.11980150413181112
1094,0.015686262568153087
1095,0.0009030653955169887
1096,0.005740656129735872
1097,-0.02961397876468891
1098,0.049710206743397156
1099,-0.00937002342134674
1100,0.11652343496487466
1101,0.050716929263785904
1102,-0.036236930786934574
1103,-0.00012950561296021235
1104,0.030411115661094
1105,-0.005867607099206029
1106,0.01648908361127699
1107,0.027990043396448283
1108,0.018099544642734056
1109,-0.0029292102651790053
1110,-0.06805178042949067
1111,0.132801250723249
1112,0.08402203259766888
1113,0.014669756836625636
1114,0.1499981418312566
1115,0.03375945023269644
1116,0.07481256757323251
1117,-0.06309262683934169
1118,0.05693697286247257
1119,-0.07473425450407767
1120,0.01819516887888184
1121,0.010829017635408222
1122,0.011702764453692394
1123,0.07511003653038228
1124,-0.014752890703551791
1125,0.06864695991163017
1126,-0.13266194494350925
1127,0.14805236964342572
1128,0.03942354365682066
1129,0.07406058351515482
1130,0.28351065259519503
1131,-0.014981033140932243
1132,-0.0669492723625511
1133,-0.09489119942312385
1134,-0.024796438390025766
1135,0.08677239768624401
1136,0.15481208474937358
1137,0.038244252005520785
1138,0.018702290916588205
1139,0.004856010189800308
1140,0.04464986133112614
1141,-0.05656993340343908
1142,-0.0014566449668945713
1143,0.006585013889816471
1144,-0.08958102614200047
1145,0.13399822597554967
1146,-0.15856119489107817
1147,-0.0028395575604002188
1148,-0.038236670353248625
1149,-0.04713047129939385
1150,-0.05747320166119141
1151,0.006616888555302458
1152,-0.09090387757970031
1153,-0.025929021309039624
1154,-0.09403766890678944
1155,-0.10528546011469264
1156,0.11118212193045973
1157,-0.2887818165150573
1158,0.10538849117251103
1159,0.056112429685152676
1160,-0.08764496573988917
1161,-0.02961397876468891
1162,0.03176306748472901
1163,-0.02273744258042651
1164,0.028714982779089016
1165,-0.10099215808563511
1166,0.026693981206774797
1167,-0.24571127013350358
1168,0.07196264290380278
1169,-0.2228582766704772
1170,0.04574254626373225
1171,0.05691183503886177
1172,-0.08588254457309308
1173,0.028034380838883766
1174,0.17503268735106048
1175,-0.013836001532244846
1176,0.09389661014486406
1177,-0.02204785147118793
1178,-0.14492154751210085
1179,-0.016653691606881127
1180,0.07772325663728286
1181,-0.22653452917901573
1182,-0.09078827122104993
1183,0.008685661200202754
1184,0.05570469654251564
1185,-0.046048210844859994
1186,0.1104748414822112
1187,-0.16587508049806954
1188,-0.029222318960134275
1189,-0.08106369761805254
1190,0.1853274184062561
1191,0.005461708835796164
1192,-0.043481138144951526
1193,0.08285575973789838
1194,-0.024081375254816795
1195,-0.04618465357677848
1196,-0.01794004255511028
1197,-0.012339772747506195
1198,0.04254960251371054
1199,0.02389850125801113
1200,0.022773155246667592
1201,-0.048208782888970236
1202,0.17042538385832118
1203,-0.1676781007187571
1204,0.12137169191050756
1205,0.09070417350021387
1206,-0.10597200580985033
1207,-0.08016737621382353
1208,0.039765090689967225
1209,0.0399862062751572
1210,-0.08105992518788585
1211,0.054063851347900926
1212,0.19318317640027782
1213,0.05885668135566735
1214,0.029560972786252693
1215,-0.03899147151152632
1216,-0.04874726163519638
1217,0.07135341780378956
1218,0.06733530179639069
1219,-0.06727355452442096
1220,-0.06942802831965023
1221,0.08244333708431317
1222,0.02766836206867518
1223,-0.0833021284133646
1224,0.0027085217548910023
1225,-0.13190267378822662
1226,-0.023456339841936513
1227,-0.11854130996050827
1228,-0.11686886147543685
1229,-0.011419953205193234
1230,-0.059760436297204234
1231,0.03966436223529218
1232,0.0009488984810065784
1233,-0.009561258902810565
1234,0.02008923844438848
1235,-0.06402796185248505
1236,0.03435016974784405
1237,-0.15583461713687752
1238,0.010147305330300838
1239,0.03891721597378406
1240,0.10074478192872638
1241,0.02516074080339481
1242,0.16534360027127443
1243,0.017825968304084783
1244,0.17271654238366718
1245,-0.1782198018055594
1246,-0.013969826984057576
1247,0.034403148584514265
1248,0.015337125103601246
1249,0.019865926083423413
1250,0.06312362839757624
1251,-0.026527176080814452
1252,-0.02043562099967733
1253,0.05377266398958591
1254,0.000944045374878133
1255,-0.014746921132628321
1256,-0.02992808301246086
1257,0.10270872102631201
1258,-0.046176425794661524
1259,0.029468150714131447
1260,0.024219907598213963
1261,0.04015843930545271
1262,0.08325736331792782
1263,0.059550800091634604
1264,0.03203891316343924
1265,0.01877620373945843
1266,0.000944045374878133
1267,0.10154699627383401
1268,-0.052798184537335646
1269,-0.04685841988356204
1270,0.17047175518090285
1271,0.014944134318481184
1272,0.21137560453750437
1273,-0.0618028784935899
1274,0.07457051685828187
1275,0.1393152119157507
1276,-0.02928084777731288
1277,0.08240102397366467
1278,0.029427718743336828
1279,-0.21743410072672376
1280,-0.030562036685063854
1281,0.013636908530409664
1282,-0.07271492444397964
1283,0.0024862766761788446
1284,-0.08382026813397159
1285,0.1443296047852154
1286,0.050042218586209775
1287,0.031374039894003
1288,-0.34561725940011734
1289,-0.0011944659725852125
1290,-0.07988766533964853
1291,-0.12058802293269544
1292,-0.03719218263443702
1293,0.005204767367660096
1294,-0.012584989780940803
1295,-0.20985711763195503
1296,-0.003675301021183186
1297,0.0249151259478107
1298,0.03303350091527307
1299,-0.09248326744557006
1300,0.1087704317671842
1301,0.02129275790011953
1302,-0.09568496521929881
1303,0.1167315925239874
1304,-0.03130593368868517
1305,-0.1647010287770465
1306,-0.041922570695494654
1307,-0.13627252294782977
1308,0.03175002736146809
1309,0.039645388534075954
1310,0.06032054294912398
1311,-0.021928394723213063
1312,0.0012498117549538668
1313,-0.1573230356954346
1314,-0.05704303967093188
1315,0.15037855398734506
1316,0.06997186816164103
1317,-0.36685414806350436
1318,-0.058837972282754114
1319,0.09110111451900102
1320,0.02766836206867518
1321,0.07376645001419008
1322,0.007594866939582251
1323,-0.0734222510757121
1324,0.05579591768260461
1325,-0.1205108422176796
1326,0.0808939051841347
1327,-0.021005394505920705
1328,0.07655697891261748
1329,-0.08868216007235874
1330,0.2684821041993921
1331,-0.06344156222015274
1332,-0.02974472997192268
1333,0.04081031969981097
1334,-0.017666950579450058
1335,0.033233941248531046
1336,-0.12340853498121507
1337,-0.1710357040473922
1338,-0.10214749798056566
1339,0.04130608807652447
1340,-0.10707941796107256
1341,-0.03147825686321615
1342,-0.04625325041899708
1343,0.011027038429589908
1344,-0.09302704989923227
1345,0.0643843318989914
1346,0.08903221550468743
1347,-0.12214919117732803
1348,-0.1676781007187571
1349,-0.16030398768917076
1350,-0.026411687897524128
1351,0.014243888528467502
1352,0.029782398418484846
1353,0.0065862732267749635
1354,-0.07968338830122534
1355,0.032635959552099136
1356,0.041621647439957554
1357,-0.05319455083928015
1358,0.04520874618503151
1359,-0.014716525312339912
1360,-0.0008175670493427711
1361,-0.06377364640330274
1362,0.0040428239103545704
1363,0.09684837277290159
1364,0.1205878643064131
1365,0.013309405836302246
1366,0.023512142163220506
1367,-0.002357576513117743
1368,0.01665177670428597
1369,0.027187553913558427
1370,0.013522510597185011
1371,0.0934832120113489
1372,0.07348499940268499
1373,0.07174339029295951
1374,-0.04587276043906363
1375,0.12576539085040328
1376,0.06724957913417506
1377,0.04268273833507075
1378,0.04155942101243221
1379,-0.037951988966614114
1380,-0.0024030216115171754
1381,-0.058979292344040646
1382,0.006343104700351376
1383,0.15585397298999226
1384,0.02529909276478836
1385,-0.0585430524452773
1386,-0.01445320760358304
1387,-0.012148676979983786
1388,0.08340064153589566
1389,0.01409352694248156
1390,0.009082344216711613
1391,0.026833813540706686
1392,0.024518533289586447
1393,-0.10400839399450934
1394,0.014285117813930603
1395,0.08745147271301068
1396,-0.04357491413176051
1397,-0.04735505935234807
1398,0.09772318080834241
1399,-0.022757606407790898
1400,-0.025306904125206586
1401,0.07890166602814086
1402,0.176168048491672
1403,-0.06464777112824094
1404,-0.1065721146223001
1405,-0.17957190758009423
1406,-0.3757848432350075
1407,0.06196486767242551
1408,0.031628080390099456
1409,-0.0837075158460292
1410,0.0067540573720818176
1411,-0.11424812252814254
1412,0.010844345280276557
1413,0.05486846311454996
1414,0.057537359850819425
1415,0.022173508998318825
1416,0.07259194227752297
1417,-0.14934658108628995
1418,0.04265879963859889
1419,-0.0221287799135651
1420,0.05091086297694103
1421,-0.0007905007143002019
1422,-0.08764496573988917
1423,-0.05031724210551636
1424,0.13959817769291183
1425,-0.1030807748396192
1426,-0.26668283904096013
1427,0.16331110272195826
1428,0.014582569341767354
1429,0.1354752280864896
1430,-0.040870026281122795
1431,-0.13787814014194016
1432,-0.017790063744170692
1433,0.13419638638212206
1434,-0.002226631047118288
1435,0.029673585002022385
1436,-0.13190267378822662
1437,0.027992539599025895
1438,0.09496494547074552
1439,0.18057369937944678
1440,0.008400108116903615
1441,-0.011938360924654945
1442,0.009545234131294156
1443,0.10536950771258047
1444,0.015153954699832883
1445,0.019292574593974265
1446,0.018958661246841757
1447,0.023361303329132832
1448,-0.0031593110957610637
1449,0.07163370791735113
1450,0.06595548454748534
1451,-0.048087726842750866
1452,0.013063958714194968
1453,-0.0719797512950544
1454,0.03960672285121514
1455,0.03909693796813768
1456,0.009141286535905069
1457,-0.012229880488254352
1458,0.013825244907590323
1459,-0.04704144695727441
1460,-0.11252369025547526
1461,0.07156633300728071
1462,-0.1195557229140772
1463,0.04198388463122871
1464,0.06438399613561419
1465,0.04520874618503151
1466,0.06881593459380941
1467,0.011883297349401967
1468,0.0316018740402213
1469,0.09609869637916701
1470,-0.10400839399450934
1471,-0.04126990704049455
1472,0.05385683949722231
1473,-0.04221511012385637
1474,0.042429080192539936
1475,-0.00012304164715803978
1476,0.027833273420887095
1477,0.09341327366100283
1478,0.007594866939582251
1479,0.14770340074392552
1480,0.10175664392207334
1481,0.10559796730826854
1482,0.10420218741971321
1483,-0.14455763480725303
1484,0.11449284997747733
1485,-0.015362547950969252
1486,-0.02756923422414226
1487,-0.10541770250435467
1488,0.0046512062800719844
1489,-0.021007904981498293
1490,-0.06919654349809945
1491,-0.07312666322392752
1492,0.0015060255613433826
1493,0.09070417350021387
1494,0.018820780239783064
1495,0.038047227082232404
1496,0.06555028953072722
1497,-0.22406492714294712
1498,-0.11921922434113519
1499,0.08816855065540707
1500,0.04377433088182009
1501,0.013997936300946756
1502,-0.11691230172684541
1503,0.02731111918437476
1504,-0.03245524385816301
1505,0.030024634351083768
1506,-0.06372594217362654
1507,0.10288659951490708
1508,-0.13504552877596754
1509,0.15473167779508545
1510,0.07990572277043234
1511,-0.05773075205665679
1512,-0.12927335366359083
1513,0.15436242795023092
1514,-0.004113736356041731
1515,0.028239215187338296
1516,0.1029863399102188
1517,0.014250552233998848
1518,-0.060171684268438885
1519,-0.05763043850019289
1520,0.09489313317411008
1521,0.030967702541735753
1522,0.06119230072587656
1523,-0.11658432506653171
1524,0.0843046661656961
1525,0.003071870377392205
1526,0.1197678862339252
1527,0.035427158891716104
1528,-0.051409607643734645
1529,-0.03433174114211307
1530,0.03856882427322683
1531,0.07945353158668339
1532,0.08809616900302297
1533,0.012765109549585485
1534,-0.0007905007143002019
1535,0.02229776191811128
1536,0.0179699365578464
1537,-0.017214011057735457
1538,-0.012015574940819673
1539,-0.019118283726915375
1540,0.18112671502239275
1541,0.05260876726097824
1542,0.05129619361370985
1543,-0.030741057761794532
1544,1.9227781120068066e-05
1545,0.036169472939696024
1546,0.023494708937863706
1547,0.057537359850819425
1548,0.06177325709896009
1549,-0.1630458442317193
1550,-0.008105736388497986
1551,0.015279766119856542
1552,0.026521941086503187
1553,-0.31593377995689786
1554,0.03500978817780287
1555,0.035913725142978636
1556,-0.04262577284673444
1557,-0.09562002186107704
1558,-0.14991888160121492
1559,0.07109312417319136
1560,-0.1113296445925564
1561,-0.005480118931877276
1562,-0.013836001532244846
1563,0.2526053473514097
1564,-0.11906175246959472
1565,0.009671649520561515
1566,0.0021855261701767548
1567,-0.036313183377837066
1568,0.0639524061876175
1569,0.046711869087901425
1570,-0.13718505272608095
1571,0.04389495177271141
1572,-0.047194081555262724
1573,0.019641827597057127
1574,0.05969203348535401
1575,0.0892655601781257
1576,0.04783274437970064
1577,-0.07122721645708624
1578,0.030186123550175803
1579,0.01609283173161774
1580,0.07676035567786488
1581,-0.057163438955262214
1582,0.026227209437425958
1583,0.04238138728326782
1584,0.00656877598264291
1585,0.04625267188265614
1586,-0.04851799501000392
1587,-0.0689616354539806
1588,-0.13412308484941282
1589,-0.19108650373281644
1590,0.08366379260293633
1591,-0.005725089442200848
1592,0.04620664367421373
1593,0.02627589117817697
1594,-0.04676678773350984
1595,0.001676210329874972
1596,0.01949044904432029
1597,0.0006200208053971368
1598,-0.008882313867150105
1599,0.028178093892775757
1600,0.06151679534752175
1601,-0.010307182017773198
1602,0.04305525265153143
1603,0.04155942101243221
1604,0.02320558254645344
1605,0.10789605609805519
1606,-0.046909065491222646
1607,0.03052257131738667
1608,-0.02350967468805909
1609,0.006061320936268877
1610,-0.008934598711460073
1611,0.018143027419599278
1612,-0.3119982193576173
1613,0.0774729665869821
1614,-0.1258049575637068
1615,-0.016671045404860863
1616,-0.0769527203150121
1617,-0.06952672463707554
1618,0.00377536730493222
1619,-0.08467231925801721
1620,-0.33215884968064646
1621,-0.07004702616852332
1622,-0.1769942204605348
1623,-0.010813508835625374
1624,-0.1400072071299574
1625,-0.07198308386251084
1626,0.2441139120468604
1627,0.07432620490930825
1628,0.10604596336104899
1629,0.0021855261701767548
1630,-0.05031724210551636
1631,-0.05691518905418935
1632,0.00826486349456873
1633,-0.10107318702574541
1634,0.07338763842853302
1635,-0.07347042618345306
1636,0.013640327341656655
1637,0.14392272377831383
1638,0.10954956640254582
1639,0.04762481810754318
1640,0.00037744459392707874
1641,-0.036617007972229665
1642,-0.0485064094457473
1643,0.07908620016154805
1644,-0.006323970212591179
1645,0.05046685292878267
1646,0.21221679304552876
1647,0.01723391949548403
1648,0.001676210329874972
1649,0.03993627228027519
1650,-0.012587251125477872
1651,0.07344656982550768
1652,-0.1532876710638824
1653,-0.006408776634939994
1654,-0.16316354027271607
1655,0.006924422397666441
1656,0.09619724415749897
1657,0.1264958775297691
1658,0.024571650638242737
1659,0.06164515004798993
1660,-0.1290426132614495
1661,0.0415440636022944
1662,0.05087836569254245
1663,-0.11754418474473405
1664,-0.012139808011572883
1665,0.049185114217733916
1666,0.12377091126703565
1667,0.12164434958105552
1668,0.013640327341656655
1669,-0.16748403306900417
1670,-0.04321994311941868
1671,0.09572521684122237
1672,-0.06052728620812842
1673,0.0756300310935637
1674,-0.0004999736546369982
1675,-0.2121369153009942
1676,-0.0967808527845142
1677,0.019188146976081788
1678,-0.2090565806679079
1679,0.04270551329771777
1680,0.011754756860514193
1681,0.018105976807586188
1682,-0.05813083443979994
1683,0.02066065886794005
1684,0.08834236134176343
1685,0.06198758675123778
1686,-0.04063257985567592
1687,0.0838116374482698
1688,-0.06828625512828784
1689,-0.09862847785473883
1690,-0.010184817782789346
1691,0.06234834895765806
1692,0.007916719821151386
1693,0.00517271614231174
1694,-0.10574022864048938
1695,0.0423943279597182
1696,0.012334174004915599
1697,-0.11048196570922153
1698,0.05003399359379057
1699,0.12124506613260111
1700,-0.011113151072237426
1701,-0.07130446083824238
1702,0.0025473016006013482
1703,-0.05006775409281228
1704,0.17271654238366718
1705,0.014609094919334153
1706,-0.0279827314000079
1707,-0.002226631047118288
1708,-0.03613350050623243
1709,0.05824970860825951
1710,0.005679165874524328
1711,-0.059777683577616925
1712,-0.023734474221255575
1713,0.017185639002918807
1714,-0.12657496326648587
1715,-0.2448470824359768
1716,-0.04557349225386831
1717,0.009244172149821372
1718,0.02536114785899002
1719,-0.025877454304161607
1720,0.08610433658322492
1721,0.017444595731454182
1722,-0.018459529096191307
1723,-0.015757945037391252
1724,0.12063737913791683
1725,-0.12798033807116438
1726,-0.16733584873048835
1727,0.0013807640299227097
1728,0.02297031838641156
1729,-0.003030982519103831
1730,-0.015566960067975977
1731,-0.17061670708873866
1732,0.0165526681681981
1733,0.017789538869498134
1734,0.0296550517117532
1735,-0.07320898948588833
1736,-0.04624084147152652
1737,-0.1639871395667526
1738,0.014963289965617022
1739,0.000944045374878133
1740,0.03657332824328352
1741,-0.014951370971350464
1742,0.05321230271072713
1743,-0.006954245142068216
1744,-0.03312766597023742
1745,0.004392976578408758
1746,-0.006454568897283297
1747,0.06138865759209644
1748,0.010215347798317342
1749,0.02794057381183651
1750,0.016564617931027592
1751,-0.03858780533132361
1752,-0.013831774670007846
1753,-0.017701117583843184
1754,-0.04228805698826077
1755,0.0055452064616688945
1756,0.10645810224373753
1757,-0.10025674849851146
1758,-0.040068186853709165
1759,-0.13190267378822662
1760,-0.025558885416196775
1761,0.0791935938727511
1762,0.07210715770402298
1763,-0.018955941157157596
1764,-0.03680223499070412
1765,-0.021007904981498293
1766,0.04520874618503151
1767,0.0020163079489665114
1768,-0.11056690521171775
1769,0.07737578790792687
1770,-0.3358486881429528
1771,0.030369637663931526
1772,0.04157010168059688
1773,-0.006883117438873709
1774,0.022773155246667592
1775,-0.0026654921264775977
1776,-0.15685753979670958
1777,0.0009898110842723185
1778,-0.15577627430165375
1779,-0.010550892938511525
1780,-0.02197187447196669
1781,-0.013333375407177162
1782,0.03474765977488392
1783,-0.019838104733978956
1784,0.12753866465384345
1785,-0.010961431414617584
1786,-0.007098876279998501
1787,0.051955757243679956
1788,0.02010175599818509
1789,0.030058127050749867
1790,0.11763630106396095
1791,0.011132348986101048
1792,-0.1498498718064587
1793,-0.07066060606830549
1794,0.07005656651904169
1795,-0.0022901566329380785
1796,-0.019505062732385947
1797,-0.07537036236256345
1798,0.011218505283449587
1799,-0.004597471568809408
1800,-0.13914097034002348
1801,-0.20934220222658417
1802,-0.008187953699339778
1803,0.006585013889816471
1804,-0.06344329052042241
1805,0.010147305330300838
1806,0.018673096949578027
1807,0.005265024837258658
1808,-0.13064721017658187
1809,0.1305213528756899
1810,-0.017755572651955043
1811,0.09567494692785516
1812,0.042517351095555767
1813,0.0935875049336099
1814,0.02083583763711705
1815,-0.0022901566329380785
1816,0.02604935636484662
1817,0.01175671223338276
1818,0.08310577345962872
1819,0.013662414087758201
1820,-0.004597202833208636
1821,-0.09293139628287372
1822,0.08472602222892356
1823,-0.10551169684922601
1824,0.0503893215093657
1825,0.02419633800780774
1826,0.017441145314277207
1827,0.03456343179795912
1828,-0.06727355452442096
1829,0.028042972347229744
1830,0.011912421798977224
1831,-0.011930911716959869
1832,-0.1769942204605348
1833,-0.048944470833983234
1834,-0.024155824265817416
1835,0.10014476492642277
1836,0.0134101355078583
1837,0.013909788431913261
1838,0.046970264574884846
1839,-0.040376388011821696
1840,-0.4599776950365946
1841,-0.05072725007184109
1842,0.03657927786804038
1843,0.03864807419811428
1844,0.04871344148873513
1845,0.0357207843738529
1846,0.07806294431375771
1847,0.058773078383774324
1848,-0.022703598640513634
1849,0.02766836206867518
1850,0.17352806437030344
1851,0.10994376679195261
1852,-0.010184817782789346
1853,-0.07177358332272821
1854,0.024927791606617844
1855,-0.3199244166726453
1856,0.02250487368168079
1857,0.10226426188365417
1858,0.014697016685912279
1859,0.013817466960366565
1860,-0.03727403256788819
1861,-0.0038626441674040057
1862,-0.037813099428578356
1863,0.007961511162017931
1864,0.07609252482266315
1865,0.01860037784634344
1866,0.11931265280593362
1867,0.04589462003187844
1868,-0.23322674815522204
1869,-0.10515505070320597
1870,0.02918303571325989
1871,-0.053609542176244696
1872,0.05234880394621222
1873,0.03697684951610747
1874,0.019988502374731737
1875,-0.023448229743430082
1876,-0.055152048010907895
1877,-0.014746921132628321
1878,-0.07592833087804474
1879,-0.02445509469601015
1880,0.01969957247584503
1881,-0.1183004154977294
1882,-0.06727355452442096
1883,-0.03190682146013013
1884,0.13841888925632584
1885,0.05377266398958591
1886,0.11809335561467726
1887,0.010058565150674603
1888,0.034848358204144114
1889,0.22624164271838032
1890,-0.0134508220119115
1891,0.020672752188007237
1892,-0.35735487979489067
1893,0.07647624793184249
1894,0.11428113429814146
1895,-0.03651858880249104
1896,0.011020085216706721
1897,0.06988832800388572
1898,0.07108961235219141
1899,0.05708110192000304
1900,-0.4294253907404768
1901,0.0024954824539196174
1902,0.045725847826838195
1903,0.10538849117251103
1904,-0.08442866844346675
1905,0.017290904386793315
1906,0.060156267617458514
1907,0.03052257131738667
1908,0.08062988311139091
1909,-0.05556361627742312
1910,-0.10400839399450934
1911,-0.11467474838013686
1912,0.08609825818124406
1913,-0.011805444427167133
1914,-0.048087726842750866
1915,0.036065826306653614
1916,0.06958961138926034
1917,-0.0029471890348016228
1918,-0.10014196986193524
1919,0.018531635838757
1920,0.004295171887928606
1921,-0.026049387736991392
1922,-0.048087726842750866
1923,0.020827751061967326
1924,0.0066901577215958685
1925,0.04287099364231428
1926,0.08052117952098115
1927,0.04679507703393293
1928,0.04553468277858064
1929,-0.030923657932553805
1930,-0.012316651675791657
1931,-0.15977641895707706
1932,0.15939754389261473
1933,0.06952425824942576
1934,-0.07832733956599702
1935,0.031969812166428524
1936,-0.0022901566329380785
1937,0.02222935893753286
1938,0.10104463500106986
1939,0.05917647842903606
1940,0.03514612541888401
1941,0.010260407096031432
1942,-0.047347263227194514
1943,0.1597454636199851
1944,0.04755767815224854
1945,-0.03354471236741652
1946,-0.056990889609704554
1947,0.04013860820478593
1948,0.09507152765677612
1949,0.019378857357782345
1950,0.028178093892775757
1951,0.032561064414223684
1952,-0.006785006502273649
1953,0.013733819799856106
1954,0.11592602895654425
1955,0.024808039248343405
1956,-0.016050984891920583
1957,0.019782274039734093
1958,-0.04618454805375016
1959,0.12768412195914147
1960,0.028178093892775757
1961,-0.0019174160709904964
1962,-0.06943705376342246
1963,0.09129399139929506
1964,-0.016189891001510026
1965,-0.21732154588628272
1966,-0.09225564134387088
1967,0.012209652470299037
1968,0.063190703669736
1969,0.13309299774472033
1970,0.04155942101243221
1971,-0.18073793789254666
1972,-0.17061670708873866
1973,0.012255918896201812
1974,0.04091439469636382
1975,0.007915865339403805
1976,0.023378547842210412
1977,-0.05008480171269386
1978,0.04494826814432451
1979,-0.11774298598533961
1980,0.01766423833481301
1981,-0.0009315277600886462
1982,0.04644999617026191
1983,-0.32379245448308314
1984,-0.1676781007187571
1985,0.12756217630804878
1986,0.005289611732320176
1987,-0.010184817782789346
1988,-0.02001981586902135
1989,0.14439910294467695
1990,-0.007766396111707152
1991,0.07513612904292066
1992,0.015400783453767719
1993,0.10559796730826854
1994,0.06647812541786591
1995,-0.05930013255235389
1996,0.06411136306503562
1997,-0.07602737559746398
1998,0.04482094844414225
1999,0.035135199091067604
2000,-0.012703681407174483
2001,0.014054379980227905
2002,-0.08764496573988917
2003,-0.13531815886040044
2004,0.028807535630743786
2005,0.03345044582465678
2006,-0.06952672463707554
2007,-0.008199028719378831
2008,-0.09078827122104993
2009,0.14647181889093902
2010,0.004291966327182983
2011,0.04915859937354583
2012,-0.15460572583396925
2013,-0.11511805079273685
2014,0.0195451317422842
2015,-0.04930151510268449
2016,-0.09518258081725595
2017,0.07022367009937625
2018,0.14731267837502426
2019,0.07124599298122702
2020,-0.07376614978206242
2021,-0.024175736129135372
2022,-0.0019494327783753373
2023,-0.1306492249870459
2024,0.0009811859519947563
2025,-0.07404418028041793
2026,0.12594039631835774
2027,0.035947084182577665
2028,-0.23028064967982098
2029,0.008713103699074187
2030,-0.0007905007143002019
2031,-0.10891641527188489
2032,0.08901073662707659
2033,-0.01607546279928651
2034,0.30135980911945587
2035,0.010804605298309622
2036,0.01802972895254451
2037,0.027833273420887095
2038,0.031860999886262814
2039,-0.053609542176244696
2040,0.10659792543821589
2041,-0.14853269778866907
2042,0.019682985813281983
2043,-0.14711265426554077
2044,-0.023180961689634683
2045,-0.03899147151152632
2046,0.02710734185961372
2047,0.02758309126528724
2048,-0.06038989473996609
2049,0.12234531558394346
2050,-0.04124802773597558
2051,-0.050934397635431505
2052,-0.059784599184903975
2053,0.05301982303584232
2054,0.24090615767310708
2055,0.07513612904292066
2056,0.013113589499384015
2057,0.02448961887126122
2058,-0.024157642226464132
2059,-0.009052587441323867
2060,0.012868579595790075
2061,0.014574508770272554
2062,-0.09990159427028422
2063,-0.3238634498757178
2064,-0.39503573444333195
2065,0.01794655623079572
2066,0.2650420226294673
2067,0.12529500882720002
2068,0.04806459005918051
2069,0.005967456324954101
2070,-0.06585061328270903
2071,0.049077860205569146
2072,-0.023154435144581376
2073,-0.03762587087795166
2074,0.028106364057301936
2075,0.07623020551991377
2076,0.17396531969065476
2077,-0.1303829205633975
2078,-0.027641486840872198
2079,-0.06539735374783384
2080,-0.07824450160578245
2081,0.015489868114367047
2082,-0.07277809258118617
2083,0.050736529319652
2084,-0.0818461693178828
2085,0.23012403326563113
2086,0.02284292398228177
2087,-0.003835717641147318
2088,-0.1940680247362283
2089,0.011295254456486603
2090,0.0019090273756784404
2091,0.030190720923299552
2092,0.1393752113443163
2093,0.03445831282214315
2094,-0.008940492116959353
2095,0.015099963981204306
2096,-0.08037265594668141
2097,-0.06555087253436154
2098,-0.07808737540350508
2099,0.018212640548789738
2100,-0.010765153599552546
2101,0.05837725948047778
2102,0.02889648024500935
2103,0.030614374338800987
2104,0.012861598177935862
2105,-0.09986482728954471
2106,-0.07057064864614909
2107,0.03052257131738667
2108,-0.12007756863133445
2109,0.011880619212392085
2110,-0.14492154751210085
2111,-0.11965626504220661
2112,-0.13398606436948102
2113,-0.04814253757716669
2114,0.1264958775297691
2115,-0.033753617491464105
2116,0.019824888605987717
2117,-0.11910564996743056
2118,-0.00681434168993772
2119,0.01604905018669206
2120,0.021635896507039898
2121,0.020244480778828566
2122,-0.16014361494897367
2123,-0.055876837008100866
2124,0.14115559233469172
2125,-0.054782184245436294
2126,0.008472410871625202
2127,-0.021888772546405977
2128,0.001138434753947204
2129,-0.035461230370469554
2130,-0.0010117207290521457
2131,-0.010045294138346872
2132,-0.14074277000497482
2133,0.03419259853915016
2134,0.025939592837147307
2135,0.004325947948595088
2136,-0.05073331488347621
2137,-0.21346435619293502
2138,0.0009898110842723185
2139,0.07716631218927195
2140,0.08309214885588567
2141,0.03944003328477913
2142,-0.11689503644587551
2143,0.0869690305759267
2144,-0.049731684601836856
2145,0.024880583393392164
2146,0.02017736283208499
2147,0.0044165704033870545
2148,-0.1295027013733976
2149,-0.043210908680556104
2150,0.0763569657051898
2151,0.018645314302437266
2152,0.12881587968580888
2153,0.00329562055871363
2154,0.024905602267929122
2155,-0.003721580304470451
2156,-0.11120029706669965
2157,0.04991865947820878
2158,-0.01120659052129569
2159,0.002167185663735638
2160,0.013460748108262366
2161,-0.06725509767836946
2162,-0.12802699428698194
2163,0.013460748108262366
2164,0.005511189560079788
