,pve
0,-0.21014940520735947
1,0.2577866593198741
2,-0.2145140780140673
3,0.3077045259958323
4,-0.010917098318909524
5,-0.1826956686025999
6,-0.32483328853706694
7,0.05822919984895891
8,-0.2510086141657616
9,0.12973889135328653
10,-0.38561203571245284
11,0.10170550487637342
12,0.01160312435200217
13,0.43986251686140576
14,0.42539368016444923
15,-0.21552655211818583
16,0.2646840217319891
17,0.32709861979385046
18,-0.7638386713697798
19,-0.038251925323816605
20,-0.061993764414800534
21,0.16954034182864208
22,0.1875248755267228
23,0.05028774943643666
24,0.34589238832886837
25,-0.0577725206943015
26,0.3579167293559424
27,0.5840644899451061
28,-0.5085214349891944
29,-0.04714125395281343
30,0.21505223919011784
31,-0.5967632270230393
32,-0.4152730185818504
33,0.2791313478030701
34,-0.2587430897919357
35,0.5854342102209118
36,0.5050995874338572
37,0.14027775160860195
38,0.22542267433154523
39,-0.4778833192012446
40,0.21603534805339586
41,0.34344268527721494
42,0.27704172064492194
43,-0.46941212181777214
44,-0.3367501390239702
45,-0.13930661448845783
46,0.16239398834087693
47,0.38820758903039004
48,-0.08254519249910874
49,0.6503227523393676
50,-0.09834954655747685
51,0.38723499752092744
52,-0.396807362168507
53,-0.4335299487799088
54,-0.17723788747017566
55,0.07960124709134919
56,0.07537450327061279
57,0.3076521471249715
58,0.09029866504154227
59,0.14887051864569634
60,0.3622542629717622
61,-0.3331120134840314
62,-0.3131509807175257
63,0.008991867618983851
64,0.0700167834983716
65,0.44178558770758297
66,0.39931375730132546
67,0.337660297220714
68,0.2865036132128305
69,0.1294647260718771
70,0.01642334318249772
71,0.3271120169917522
72,0.061535784163173624
73,-0.359697635646383
74,0.14845855186599644
75,-0.5907582296424624
76,0.279838268681027
77,-0.22760644524995655
78,0.4113718444824959
79,0.08980944644038508
80,-0.38714425959018917
81,0.6708554260623265
82,-0.8777857704467539
83,0.14742162864057673
84,0.18986979412284666
85,-0.47331593336444455
86,0.4972721461274676
87,0.3707371295111434
88,-0.30031440066359216
89,-0.4842820388294714
90,0.5871022989002862
91,-0.0016069483322438405
92,0.16063321122245067
93,0.47244098800950546
94,0.05110380386627145
95,0.18101802335189504
96,-0.5839361504062508
97,0.28142099281923605
98,0.6459385544754539
99,0.3271120169917522
100,0.05721666012903792
101,-0.07274740698567128
102,-0.02417575136156025
103,0.39053794160428634
104,0.38527645660418663
105,0.22410391169335836
106,-0.22254180439423965
107,0.1866997341259573
108,0.28158321448879187
109,0.1401722489598165
110,0.49344208060333283
111,0.20923286939764302
112,-0.13622847530463433
113,0.6605324129220872
114,0.44387571304831086
115,0.3278080087123914
116,-0.28513786151490617
117,0.30415298356496917
118,-0.05071028867569616
119,0.03981778882827891
120,0.32134200410147296
121,-0.04716001787354829
122,0.5187432930931641
123,0.13217092149919724
124,0.056537265011699867
125,0.0465561586640888
126,0.5330340891847734
127,-0.3862629425680616
128,-0.34241175440436533
129,-0.42867266627510925
130,-0.27710016495657486
131,-0.8709852859371178
132,0.23738997672930023
133,0.1445388235410231
134,-0.3902356126549186
135,0.5776792277776114
136,-0.3426196220913925
137,0.2646815204915705
138,0.13917321170268027
139,0.2290616144175459
140,-0.9033025401872602
141,0.2831741529099486
142,-0.10582237581500675
143,-0.6000386037635055
144,0.12712323565853656
145,-0.25995969087567294
146,0.12863984256815325
147,0.250853134163199
148,-0.35044054982285155
149,0.1575651544941048
150,0.13412679672004346
151,0.10170550487637342
152,-0.48920144206067706
153,0.305542754068283
154,0.3586131189809749
155,0.15181085129096472
156,-0.40855520022274927
157,0.5004832466416036
158,0.27174469002473595
159,0.3701453585538345
160,-0.15231286141484457
161,0.01160312435200217
162,0.3313664550761334
163,0.3042717586529811
164,0.28011119070113605
165,-0.4601494484061207
166,0.31860527269766403
167,0.391236835883522
168,0.5562705869245279
169,-0.31864408867704697
170,-0.03655541125271522
171,0.14755826972598862
172,0.35479247655422147
173,0.158847927387196
174,0.30747436147544693
175,0.04752685849510352
176,0.4466117441973191
177,-0.4646270970414408
178,0.11087905518107039
179,-0.22095913950755686
180,0.38998030248187343
181,0.06557985631929697
182,0.1317143918703959
183,0.4675576382250043
184,-1.3281684913764615
185,0.2967574104550189
186,0.3692697316024969
187,0.3794047743039004
188,0.39628616254261395
189,0.662556674815417
190,0.329039198405113
191,-0.009042437464391817
192,0.36280547051471523
193,-0.22274378908690418
194,0.5065198347686435
195,0.185564148929658
196,0.05587649614207557
197,0.32581179515237674
198,0.3300643213490329
199,0.47598123171929063
200,0.18269313156348482
201,-0.8133504502399905
202,0.3599920390587824
203,0.43532749324620335
204,-0.41080500489008165
205,0.20380011404340287
206,0.18660379924027204
207,0.2653439420706809
208,0.4000157097614623
209,0.17486168197371588
210,-0.5633406649518585
211,0.3183658655365544
212,0.387407976997342
213,0.5183819884568044
214,0.18207814909522996
215,-0.5079178879225364
216,-0.15900184053610156
217,-0.09601995161225418
218,-0.3571253650820426
219,0.11998821441129415
220,-0.005941644252117295
221,0.5012913883154788
222,0.49628931287629713
223,0.23422362159298038
224,-0.39288525658682816
225,0.3607916479067137
226,0.3806021943183326
227,-0.4152730185818504
228,-0.37577067171306655
229,-0.38440076372735044
230,0.1244371527864015
231,0.21742344920869194
232,0.31647029577576635
233,0.3404330314236945
234,0.6355756893079181
235,0.2017211080977313
236,0.4671801552772304
237,0.34725365365455063
238,0.36011625440206463
239,0.113553233562942
240,0.4748853700938298
241,0.48029482848439825
242,0.20582243402630712
243,-0.4429174071500601
244,0.21341146530827115
245,0.07552725072899602
246,0.10170550487637342
247,-0.9943795647847707
248,0.3691935982651663
249,0.3536381114063575
250,0.35601798401244056
251,0.6777065654746905
252,0.3447004375005258
253,-0.31232338126946246
254,0.4475041439607318
255,0.24882425521120355
256,0.14955989869956055
257,-0.3911839413169246
258,-0.040009024680268346
259,0.6625046686528433
260,0.16315604428511465
261,0.3709524830715675
262,0.4314490632796165
263,0.3313823199505872
264,0.29575498796143795
265,0.1610248312775054
266,0.3958828120798687
267,0.3529637813356642
268,-0.29250609229320135
269,0.32991125720407816
270,-0.040009024680268346
271,0.37358417567497276
272,0.10112340471178777
273,0.5159658147371321
274,-0.18450945205542013
275,0.22933432902741918
276,-0.37577067171306655
277,-0.25914251708421054
278,0.09599756626755745
279,-1.1922862046851384
280,0.12613361217124908
281,0.3160134964522399
282,0.27783347607950104
283,-0.16726429042728863
284,-0.07109365507932819
285,0.3022289904390006
286,0.1301454127803694
287,0.18544601159838808
288,0.23556694470590644
289,0.2906276180024477
290,0.206686951468264
291,0.21869531634656048
292,0.5914382790996423
293,0.2200273862147935
294,-0.29691044861598814
295,0.0716323617044139
296,0.4882612325513239
297,0.09399344114650188
298,0.41218582033751616
299,0.3413877082796154
300,-0.4041990035505625
301,0.09449799433522643
302,0.6042876844228879
303,0.6216456276155978
304,0.17778632840504843
305,-0.32078222614976803
306,0.5299684050195842
307,-0.4016753376339952
308,0.43368168127648915
309,-0.06500817920100022
310,0.22971773491309233
311,0.4538512156712327
312,0.35572667595064433
313,0.48082556183670244
314,0.1394538196488173
315,0.1638956949614594
316,0.39987838782561164
317,0.1882057447861758
318,0.31360458823505066
319,-0.3803606319506284
320,0.3599920390587824
321,0.4979112193600732
322,0.26292046930622115
323,-0.04702993246511311
324,-0.7238154517448575
325,0.24294378182859772
326,0.20431655103173196
327,0.4906275332346477
328,0.41218582033751616
329,0.16239398834087693
330,0.4091020659317211
331,0.2906276180024477
332,0.39251422569068695
333,0.1326376914463021
334,0.1823116273677836
335,-0.28281080578576867
336,-0.7813166253707341
337,0.291025157070811
338,0.1604498536797896
339,0.16171265462321427
340,-0.14624438234856418
341,0.04081118343920975
342,0.5644347039507723
343,0.3650707024461186
344,0.4538494442839113
345,0.23583841205753575
346,-0.16728793631474215
347,0.347061938801712
348,0.29736379879424024
349,-0.09950026171372539
350,0.2634052855124879
351,0.0465561586640888
352,0.35883789347920886
353,0.11452391097553127
354,-0.2888971573961835
355,0.3121823042252502
356,0.2675939332253226
357,0.3331808245772975
358,0.40488007088112465
359,0.18186185321154402
360,-0.5061544693166166
361,0.02069875534886767
362,-0.5240104907209162
363,0.6551125466068268
364,0.5133816463661545
365,0.24895641908143362
366,-0.38865320878094123
367,-0.048945460351502934
368,0.3602468057850291
369,0.41111226951780644
370,-0.1278872233721502
371,-0.6163355648658201
372,-0.24561242728180865
373,0.3780615053391346
374,0.167045326247184
375,0.3331808245772975
376,-0.5090001911062652
377,-0.04530744695083033
378,0.2476120032694999
379,0.06588839993819129
380,0.39358055686306437
381,0.5012213707415418
382,0.3012684615582171
383,0.2520332062693704
384,-0.4833080583328607
385,0.08801803166032496
386,0.5902154183287665
387,-0.12484007440918177
388,-0.8308448773710843
389,0.42633216439705535
390,0.3540305481326843
391,0.31960590441224446
392,0.45477856842245185
393,-0.2070661837100325
394,0.4106762078802408
395,0.10912385669123947
396,0.5397597055401082
397,0.26292046930622115
398,0.31404818457415296
399,0.33741787161266606
400,0.20185723383750415
401,0.3667339246888814
402,0.18147929324704176
403,0.37992775508374615
404,0.6579505566517254
405,-0.04094252605251736
406,0.02396249335024092
407,-0.21612676942382347
408,-0.280935034012193
409,0.31167420050183253
410,0.36863839774859347
411,-0.3469969859410511
412,0.09694287596775675
413,0.3170342023038843
414,0.4008323547676874
415,0.00043330370865057866
416,0.1350444831434484
417,0.23020121065306942
418,0.07487587434909138
419,0.12974685102446415
420,-0.12795321062893972
421,-0.16678609289881496
422,-0.39516522167515755
423,-0.16431993799862843
424,0.06626468052848533
425,-0.2755878248733349
426,-0.18029163422234162
427,0.3002243546018794
428,0.4679330094902453
429,0.09566017755831269
430,0.22287313674109227
431,-0.5932485546091045
432,-0.28916342800066397
433,0.3094416686609068
434,0.6046395429754483
435,-0.7854951873069423
436,0.05224873706299915
437,-0.16131998630008482
438,0.3710935329007421
439,-0.25473930491368735
440,0.22500868153742937
441,0.1032938068112933
442,0.5856630795264941
443,-0.34932091835214296
444,0.2501963267403611
445,0.31028761417025463
446,0.2920297749351036
447,0.20984023478534142
448,-0.3576978093501465
449,0.2010504613206769
450,0.29679138446790426
451,0.40263531263652974
452,-0.15736605028860262
453,-0.03742796554274819
454,0.3598871709948165
455,0.08042593379019503
456,0.6215166654618471
457,0.38484319484689045
458,0.03867288926349366
459,-0.6035445485720015
460,0.05958498892025066
461,0.41821618851291104
462,0.43099661052824684
463,0.10241545344391756
464,0.27216569690424697
465,0.07696465954144915
466,0.1803440389230921
467,0.07214850881041257
468,0.031157943291923007
469,0.2501963267403611
470,0.41039611183026176
471,-0.09721191201274726
472,-0.15414469969974076
473,0.3692697316024969
474,0.2342886339735244
475,0.39966814139857443
476,0.014366499467081906
477,0.11086183759299562
478,-0.14061033201423134
479,-0.25731998740064854
480,-0.25896649620631684
481,0.25909884780386033
482,0.17134271940881313
483,-0.7011623725901758
484,-0.7027931720792915
485,-0.15070865555819335
486,0.5897654786450545
487,0.4325882350414801
488,0.32201909166893394
489,0.247484251659438
490,0.24097482911803902
491,0.3761899504130205
492,-0.06500817920100022
493,0.3377194136814279
494,0.13652828627080638
495,0.3839428745349346
496,0.013020107908340295
497,-0.31214018072044614
498,0.2102074042059161
499,0.224119344746744
500,0.016702244845158698
501,0.7117102772670947
502,0.32589597129631576
503,-0.5401049386105631
504,0.08187750660965809
505,0.22287313674109227
506,0.38162438555794276
507,-0.9461458195551277
508,0.19364326324722136
509,-0.15601078130179669
510,0.35756334391957895
511,0.4819883539921391
512,-0.09697808374240935
513,-0.07473903710754737
514,0.502853496554722
515,0.276486761438359
516,0.3691935982651663
517,0.19879904737058374
518,0.3550039954156221
519,0.33944706234801614
520,0.07213381495031801
521,0.27174469002473595
522,0.26883333789743125
523,0.3503784446470044
524,0.16454546139351534
525,-0.18888653709361702
526,0.1737465963004609
527,0.35842094845666905
528,0.30393788493466556
529,-0.8058993559924151
530,0.13353487809084486
531,0.012047706089980958
532,0.16228720480790626
533,0.20811487026497766
534,0.2817326627144749
535,-0.4096647752403819
536,0.10338811745668319
537,0.4779668710966184
538,-0.2612114176149434
539,0.08804984089659584
540,0.5084067428063324
541,0.05301575224402166
542,0.44828923355887995
543,-0.28334759911330354
544,-0.47244791324340496
545,0.2476120032694999
546,0.09363989010649315
547,0.2890246037997315
548,0.6290591907639906
549,0.20559052720833149
550,0.37579609704145445
551,0.04675098375048681
552,-0.11645149667530219
553,0.541145240126502
554,0.4328333764877849
555,-0.2095141564452475
556,-0.07531424077785853
557,0.4058575485477085
558,-0.2652967492172341
559,0.26766325101697697
560,-0.3047333464411063
561,0.40010801682292074
562,0.48065501000699135
563,0.16508885546061403
564,0.4676945439013513
565,0.2452194312738218
566,0.14760116125281608
567,0.26611494450183326
568,-0.6973273942561679
569,0.31345151460587584
570,0.5346497802129364
571,0.4475041439607318
572,0.4020781912598623
573,-0.4709854105429174
574,-0.09715419645913859
575,0.4996105047946601
576,0.6164676402121839
577,-0.6416295344095118
578,-0.4046027805109981
579,-0.11156019417359564
580,0.30970645969948524
581,-0.6917865485384108
582,0.21016871492030847
583,0.26599760330527256
584,-0.01674709900317295
585,0.1040516752780477
586,0.47937078273627115
587,0.2106535889531712
588,0.38512746350627014
589,0.25769982465657987
590,0.21046560998856545
591,0.2946409742716962
592,0.4716645208784265
593,0.3187059617881318
594,0.21285416953637593
595,0.18836727258288422
596,0.18660379924027204
597,-0.4286808567065705
598,-0.03958259290115396
599,-0.22903821397611124
600,-0.03898381397839301
601,0.31160308180421886
602,-0.08286859241570799
603,0.4839871020711879
604,0.02102613265631581
605,0.29253173811180105
606,0.07696465954144915
607,0.28507022177500296
608,-0.2905611511038092
609,0.42426253323163254
610,-0.4553024230389179
611,0.42710571038651646
612,-0.4678248747479875
613,0.13539961494387276
614,0.5013332962459024
615,-0.01727952653746956
616,0.39475376923569194
617,0.24528199682911234
618,0.1455917250784428
619,-0.6749011250797319
620,0.3903240011369167
621,0.4819883539921391
622,0.2641216775205115
623,0.16130175957466053
624,-0.12498980801138393
625,-0.24832876285474037
626,0.3784742425033418
627,0.46885156891300006
628,-0.22661068100097503
629,-0.10492362678890044
630,0.28036412918218234
631,-0.030484430088171033
632,0.12466549013919737
633,0.10442015388783343
634,0.20088766932797908
635,0.25487868466116886
636,-0.4152730185818504
637,0.3273082276510943
638,0.5420945034653205
639,0.3473679889536908
640,0.17562390735332234
641,0.5485102139687424
642,0.3201647645018443
643,0.02390554146643531
644,-0.11467844917913783
645,0.596933272481465
646,0.020550081321944913
647,-0.13761211922249017
648,0.167045326247184
649,0.4925489250727076
650,-0.12470422263949477
651,0.4146072278387895
652,-0.025361025352773514
653,0.31960590441224446
654,0.10170550487637342
655,-0.6559224210056943
656,-0.46941212181777214
657,0.6284375088559317
658,-0.8421398863406625
659,0.14490930828574494
660,-0.010917098318909524
661,-0.37577067171306655
662,0.6925563879587435
663,-0.03655541125271522
664,0.3981701980604825
665,0.3386123898874275
666,-0.2388997954442228
667,0.6950305400113195
668,0.3422543189475608
669,0.4405500518994674
670,0.28550570590697366
671,0.6699103096603722
672,0.08671054184523885
673,0.3802266640011524
674,0.2410962418849012
675,0.46057341757037606
676,-0.13091293283677918
677,-1.098522256800106
678,-0.07487825044345509
679,0.32808424922401375
680,0.41111226951780644
681,-0.12484007440918177
682,0.42840201981791787
683,0.36131719201178714
684,0.27783347607950104
685,-0.4948595163117645
686,-0.5934425380050177
687,0.004741412907172227
688,-0.23102290600733133
689,-0.014575721144381548
690,-0.15643108728030197
691,0.17762128304749242
692,0.2803589849078545
693,-0.059134725994613335
694,0.3958421422401241
695,0.7463180339169468
696,-0.08666065364693443
697,0.3222988123141209
698,-0.1811857000853655
699,0.006402026735631949
700,0.3467628271312188
701,0.0031015251460618787
702,-0.7810739301722427
703,0.17914937468528064
704,0.20379037073487277
705,-0.4693696077380407
706,-0.007425909169954781
707,-0.45990466421469633
708,0.28542755247195906
709,0.17198768065427406
710,0.19853141036218902
711,0.08812204221520126
712,0.11867206494944638
713,0.43781687939657726
714,-0.13981394398360258
715,-0.5210304534665071
716,-0.5723980276349717
717,0.09478260739661992
718,0.3983215429424151
719,0.2909438560668677
720,-0.8196523286173157
721,0.5444145698226055
722,-0.006172511573974693
723,0.44887101497092935
724,-0.5239198333962198
725,0.0031015251460618787
726,0.23154859037056874
727,-0.07628389268976754
728,-0.5698878136106156
729,-0.39174584781057586
730,0.5488035846487356
731,0.004741412907172227
732,0.6226434906703384
733,0.3300643213490329
734,0.009740489278477926
735,0.11646090099927198
736,-0.5541274785960939
737,0.14086807085588915
738,-0.3981912887406137
739,0.09972859350168578
740,0.16171265462321427
741,-0.08747247380674972
742,0.19092483651855008
743,0.206686951468264
744,-0.4888502680052982
745,-0.014262149777526378
746,0.4679646939290534
747,-0.18513257043058884
748,0.23371363354562213
749,-0.1617141996519701
750,0.2523983526622531
751,0.28807330449245483
752,-0.5972126688833695
753,0.11648024687218311
754,0.07866674608543633
755,0.266422872240182
756,0.46914543864386216
757,-0.5300816137996822
758,0.48252687103542713
759,0.22225823060641525
760,0.3773506251737232
761,0.6376328507417932
762,0.34138298263571043
763,-0.6675460044946216
764,0.19499457198582637
765,0.5006628066824163
766,-0.21552655211818583
767,0.36340675968307923
768,-0.2079910040125409
769,0.3457809318051926
770,0.39105526962127835
771,0.2627908419241707
772,0.01710413119386167
773,-0.2609935417207633
774,0.20582243402630712
775,0.5955153018104141
776,-0.021217056017693636
777,0.3032795614245797
778,0.19722915874981983
779,0.27057320106180355
780,-0.3569045096840595
781,0.42894015355525955
782,0.14213833551019756
783,-0.19979554143460188
784,-0.22010531758601193
785,0.20321987720522638
786,0.21603534805339586
787,0.37332810816550943
788,0.05268019914739708
789,0.6395817156798701
790,0.050264927001855475
791,0.20978463095490152
792,-0.5857086402608281
793,-0.16144682827816648
794,0.11602976019513978
795,0.4459191661544956
796,-0.5622675637697867
797,-0.255044872188103
798,-0.5974499326581547
799,0.4990874467308254
800,0.012047706089980958
801,-0.3800052444992107
802,0.33434660414546546
803,0.0949536536962039
804,-0.029693812792674135
805,0.40354124230482114
806,0.3477564159420641
807,0.09524851651715704
808,-0.5535978603329239
809,-0.061655377684734725
810,0.1607423271874212
811,-0.2574343541774545
812,0.05015563405481871
813,-0.7443946353381017
814,0.29693486858120305
815,-0.6727525189388731
816,0.49358089863192717
817,-0.5352798050707175
818,-0.19797623710981804
819,-0.1595094802844057
820,-0.1181539585878093
821,-0.2592400850551767
822,-0.14867425217199648
823,0.4698354449301295
824,-0.43384000160216485
825,-0.040009024680268346
826,0.2697788165141485
827,-0.14437498278713068
828,0.2837520036680766
829,-0.35617611464959376
830,0.2988128574685081
831,0.5782849930141485
832,0.1472457859240297
833,0.6097640181645523
834,0.4216612729899225
835,0.3489603508739811
836,-0.12391989540363946
837,-0.37064410257174496
838,-0.3694551406962523
839,-0.06805216853258333
840,0.010134431531248378
841,0.042290706872413986
842,0.3981701980604825
843,-0.9472334060345744
844,-0.9348979009845373
845,0.38213458573982656
846,0.05520923849136883
847,0.2942691713344341
848,0.3975838748348194
849,0.29494919662395475
850,-0.3800052444992107
851,-0.1811857000853655
852,0.5726297131546337
853,0.42988861921528326
854,0.5760444615081609
855,-0.07664925602425732
856,0.5272834772165162
857,0.6850493738327865
858,0.031186548829357452
859,0.28710743712812015
860,-0.075582939782736
861,0.512017336817336
862,0.04299668907865428
863,0.39851191331280156
864,-0.25324500500717495
865,-0.31055601856543025
866,0.7233813482250382
867,0.026696244973325123
868,0.11452391097553127
869,0.47894997332859574
870,-0.38012947953510057
871,0.3389521790968127
872,0.24492721286112423
873,0.36268069565806743
874,0.24857103565455407
875,0.3364275456647633
876,-0.010917098318909524
877,-0.09726410179933997
878,0.4804096064454104
879,-0.10145063672497201
880,0.07148200111531366
881,-0.09506057058255613
882,-0.15405523435604285
883,0.4419010284751852
884,0.2837520036680766
885,0.35615009763265737
886,0.3442144029041364
887,0.37324216672009336
888,0.41768316604409
889,-0.39159349526483755
890,0.26517928880120706
891,0.619854021921458
892,-0.04492411073032909
893,0.44959231884760636
894,0.27174469002473595
895,0.2202500311209682
896,0.20923286939764302
897,0.008673107998708462
898,0.4276293050403026
899,0.1610248312775054
900,-0.09208808380469968
901,0.4398307179958823
902,0.11150070025882486
903,0.5190835048316769
904,0.36156678184159746
905,0.25481427843612886
906,0.3965966965315232
907,0.1983689107674213
908,0.20678016784730757
909,0.17647217974094392
910,0.2684894181117276
911,0.274064770780474
912,0.33607981928347513
913,0.5194247656171984
914,0.2972482154360648
915,-0.4533540298389701
916,0.18461800021485558
917,0.46673476579115686
918,0.26083121083989036
919,-0.34338735427007816
920,0.1040516752780477
921,0.4621208651645433
922,0.34468827242644634
923,-0.705833314776869
924,0.12828433758015184
925,-0.037662177950406495
926,-0.1597630390474919
927,-0.010095327253927366
928,-0.1240889266021401
929,0.5305128712317184
930,0.6736296441103222
931,0.26309593594650116
932,0.2965576221880064
933,0.003904217493767126
934,0.32105268772347095
935,0.11038976401371714
936,-0.10799650555675677
937,0.6533696133081315
938,-0.08530098147197107
939,0.22359612879988872
940,0.07148200111531366
941,0.06373057709244923
942,-0.07695593434857961
943,0.442713705607554
944,-0.38511338933162553
945,0.6609276739124402
946,-0.12107680071630234
947,0.6791111636025847
948,-0.391568381265206
949,0.462286106659901
950,0.38419637446983596
951,-0.08101880118232585
952,-0.4105638037832481
953,-0.16101808306955423
954,0.5242497212894803
955,0.46409344483350307
956,0.6482812855201925
957,0.3954630012196348
958,0.32421440157681464
959,-0.7764877762987318
960,0.04020375865148029
961,-0.010963454819888474
962,-0.7763189367854259
963,0.1022838422531473
964,0.3498006798792276
965,0.6865206332098575
966,0.010015348099002286
967,0.15179528323107716
968,-0.11436149827601627
969,0.2142117014479682
970,0.6608970258179261
971,-0.33397459400549556
972,-0.18765757581226217
973,0.10522296681227183
974,0.40708641225582776
975,0.33433393147929
976,-0.03527100253076598
977,0.30259590921996465
978,0.4883553917545077
979,0.40370428245181034
980,0.2598411629856574
981,0.576641381558072
982,0.061110741112115785
983,0.5211394988606374
984,0.4328333764877849
985,-0.03433735173084129
986,0.1753651012807524
987,0.32589597129631576
988,0.33434660414546546
989,-0.11244305162850587
990,-0.2745947844243447
991,-0.9896240928864304
992,0.42710571038651646
993,0.6040442831157822
994,0.1984425530925048
995,0.31261345098996596
996,0.5576544830095267
997,0.6883699995699677
998,-0.21597370245460168
999,-0.01707099814757651
1000,0.12813102585581493
1001,0.2981445176132435
1002,0.4265076383726518
1003,-0.36607579500994125
1004,-0.23485751186913828
1005,-0.5560349953076316
1006,0.3816624079786004
1007,-0.4843370504532426
1008,-0.8953518322826781
1009,0.16333226309417292
1010,0.3190767301058961
1011,0.33433393147929
1012,0.347240918040441
1013,0.2960220621163728
1014,0.48844909512064044
1015,0.11445003741363213
1016,0.4477643638478412
1017,-0.41161114030547685
1018,0.2067444031517206
1019,0.182293693870464
1020,0.43532749324620335
1021,0.269245866709363
1022,-0.1201890304212414
1023,-0.3859101809252117
1024,0.5953641062150405
1025,0.21289604551371943
1026,-0.17903570862128093
1027,0.2948863047797182
1028,0.3477564159420641
1029,0.26292046930622115
1030,0.2572940755646241
1031,0.33170225025004835
1032,-0.07232111359678894
1033,-0.043084144209055264
1034,0.32636531202899316
1035,0.6544582142518717
1036,0.49472304528856975
1037,-0.06440712380072411
1038,0.32416266581209785
1039,-0.19025394025333386
1040,0.0759481518664269
1041,0.3583484953738884
1042,0.28952137327414196
1043,0.24551728762540148
1044,0.35953657316181764
1045,0.30196532756294636
1046,0.4761167761744106
1047,0.21218820299483243
1048,-0.06374643657324908
1049,0.4328333764877849
1050,-0.06878459523414115
1051,0.29679138446790426
1052,0.04315834104650662
1053,0.3536381114063575
1054,-0.1639695943118319
1055,0.5438635582450658
1056,0.24280887859935435
1057,0.1959147986501611
1058,0.2890191765255279
1059,0.25217563165666856
1060,-0.27995123323621607
1061,-0.3200264251996946
1062,0.250254156564772
1063,0.35342753703244323
1064,0.31579762831938296
1065,0.4425948713794678
1066,0.07552725072899602
1067,0.31208501006892525
1068,0.3547571092094679
1069,-0.3426196220913925
1070,0.21579831511080638
1071,0.2088674904133222
1072,0.016324329141353733
1073,0.1580950498080821
1074,0.45136975373194854
1075,-0.3809087010019371
1076,-0.0016689339090233402
1077,0.2545000933876495
1078,0.3542163054824788
1079,0.33648643133543954
1080,-0.8651521459581307
1081,-0.577849016054554
1082,-0.023017391710282165
1083,0.17778632840504843
1084,0.45838558005301744
1085,0.3666717418070258
1086,0.06441002293542819
1087,0.6317069665618738
1088,-0.9423929218254153
1089,0.3034057610578734
1090,-0.16871737808420162
1091,0.42710571038651646
1092,0.24478691125909113
1093,-0.042771687892949384
1094,0.3095192658594419
1095,0.14503058688562231
1096,0.4355664573103133
1097,0.2445291983554551
1098,0.46997677423757983
1099,0.04861391822176764
1100,0.46369799510987364
1101,0.15326809305594308
1102,0.5212886607358769
1103,-0.38430360264310304
1104,-0.4553024230389179
1105,0.31915125248167675
1106,-0.39645781321776064
1107,-0.4657910300032212
1108,0.3294402076137081
1109,-0.07389577659209379
1110,0.27550086796794604
1111,0.1774228298352557
1112,-0.6575270138954067
1113,-0.5389873418612291
1114,-0.707899718336599
1115,0.3439989160817959
1116,-0.17152637858638087
1117,0.458104060176682
1118,0.3276661280729204
1119,0.3579850723155734
1120,0.3514281859150397
1121,-0.4203007965492048
1122,0.3406266274379338
1123,0.16954034182864208
1124,0.18323771465058325
1125,-0.1904900548288555
1126,-0.2459283276037464
1127,-0.1855103554519787
1128,0.25847739874395825
1129,0.4912218518298932
1130,0.6737227774315355
1131,-0.33019783971734384
1132,0.03826488524990801
1133,-0.25230843103806244
1134,0.26292046930622115
1135,0.2220968636005506
1136,0.05575257141805645
1137,0.2412346376093018
1138,-1.1988668476733304
1139,0.40040069301999814
1140,0.2511745007568154
1141,0.31036532370455466
1142,0.19510898251190384
1143,0.25919451672537785
1144,0.4968631210246927
1145,0.17841265474478119
1146,-0.1433181971303894
1147,0.004227873962966533
1148,0.1423223705695773
1149,0.1277318074727018
1150,0.15326809305594308
1151,0.4131581283849678
1152,0.12136246870140593
1153,0.1734297137777031
1154,0.2898506310968655
1155,0.44313930943789176
1156,0.4739509387262568
1157,-0.0004328941301602329
1158,-0.040009024680268346
1159,0.6031551534268458
1160,-0.06500817920100022
1161,0.2445291983554551
1162,0.5595170942263687
1163,0.4351094241604523
1164,-0.7251938205117155
1165,-0.08052276982730833
1166,0.04494103486569001
1167,0.5078914588478505
1168,0.027504076121408372
1169,-0.545400073751951
1170,0.3430772312377268
1171,0.3307836254480201
1172,0.4172237756674647
1173,0.1237121842502234
1174,0.16952981863211158
1175,0.20923286939764302
1176,-0.14009628892341508
1177,0.40412793058505203
1178,0.1040516752780477
1179,0.2637452606368943
1180,-0.0819908840825142
1181,0.5421031105527354
1182,-0.03898381397839301
1183,0.2673885850706377
1184,-0.4698923932258223
1185,0.1416252279956255
1186,0.34722074605853215
1187,0.531107403098754
1188,0.24231224962147663
1189,-0.6055128112083004
1190,-0.8128198138375792
1191,0.5628486343398815
1192,-0.3406219696339787
1193,0.288388066578544
1194,-0.28858173676547894
1195,-0.46433518702729826
1196,0.2344504662275284
1197,-0.2133642564846071
1198,0.43274122290942685
1199,0.2942691713344341
1200,0.4069336476592911
1201,0.2010504613206769
1202,-0.1811857000853655
1203,0.16239398834087693
1204,-0.03527100253076598
1205,0.158847927387196
1206,-0.3963714483587558
1207,0.14241687634920058
1208,0.6082012829654111
1209,0.40471095686596276
1210,-0.09162170302842643
1211,0.46791069480234826
1212,-0.7829195280231561
1213,0.38948361508282187
1214,0.0526255562002127
1215,-1.0087516709034192
1216,0.21385648513411792
1217,0.21339986200111905
1218,0.19729834011188074
1219,0.15335661427404712
1220,0.12813102585581493
1221,-0.19972027981220075
1222,-0.5218332032882739
1223,-0.5014866423222315
1224,0.3258510991315422
1225,-0.09878065012721193
1226,0.12654770821133265
1227,0.07027282937840906
1228,0.012049632167557611
1229,-0.44296488841683035
1230,-0.6124482940002413
1231,0.358704375833471
1232,0.7082552112777105
1233,0.3840732646130044
1234,0.3854358802183012
1235,-0.6087781074346782
1236,0.237384304240229
1237,0.2452194312738218
1238,0.08812204221520126
1239,0.37059591203631376
1240,0.3153761402188384
1241,0.14742162864057673
1242,0.08295353143524942
1243,0.17138393213814063
1244,-0.09878065012721193
1245,0.38983464847719046
1246,0.5108052544710662
1247,0.25073936190196
1248,0.4026415231161872
1249,0.36412916006265417
1250,0.217836444127673
1251,0.205648396474984
1252,0.346216433960164
1253,0.27988337197259444
1254,0.20582243402630712
1255,0.23372892167790776
1256,0.5159658147371321
1257,-0.5723980276349717
1258,-0.0949155281162748
1259,0.14490930828574494
1260,0.2652108721134431
1261,-0.24481684796955572
1262,0.08820168060805866
1263,0.22980580576159226
1264,-1.1800364517606479
1265,-0.3395798586962945
1266,0.20582243402630712
1267,0.08999743297195278
1268,0.31689485714574483
1269,0.5362164484311032
1270,-0.21109380384628462
1271,0.6158921930369936
1272,-0.20950805257626226
1273,-0.18900862229955184
1274,-0.20818204127664608
1275,-0.19567794500564595
1276,0.2627908419241707
1277,0.724223555796764
1278,0.13336011948103377
1279,-0.34108899399280634
1280,0.19775883120595894
1281,0.39105526962127835
1282,0.2981445176132435
1283,0.002239274373888267
1284,0.05605039475569673
1285,0.3902658474482197
1286,0.36614394230629793
1287,-0.4601494484061207
1288,-0.5148315000993116
1289,0.13631917963105122
1290,-0.40703918850560716
1291,0.3221559511626011
1292,-0.4657910300032212
1293,0.4467318584140626
1294,-0.020752791147385152
1295,-0.33955061065619574
1296,0.18274169329364276
1297,0.34276867666543537
1298,0.38797960523784386
1299,-0.19604240327551026
1300,-0.010917098318909524
1301,0.4108232230222052
1302,-0.06805216853258333
1303,-0.16779922306714712
1304,0.33320476559690765
1305,0.30373295825196767
1306,0.44061243812196443
1307,-0.5808722820681178
1308,0.04541846103576552
1309,0.4311775172850929
1310,-0.6147135396807218
1311,-0.27265436531321174
1312,0.5531901957818786
1313,0.3160134964522399
1314,0.3972276646199269
1315,-0.3527009843713961
1316,0.25331836680111874
1317,0.5202171715818167
1318,0.5081261788221547
1319,0.5649240840253273
1320,-0.5218332032882739
1321,0.10001980513995179
1322,0.44983379085373487
1323,0.6207892837025775
1324,0.12419050271339216
1325,-0.15643108728030197
1326,-0.1960548530134847
1327,-0.4645048200813304
1328,0.057998385208538394
1329,0.10854448200910549
1330,-0.9291932959535678
1331,0.31298323833368724
1332,0.36528224474952165
1333,-0.21618911390930762
1334,0.3807910645045234
1335,0.3839428745349346
1336,0.3607916479067137
1337,0.13323726973961564
1338,-0.5045052783318789
1339,0.2667916775797636
1340,-0.8564410552439824
1341,-0.3418314792983168
1342,0.3377194136814279
1343,0.5022295627798211
1344,0.04377014822919134
1345,0.551186110176836
1346,-0.31950177914803934
1347,-0.687555001026535
1348,0.16239398834087693
1349,0.49197383036419257
1350,0.10461651932830568
1351,0.5546518754674512
1352,-0.6808023074416385
1353,0.1793211101288994
1354,0.3945374985471686
1355,0.08597712483100262
1356,0.27216569690424697
1357,0.3012684615582171
1358,0.359110679333763
1359,0.1754976087902277
1360,0.3923902720089819
1361,0.24465946092913216
1362,0.4719017094958087
1363,-0.06440712380072411
1364,-0.03898381397839301
1365,0.11485869606312771
1366,0.16137576733247005
1367,0.226098879694264
1368,0.16914580036667082
1369,0.03417212506366696
1370,0.3556941013282813
1371,-0.2947698168107199
1372,-0.7298903863311955
1373,0.1274975803507185
1374,-0.09527790141922177
1375,-0.17652960367231485
1376,0.1916773584386952
1377,0.3221559511626011
1378,0.32991125720407816
1379,0.29616773051118245
1380,0.07961832564761395
1381,-0.20088565820312443
1382,0.3979473004276165
1383,0.32589597129631576
1384,0.6165768310847257
1385,0.33947420734143896
1386,0.3654901858890167
1387,0.2736632009455128
1388,-0.45800376875015947
1389,0.41134243900381995
1390,0.2088674904133222
1391,0.09089464467064728
1392,0.4496803346794222
1393,0.008673107998708462
1394,0.38453940601657216
1395,0.01759043638231217
1396,0.32709861979385046
1397,-0.07010960288384038
1398,0.23392147957555648
1399,0.12712323565853656
1400,0.26517928880120706
1401,-0.25164145265418114
1402,-0.029349586431997476
1403,0.38185460244053643
1404,0.4896425052232812
1405,-0.2582653589699385
1406,0.3580934859609407
1407,-1.0207480526508212
1408,-0.359697635646383
1409,0.053589998021562835
1410,0.5998513557579941
1411,-0.3241077586571882
1412,-0.4217718299354668
1413,0.015837284954852482
1414,0.20678016784730757
1415,0.31446884145608417
1416,-0.08119284558810413
1417,0.7215463155835512
1418,0.5247422216469158
1419,-0.24670322531821565
1420,-0.42165311139113426
1421,-0.12197092097206685
1422,-0.06500817920100022
1423,0.329039198405113
1424,-0.08692572451117686
1425,0.004741412907172227
1426,-0.3251352859476483
1427,0.305542754068283
1428,0.5302397619402455
1429,0.5387569108713055
1430,0.2480762455776918
1431,0.48417207951861474
1432,0.020198487522038233
1433,0.3542163054824788
1434,0.13166885199286932
1435,-0.6452751883742853
1436,-0.09878065012721193
1437,0.5532561808784884
1438,0.08560687673725642
1439,0.2566265208813314
1440,-0.37246967660927943
1441,0.23564742230250046
1442,0.27174469002473595
1443,0.3331808245772975
1444,0.49222430921846333
1445,0.25427091757176684
1446,0.087023354427757
1447,0.6235324774196762
1448,-0.03433735173084129
1449,0.28253489188361314
1450,0.3042717586529811
1451,0.22980580576159226
1452,0.37358417567497276
1453,0.11578936994836264
1454,0.4172394631154821
1455,0.40972320309402244
1456,-0.306873625568454
1457,0.167045326247184
1458,0.438547161810578
1459,0.49225923085631734
1460,-0.4009641581869733
1461,-0.6358529831364392
1462,0.589008161581118
1463,0.3661671704294289
1464,-0.14268028780726916
1465,0.359110679333763
1466,0.35104576935997744
1467,0.23831368324828522
1468,0.3038351851096664
1469,0.4152927652572071
1470,0.008673107998708462
1471,-0.8907305115350684
1472,0.3517710713849445
1473,0.15590312154461672
1474,0.41265482878857523
1475,0.19111668297842743
1476,0.37472670126679575
1477,0.08983270362132922
1478,0.44983379085373487
1479,0.37579609704145445
1480,-0.1699995476750955
1481,-0.3874298416125507
1482,-0.16568975481395387
1483,-0.28192352893106787
1484,-0.3049296395545872
1485,0.2476120032694999
1486,0.25094815084348165
1487,0.19784242162280474
1488,0.0690922457259735
1489,0.17778632840504843
1490,0.16162931874215014
1491,0.3164167618118654
1492,0.22181232053585576
1493,0.158847927387196
1494,-0.42685655957928514
1495,0.2863196317301218
1496,0.1884356065405684
1497,0.28999354217727236
1498,-0.5637409866935502
1499,0.0010735648383419782
1500,0.337660297220714
1501,0.41111226951780644
1502,0.35756334391957895
1503,0.3981701980604825
1504,0.14490930828574494
1505,0.2791747590781791
1506,-0.24448800836732776
1507,-0.1019199348768608
1508,0.10387320461416305
1509,0.3272714418723144
1510,0.1040516752780477
1511,0.3974910744729604
1512,0.33536731633014666
1513,-0.3264057680312695
1514,0.14268210208910337
1515,-0.7053721663549106
1516,0.3743486966278207
1517,0.08069713399277234
1518,0.2128082475078626
1519,0.3700744565964818
1520,-0.4403730845174316
1521,0.09478260739661992
1522,0.25217563165666856
1523,0.17486168197371588
1524,-0.4213158208192319
1525,0.20978463095490152
1526,0.019310264920884834
1527,-0.2901312594770148
1528,-0.5107193949297772
1529,-0.1134049992035625
1530,0.3588331849687304
1531,0.26713501972558595
1532,-0.013046320045745796
1533,0.6387326688024397
1534,-0.12197092097206685
1535,-0.18811898711702357
1536,-0.21618792334730996
1537,-0.3982705824880265
1538,0.39376310927048785
1539,-0.2807876823934149
1540,0.050839889558296214
1541,0.2790515362292033
1542,0.3386123898874275
1543,0.3481323749340603
1544,-0.0038794522594579606
1545,0.338612937774369
1546,0.29282972703300353
1547,0.20678016784730757
1548,0.10170550487637342
1549,0.18777605812418796
1550,-0.006600847802443299
1551,0.28574221038966907
1552,-0.48130353804774517
1553,-0.4170556123128508
1554,-0.0212947062464508
1555,0.6092032223401822
1556,-0.9887470736932075
1557,-1.0038354188438428
1558,0.07148200111531366
1559,-0.5178539759024627
1560,-0.8172923078407561
1561,-0.2543416984797163
1562,0.20923286939764302
1563,-0.5288539025236805
1564,0.3543832576521764
1565,0.45571638456747
1566,0.24882425521120355
1567,-0.336334894926293
1568,0.3897192036600248
1569,0.526293807091348
1570,0.4679330094902453
1571,0.3393386911288784
1572,0.0047422157519756425
1573,0.4386121722892262
1574,-0.20122500015207612
1575,0.009349873496613759
1576,-0.0595659848520399
1577,0.39113872216504
1578,0.2000570327846361
1579,-0.10994620400913835
1580,0.20062354414676814
1581,-0.2327776721585444
1582,0.3178918736129143
1583,0.36156678184159746
1584,0.6657265506069817
1585,0.05240337751055124
1586,-0.8031596161369788
1587,-0.13367568168788624
1588,0.4923718357531071
1589,-0.18274770773874094
1590,-0.5041656078477214
1591,0.08501035979437188
1592,0.30788723931536915
1593,-0.4086182764527019
1594,0.3454178767654429
1595,-0.08871479819619321
1596,0.3677261067365293
1597,0.11646090099927198
1598,0.16564033543389345
1599,0.28230088187436997
1600,0.028525193213604916
1601,0.30165091926412435
1602,0.1739327881229128
1603,0.32991125720407816
1604,0.5145158241102878
1605,-0.05021253631191591
1606,-0.5501434528241524
1607,0.3691935982651663
1608,-0.10377220509257146
1609,0.04558925486088827
1610,-0.306967294476291
1611,0.49222066899492595
1612,0.5853607982392797
1613,-0.8071273054928728
1614,0.27233846806358275
1615,0.2283354480328007
1616,0.519872784372416
1617,0.29080784379464636
1618,0.06878616834777784
1619,0.15661723176245856
1620,0.14891894829927355
1621,0.3222689794746229
1622,0.11086183759299562
1623,0.12555994032292928
1624,0.4077001771440359
1625,0.37675499889728137
1626,-0.5372676036334356
1627,0.37169480282557543
1628,-0.4364579842309382
1629,0.24882425521120355
1630,0.329039198405113
1631,-0.16094489745194385
1632,0.4610252434684933
1633,-0.003508623386480947
1634,-0.16485669820161308
1635,0.3312958830564099
1636,0.23564742230250046
1637,0.34246973202791586
1638,0.45686009238888975
1639,0.35636969622105685
1640,0.2247853709948005
1641,0.417116428943595
1642,0.6220392125181156
1643,0.11044931905285893
1644,0.4341070793485454
1645,-0.3606984021331582
1646,-0.39206285646513594
1647,0.34756940382234813
1648,-0.08871479819619321
1649,-0.0656876671524923
1650,-0.42429903688152204
1651,0.27800660536433774
1652,0.5189802820506195
1653,-0.0600821433396278
1654,0.32589597129631576
1655,-0.19072592605827088
1656,0.32636531202899316
1657,0.008673107998708462
1658,0.197631154764409
1659,0.32003684213876055
1660,0.2530525913301943
1661,0.29679890394756653
1662,-0.4859409583821628
1663,-0.21144403648997023
1664,0.147486623479962
1665,0.2509806438183976
1666,-0.010642545247250057
1667,0.1452862760067618
1668,0.23564742230250046
1669,0.22528722637110954
1670,0.3346484240657483
1671,0.41450875299026674
1672,0.0416939457373956
1673,0.2634052855124879
1674,-0.6727525189388731
1675,0.530867257012149
1676,-0.014262149777526378
1677,0.4611996463592851
1678,0.45826349842670183
1679,0.3676574122059983
1680,0.274076453035349
1681,0.11452391097553127
1682,0.7139308848541837
1683,0.34344268527721494
1684,-0.3534497263802697
1685,-0.2256604896240455
1686,0.48779007057599694
1687,0.18777605812418796
1688,-0.1203144181734106
1689,-0.06440712380072411
1690,0.04247251527552787
1691,-0.19150765042634643
1692,0.1054335976262521
1693,0.37624270571420004
1694,0.26578114537051273
1695,0.28573240285715745
1696,0.3313578478975468
1697,0.3497145020357241
1698,0.03591305886263563
1699,-0.021945091160109897
1700,0.09693987608726573
1701,-0.25273109329576415
1702,-0.11523706172599701
1703,0.2264169873687174
1704,-0.09878065012721193
1705,0.20923286939764302
1706,-0.8425408865317497
1707,0.13166885199286932
1708,0.10428920723006518
1709,0.33222050785648044
1710,-0.14236539906474732
1711,-0.23153219056237906
1712,0.31828576117625984
1713,0.3158046403406344
1714,0.19890724628876655
1715,0.34384734922509086
1716,0.23047285968181563
1717,-0.4463380516621841
1718,0.47324679929285857
1719,0.34412355089783253
1720,-0.2883367580329729
1721,0.3793653299009069
1722,0.14845855186599644
1723,0.15467562378357297
1724,0.28956070944704954
1725,0.6395868523156922
1726,0.3477564159420641
1727,0.23332940824273785
1728,0.3107015331383891
1729,-0.1928754536841556
1730,-0.29532651047093583
1731,-0.010917098318909524
1732,0.6315062281901959
1733,0.5913397081406351
1734,0.5205670616576004
1735,0.38615035617495275
1736,0.29647001415868346
1737,0.01749709720239434
1738,-0.132301413639494
1739,0.20582243402630712
1740,0.12193010622095535
1741,0.20660256158662282
1742,-0.25950988278168796
1743,-0.5533210662374266
1744,-0.6514430052734146
1745,-0.07872087225574087
1746,0.252206440895556
1747,-0.07172350736189192
1748,0.10383529010004366
1749,0.37658689201397083
1750,0.32581179515237674
1751,0.5341518712601173
1752,0.27174469002473595
1753,0.16418114503874293
1754,0.2986242920157915
1755,0.2222094341785078
1756,-0.1215573190697552
1757,0.09170558786040528
1758,-0.05116374629124565
1759,-0.09878065012721193
1760,0.4275787807188769
1761,-0.02977448506526692
1762,0.18015095391457892
1763,0.4006408646695886
1764,0.142355354718244
1765,0.17778632840504843
1766,0.359110679333763
1767,0.7047003518830606
1768,-0.3172853990531872
1769,0.2826644024559214
1770,-0.48678352079364484
1771,-0.7435620291825866
1772,0.46525360228247653
1773,0.21519193256538616
1774,0.4069336476592911
1775,-0.3301059236970322
1776,0.0465561586640888
1777,0.20379037073487277
1778,0.1978898176713918
1779,0.2572940755646241
1780,0.28334872190857696
1781,-0.16248133940103082
1782,-0.12437143354771274
1783,0.1912797420902178
1784,0.22653871708250495
1785,0.22285188952925045
1786,0.2410962418849012
1787,0.09118797082374153
1788,0.1806149694987001
1789,0.39358055686306437
1790,-0.10570075715058858
1791,0.46820769248574257
1792,-0.22718791842750174
1793,0.13580682396681543
1794,0.27582799674832315
1795,0.14887051864569634
1796,-0.22250597373610803
1797,0.16351861483335184
1798,0.2761469805235647
1799,0.36669854567214877
1800,0.233316080794307
1801,-0.2229278019785873
1802,0.15835627839278488
1803,0.25919451672537785
1804,0.1983689107674213
1805,0.08812204221520126
1806,0.33554709431624635
1807,0.5279643047029123
1808,0.1388597005985357
1809,-0.4850907045557725
1810,-0.40376298696422797
1811,0.13329049994034942
1812,0.20624442172210583
1813,0.439582892899635
1814,0.31768813232279575
1815,0.14887051864569634
1816,0.4710400745888759
1817,0.3919832802858511
1818,0.33549182502138536
1819,0.39628616254261395
1820,0.4183941344701004
1821,-0.07172109984061792
1822,0.07960124709134919
1823,0.2854411313721896
1824,0.26611494450183326
1825,0.06613116668638686
1826,-0.21612676942382347
1827,0.33352420797061105
1828,0.15335661427404712
1829,0.05271905699716206
1830,-0.2755878248733349
1831,0.5515071736915416
1832,0.11086183759299562
1833,-0.07996326341232396
1834,0.1610248312775054
1835,0.332172145299791
1836,0.3378134018396751
1837,0.020198487522038233
1838,0.2953719419594725
1839,0.3134427570898352
1840,-0.5856377469559304
1841,-0.5517089523303493
1842,-0.24613101197787823
1843,0.32201909166893394
1844,0.5187741446515679
1845,0.3945374985471686
1846,-0.12143059557186842
1847,-0.025246414834689923
1848,0.005309335015323158
1849,-0.5218332032882739
1850,-0.1525210607455595
1851,0.15544212585854467
1852,0.04247251527552787
1853,0.244520808748578
1854,0.27270574964732774
1855,-0.5584171063699601
1856,0.6128736682673618
1857,0.10708774730913295
1858,0.2217117453380909
1859,0.37249383542813386
1860,-0.09512807522719013
1861,0.0690922457259735
1862,-0.21000325177167734
1863,0.0195411311016207
1864,0.08205334124494101
1865,0.3197707112605117
1866,0.26049271542111796
1867,0.22927655099340577
1868,-0.6543616872358599
1869,0.5868980641610919
1870,0.48271412416091125
1871,0.30378736063801587
1872,0.6915281675606678
1873,-0.08628679172792153
1874,0.6233808648409007
1875,0.1638956949614594
1876,-0.09124012655980485
1877,0.23372892167790776
1878,0.210067846992815
1879,0.5390953553061275
1880,0.42275936713435824
1881,0.2960262403851328
1882,0.15335661427404712
1883,0.19754133600713664
1884,-0.7402840998452266
1885,0.27988337197259444
1886,-0.00465630021458896
1887,0.40167203331526213
1888,-0.4440395192942803
1889,-0.2516831238788252
1890,0.2330127451225491
1891,0.17778632840504843
1892,-0.32483328853706694
1893,-0.38856481425222167
1894,0.1831146241225572
1895,0.274064770780474
1896,0.3353632252524743
1897,-0.4388511166925144
1898,0.6033759044184472
1899,0.2106535889531712
1900,0.12715591634330137
1901,0.4351360649064157
1902,0.3447004375005258
1903,-0.040009024680268346
1904,0.326280373926434
1905,-1.1021247369101075
1906,-0.4038685318327033
1907,0.3691935982651663
1908,-0.4219641185419962
1909,0.4168460844180778
1910,0.008673107998708462
1911,-0.9247691494884656
1912,0.23247930991116583
1913,-0.25698047822206205
1914,0.22980580576159226
1915,0.39595960734678265
1916,-0.6648749910171324
1917,0.21204171822506956
1918,0.48833562925560253
1919,-0.7281639541859377
1920,0.47987871739177657
1921,0.375810305426609
1922,0.22980580576159226
1923,0.2766672492562062
1924,-0.6528961227214807
1925,-0.29402341107204155
1926,0.04445504332977934
1927,0.23342759127856316
1928,0.4923055778338795
1929,0.016324329141353733
1930,0.19124844098094057
1931,-0.2762665715809385
1932,-0.6222160315370159
1933,0.18544601159838808
1934,-0.09685324672082074
1935,0.5032058971622898
1936,0.14887051864569634
1937,0.08806695745950854
1938,0.11086183759299562
1939,-0.8232506731772513
1940,0.23644175696946734
1941,0.24195214183620417
1942,-0.5218332032882739
1943,0.3160134964522399
1944,0.23020121065306942
1945,0.26611494450183326
1946,-0.010916444740088127
1947,-0.9505844065901007
1948,-0.18693233207834747
1949,0.6093830769964221
1950,0.28230088187436997
1951,0.18952700115199833
1952,0.18660379924027204
1953,-0.5041405477417698
1954,0.3457809318051926
1955,-0.0003329988400984085
1956,-0.4053727387627931
1957,0.4146072278387895
1958,0.30159207246927955
1959,0.06503257868199874
1960,0.28230088187436997
1961,0.02663372266802566
1962,-0.11616522572998722
1963,0.13159131883222108
1964,0.17138393213814063
1965,-0.987433570793229
1966,0.19649198723856043
1967,0.3264503261993725
1968,0.4460208552510056
1969,-0.09601995161225418
1970,0.32991125720407816
1971,-0.6803148416616462
1972,-0.010917098318909524
1973,0.232195535943525
1974,-0.1338616547574707
1975,-0.04707378219866465
1976,0.39163118679589076
1977,-0.787583790786612
1978,0.48432718938024855
1979,-1.0178748773158954
1980,0.0927738453993856
1981,-0.022940854808744637
1982,0.5188207318981896
1983,0.3637510467979896
1984,0.16239398834087693
1985,-0.40607442200490895
1986,0.4497448507510302
1987,0.04247251527552787
1988,-0.5306236376212881
1989,-0.27944211784384876
1990,-0.7011623725901758
1991,-0.11616522572998722
1992,0.2330127451225491
1993,-0.3874298416125507
1994,0.07957639698596419
1995,0.5922094136804685
1996,0.29679138446790426
1997,-0.6153176217537416
1998,0.43962846899013935
1999,-0.5781312679965493
2000,0.6250947196629414
2001,0.3313664550761334
2002,-0.06500817920100022
2003,0.468592934785006
2004,0.08042593379019503
2005,-1.163782768134138
2006,0.29080784379464636
2007,-0.7369322530899667
2008,-0.03898381397839301
2009,-0.29299385889501595
2010,0.4015945443967372
2011,0.2341910876577995
2012,0.2903885673023972
2013,-0.262293688838533
2014,0.4157369664949122
2015,0.4254545507238826
2016,0.4069336476592911
2017,-0.19275306837876827
2018,0.19401313274899945
2019,0.253275937145506
2020,0.3699895410448425
2021,0.29311888666875985
2022,0.10513414478906236
2023,0.06399656503833628
2024,0.379858358702382
2025,-0.5213618065211493
2026,-0.09208808380469968
2027,0.37344890023349564
2028,0.3542163054824788
2029,0.38820758903039004
2030,-0.12197092097206685
2031,0.3981701980604825
2032,-0.08727574026007223
2033,-0.175658232085402
2034,-0.7020679514017403
2035,0.4236773921343918
2036,0.37937909704425316
2037,0.37472670126679575
2038,0.5420194022340826
2039,0.30378736063801587
2040,0.33151674172612094
2041,0.5515839630775011
2042,0.19406455734742617
2043,0.07960124709134919
2044,0.3740396355151101
2045,-1.0087516709034192
2046,-0.27556536303347556
2047,-0.4058146256090521
2048,-0.30575445627132025
2049,-0.46725725456963974
2050,-0.7462497584747967
2051,0.25217563165666856
2052,0.27415370605352407
2053,0.560158735087401
2054,-0.06864697338764436
2055,-0.11616522572998722
2056,0.2202500311209682
2057,0.40263531263652974
2058,-1.1068080511620106
2059,-0.2755878248733349
2060,0.674086601809715
2061,-0.007971025036220714
2062,0.16876914298261103
2063,-1.0543228386980015
2064,0.5825811064655189
2065,0.3578167703892339
2066,-0.20950312937612436
2067,0.406511622686473
2068,0.3371524512961991
2069,0.37524714822117294
2070,0.31360458823505066
2071,0.3551947538155914
2072,-0.25668912343527983
2073,0.01033422978518983
2074,0.4499339780427047
2075,0.15736334715387812
2076,0.38916644584540316
2077,0.3678181961875563
2078,0.34730919400765237
2079,0.5698530095314566
2080,0.4157095370206597
2081,0.4892262750556499
2082,0.004225177744267006
2083,0.48207563702314177
2084,0.26474877238260003
2085,0.6395395799473084
2086,0.40798965052920666
2087,0.15392128475135747
2088,0.29568340572433005
2089,0.031948872592591715
2090,0.23119735319100593
2091,0.3187442204611319
2092,-0.8058993559924151
2093,0.37881605276187724
2094,0.3634351970660916
2095,0.6684108885218911
2096,-0.07229180893531861
2097,0.18093270423390695
2098,0.36645193618099037
2099,0.395496640165756
2100,0.13623362078106827
2101,-0.028624039591981232
2102,0.13775203126856406
2103,0.3518251221660986
2104,0.18531379877198262
2105,0.20840559511391415
2106,0.35666269557537134
2107,0.3691935982651663
2108,0.5475928339654725
2109,-1.0038147668482704
2110,0.1040516752780477
2111,-0.12817816601668564
2112,0.1532192785696067
2113,0.10429268068021291
2114,0.008673107998708462
2115,-0.5816582872531607
2116,0.4290499083503708
2117,-0.10581351344902956
2118,0.04788243486290067
2119,0.2837520036680766
2120,0.09599756626755745
2121,0.36218135147446784
2122,0.19116528910613317
2123,0.30853274704516775
2124,-0.4909295410276927
2125,-0.8973121323516878
2126,0.367727842772365
2127,-0.22063571186098596
2128,0.25769982465657987
2129,-0.924216302042033
2130,0.33385794544189656
2131,0.22542267433154523
2132,0.11604363460439171
2133,0.5718823840425873
2134,-0.6235016284855089
2135,0.5665605551333919
2136,0.26089087376720754
2137,0.5673483512522006
2138,0.20379037073487277
2139,-0.1121450740164256
2140,0.047727991892129173
2141,0.3314089771708094
2142,0.0562755683998869
2143,-0.6085992656330402
2144,0.16954034182864208
2145,0.36131719201178714
2146,0.42187013816315677
2147,0.24294378182859772
2148,0.15846730027603834
2149,0.39105526962127835
2150,-0.04454427809917949
2151,0.4197000013673604
2152,0.37169970047359063
2153,0.20561185369532597
2154,0.5330572509892944
2155,0.13572350596804
2156,0.3414583372274541
2157,0.3886059111567914
2158,-0.6452232321671872
2159,0.13353487809084486
2160,0.18854135958291013
2161,0.5010461028161189
2162,-0.2807080636037821
2163,0.18854135958291013
2164,-0.27776384371785634
