,pve
0,0.30028358449518283
1,0.09317755268633654
2,-0.5585322736024209
3,-0.005424273919813705
4,0.08813029218963125
5,0.25749212759142226
6,-0.12828934847268358
7,0.15552857868551018
8,-0.13761462840142613
9,-0.023757382486649048
10,0.39507194584414806
11,-0.04628458231691923
12,0.22051240145280315
13,-0.16812269882455055
14,0.41716501919105015
15,-0.1673663564057708
16,-0.0003828055993772006
17,-0.5142083365911563
18,0.4353330244533009
19,0.13493455381353847
20,0.11024518009534956
21,0.2564030945703162
22,-0.1920927237996789
23,0.12783273812738416
24,-0.011889613790561526
25,-0.3433726824027272
26,-0.4411898111132293
27,0.3509853293120434
28,-0.326663503065605
29,0.06655339807530847
30,0.054878308116651286
31,0.4842957987672087
32,0.3435484022893781
33,0.08164728343636252
34,-0.35725327523648076
35,0.4516163957796431
36,-0.25697805863079504
37,0.23262005078075804
38,-0.04849915704013508
39,0.470032411968851
40,-0.2975092102786574
41,-0.22067913693323327
42,0.23774215308069951
43,-0.44378200458619765
44,-0.5049367899362761
45,-0.18622198747509733
46,0.1453565704540154
47,0.2084431204872741
48,0.199697403175901
49,0.36799453961651807
50,-0.1793791619545605
51,0.1864016675435296
52,0.2601902787589827
53,-0.41288035490956576
54,-0.2226949106261097
55,0.1151445097868124
56,-0.030305472018388846
57,0.21294088014833706
58,0.22176907833157106
59,0.021262803819648957
60,-0.015343626419273115
61,0.4477543216762756
62,0.30512844393346333
63,0.22123499861440876
64,0.2757705081704478
65,0.37950696840429343
66,0.39509309202001125
67,-0.4101302737952326
68,0.14482742726092263
69,-0.10596202233912821
70,0.10054677543580459
71,0.27859162213316907
72,-0.49816807826986365
73,-0.41846653340581164
74,-0.0779755631601563
75,-0.5160401351747673
76,0.13704714636458915
77,-0.38469404153526265
78,0.22218438465320045
79,0.14243486996125176
80,0.4370460102270184
81,-0.6611997327800956
82,0.5826565134790103
83,-0.020008028070005124
84,-0.08054999569647947
85,0.18103088852065152
86,0.27100730910037374
87,0.31548611975160745
88,0.30566281623670377
89,0.3077824343500345
90,0.17142788392005792
91,0.4464247129422555
92,0.02081938740072753
93,0.16101226582868033
94,-0.03185660513943034
95,-0.09504907294349751
96,-0.7019165691330801
97,0.187120764587076
98,0.3905645412370653
99,0.27859162213316907
100,-0.011105310395193468
101,0.20670665760181273
102,-0.04779472803935958
103,0.3687499236964152
104,0.3807927250340536
105,0.11403953893145025
106,0.16906984441602402
107,0.054345636438999145
108,0.033503153751330006
109,0.1350677837589212
110,0.013165282994887173
111,0.07635272975721352
112,0.2633652413700318
113,0.4635391779602591
114,0.2397607082513411
115,-0.5340181145614222
116,0.5819019809832837
117,0.16641121226892508
118,-0.18763525139582893
119,-0.288776132379704
120,0.16977873902261076
121,-0.09518718625084599
122,0.07727818729414049
123,-0.1712870637042041
124,-0.10196484676014306
125,0.10561351122881779
126,0.06125493723606196
127,0.366021199363631
128,0.40783939299119376
129,-0.6905081726989031
130,-0.4701240484465845
131,-0.7908986328441631
132,0.0614136151328869
133,0.11649495202387283
134,-0.3435826110890523
135,0.3213686849661266
136,0.24311707205641864
137,-0.154102970461661
138,-0.155048549760597
139,0.16455469545018347
140,-0.774013654339338
141,-0.07402033671419384
142,-0.07590670740872363
143,0.5748802253074647
144,-0.1061979194282704
145,0.33478354418167083
146,0.1831686094361552
147,-0.2603614729613315
148,0.3020562071390535
149,-0.16212365289403674
150,0.04739988205255963
151,-0.04628458231691923
152,-0.6288245473158592
153,-0.0463898751916737
154,-0.21567375611894324
155,-0.02409213768323981
156,-0.15073004260101808
157,0.057067523119732955
158,0.08501177488132283
159,0.12443476438362111
160,0.286948593410124
161,0.22051240145280315
162,0.2508209156813103
163,0.1130566314629326
164,0.07329372540027734
165,-0.3736562006228701
166,0.026586797889954217
167,0.22972612290063305
168,0.4034243716864182
169,-0.31051355175326667
170,0.0007221249103787075
171,0.13430771463983232
172,-0.7445496703568699
173,0.14576419719223727
174,0.3155945561252496
175,-0.3339582556558165
176,-0.4257619773787997
177,0.41722209968111895
178,0.20910144583058743
179,-0.3197850445193188
180,0.3889544064438042
181,-0.041260866015039865
182,0.1411242131768239
183,0.1767905982937194
184,0.7276994985486819
185,0.029355114203952037
186,0.36784486462643506
187,-0.22206360450850204
188,-0.6717151442174443
189,0.34189521496578246
190,0.06289940892196766
191,0.1497744447061774
192,-0.4448724163057285
193,-0.25385877520901035
194,-0.2515964321474147
195,0.21353368783241478
196,0.15807913995180511
197,0.2876604358345179
198,0.26624983610572467
199,0.0448127046014411
200,-0.041618459163706434
201,0.5689186556784447
202,-0.5995491121757481
203,-1.016762463599761
204,0.4713991373179864
205,0.07634337631705856
206,-0.041027522462029675
207,-0.4251786385620355
208,0.34626367685488235
209,0.27058828519532496
210,0.44413810833157163
211,0.208100372780739
212,0.1596233486947885
213,-0.12748772997045754
214,-0.043536238143427
215,0.4973207896431538
216,0.14577715997821983
217,0.15693167323734375
218,0.13401033283455738
219,-0.12115002281419984
220,0.08800449824526063
221,0.199319199187036
222,0.2245975565836112
223,-0.0603563465200343
224,-0.29570433372753224
225,0.1846919079894252
226,-0.38693495455383164
227,0.3435484022893781
228,-0.30153153800323784
229,-0.34146802451873104
230,-0.10776520909804765
231,-0.1078063325087929
232,-0.24926511398140794
233,-0.03789757035821728
234,0.39388353725489933
235,0.01678230948879922
236,0.24521322584829114
237,-0.5564593049206552
238,0.14694259230474876
239,0.07104927432003016
240,0.2806152098571877
241,-0.30921900941197134
242,-0.014083426685822409
243,-0.5960648542316075
244,0.20987935797683743
245,-0.19231458748402153
246,0.06285869808587374
247,0.6708868746424131
248,-0.5915962009681397
249,0.041384421055827736
250,-0.4971679952255088
251,-0.700860726334644
252,0.26385408455865555
253,-0.5329540860421099
254,0.3974766657431976
255,0.11373389751557433
256,0.03257629079049784
257,0.11658029858086355
258,0.0041595763585629
259,0.4126071835839582
260,-0.06985130489959734
261,0.1384776366806592
262,-0.05228258146549869
263,0.291040681611982
264,-0.34693577519314966
265,-0.12738363863519253
266,0.18514547707634138
267,-0.13577598433390725
268,0.09186657131973686
269,0.2281171740494618
270,0.0041595763585629
271,-0.6233452040844345
272,-0.08854979161923338
273,0.19387884846428854
274,-0.2197265467522006
275,0.2195145903628089
276,0.3172816831485874
277,-0.09690811616366346
278,-0.09415848934577009
279,0.7050949072916578
280,-0.2102304447248553
281,0.022455749702608885
282,0.13774466187231854
283,-0.21051654702856681
284,0.2525744046855357
285,0.14579291979782644
286,-0.0060402315592915645
287,0.23697813122306388
288,0.18415538981110458
289,-0.07756216700316354
290,-0.007741625660029006
291,-0.10022660167234587
292,0.36747576008931226
293,0.04040248566074556
294,-0.33258811204230176
295,-0.2183110621740807
296,-0.5689070981156952
297,-0.008301920920635308
298,0.34177081860327685
299,0.11889431003512363
300,0.2408236274276216
301,0.15365829013362614
302,0.37634737824845477
303,0.2535575986945475
304,-0.1067406738047505
305,0.3278909593971546
306,0.30584303894338194
307,0.42227937299223495
308,0.3648931227253047
309,-0.2069137704058348
310,0.1374368535783202
311,-0.01293546244780197
312,0.36284760080235134
313,0.26186446401538105
314,-0.09718148332269905
315,-0.12708940543725222
316,0.39808438716264094
317,0.06301262448269862
318,0.1896180241391457
319,0.41895340933090164
320,0.31836455068656827
321,0.3379219782485101
322,0.11229155505661598
323,0.014154097643018226
324,-0.43342480595101796
325,0.03541862209168534
326,-0.4671271122556804
327,0.2671845334430428
328,0.34177081860327685
329,-0.25413153803387045
330,0.1626182198636551
331,0.08596960483131
332,0.08777104900569527
333,-0.04434513687419506
334,-0.01656301251777259
335,-0.1632091040743171
336,0.5330989776362174
337,0.3531431933285929
338,0.19080868186416017
339,-0.06451470519470748
340,-0.15342147137401907
341,-0.06028060521731515
342,0.33610957355850746
343,0.3077708791446627
344,0.1741469862074757
345,0.14376819253376372
346,0.3409720904115999
347,0.29735775470592557
348,0.31080347415243237
349,0.28517467728866985
350,0.16390467054079005
351,0.10561351122881779
352,0.3190389354310965
353,-0.010729812322809895
354,-0.11549534344052226
355,-0.4926904005930466
356,0.15095523428711055
357,0.1753991297492169
358,0.3105505698316377
359,0.14759624500148866
360,-0.21242043007850508
361,0.16061998405961297
362,0.5757599602167999
363,0.3229017262071765
364,0.09486080132560304
365,-0.29320433110147803
366,0.11353460453307634
367,-0.6052035470631393
368,-0.1825723034449518
369,0.34193498364289454
370,-0.1698136750049838
371,-0.5869015553523177
372,-0.1388636112621897
373,-0.29124432467846084
374,-0.0689162611807248
375,-0.2621736067993463
376,0.3305637796838572
377,0.08230930857997393
378,-0.011465708025552801
379,0.18471022969384432
380,0.390300802538616
381,0.29757868156773803
382,0.09547580172480041
383,0.020492101915339234
384,-0.37852429978763436
385,-0.08900428756077527
386,0.29085149726258097
387,0.1747436305006025
388,0.5544108353985497
389,0.1225090457462013
390,-0.5696142711281031
391,0.09998745251565533
392,0.32685590917173024
393,0.23596263751009716
394,0.38705030269927976
395,0.24590175686308713
396,0.3364992076544367
397,-0.1542610292731088
398,-0.12968435310620952
399,0.13049396009045905
400,0.07840337792847385
401,-0.23930218701596395
402,0.06012174041538221
403,0.0895342827849342
404,-1.3634037034412547
405,-0.07356932526982474
406,-0.10931972688346558
407,0.1442393407605005
408,0.36531476987639017
409,0.1363886996470683
410,0.39844570761643466
411,-0.31606067377426483
412,0.3546638750222581
413,-0.31222083094186637
414,-0.2780166678319451
415,0.069415863608987
416,0.04283508866097091
417,0.004793007684316564
418,-0.0522908956306698
419,0.0638862868683735
420,-0.10524320013401334
421,0.20974376715455723
422,-0.3342750100602443
423,-0.19516833325447736
424,-0.14395096512996342
425,-0.3049013143989395
426,-0.21693636129132343
427,-0.1715585615851668
428,-0.49087364403518885
429,-0.24616503849257887
430,-0.09428351079534125
431,0.4997773514297531
432,0.3755413146739741
433,-0.2363374435579999
434,-0.48705597157505975
435,-0.5266944013334992
436,0.00040982026280400596
437,0.21162173566604303
438,0.055250647180907664
439,0.46994292562773804
440,-0.02647910227212169
441,-0.20603783292703604
442,0.35478499862091895
443,-0.5195370783466696
444,-0.011681281940186916
445,-0.129296623203507
446,0.2792088945002876
447,-0.001975594532017899
448,-0.3260168244075138
449,0.2166032914556656
450,0.08907202441858375
451,0.3986077907011931
452,-0.2044226250623492
453,0.15533995972434966
454,0.2802322141904695
455,0.14505397989112156
456,0.3488857321045963
457,-0.39448367526474337
458,0.3508272160148039
459,0.4575431006252112
460,0.15015274548706337
461,-0.34803445250803167
462,0.3892037921849225
463,-0.13345997375319252
464,-0.030688771724262542
465,0.11009569552160858
466,0.0063167096090772645
467,-0.0370720901811602
468,0.14085878665682283
469,0.013873013019911506
470,-0.3746988313554873
471,-0.31883403618694495
472,-0.08970061561387543
473,0.36784486462643506
474,0.07630163124510281
475,0.3347967310821583
476,-0.09160577693331606
477,-0.21380025297363225
478,-0.11686319436630055
479,-0.3487108905336407
480,-0.17644038050520694
481,0.006366611968490088
482,-0.22541636055135905
483,0.5278999937590932
484,0.4027907773313438
485,0.05972057074062076
486,0.13126701481805758
487,0.23236229336857084
488,0.20917567902283313
489,-0.2923485953922138
490,0.1581424449061679
491,-0.21082844096570952
492,0.20280593974907501
493,0.0272063452380803
494,0.13541206978875964
495,0.3802963427804191
496,0.2903823650481644
497,0.37254727361113577
498,0.0515442394801493
499,0.12652096927240897
500,-0.11586270511157426
501,0.07813722711241816
502,0.009344606715509296
503,-0.18634342929317937
504,-0.1582754829849996
505,0.07213319476129743
506,0.06731437489336445
507,-0.8634908641383104
508,0.08196740390384438
509,0.28760115630921634
510,0.29763588096722093
511,0.2511399915569685
512,0.18026279103039056
513,-0.298689527679716
514,0.28537429374297846
515,0.037059491692290836
516,0.3157102183375612
517,-0.22736677136857253
518,0.31240096451269783
519,-0.02275765178909206
520,0.1666203293383306
521,0.08501177488132283
522,0.017235549570706832
523,0.33741717327405013
524,0.17496149751869772
525,0.19629525728363761
526,-0.04488278783249722
527,-0.7495294183020775
528,0.05467707025244972
529,0.5411333032791632
530,-0.017623228376053124
531,-0.12726143487490793
532,0.08623129899640858
533,-0.13201254853366917
534,-0.15470521425561023
535,0.1642915647994816
536,0.13026877909590562
537,0.08926470203906695
538,-0.31678729442302045
539,0.02675682161342996
540,0.2310612625296009
541,0.051122013037146474
542,-0.5682821022180369
543,0.19211481528699237
544,0.44753237633113674
545,-0.011465708025552801
546,-0.0992922405553277
547,0.10801687927831238
548,0.388597045522289
549,0.14243548252100663
550,-0.1047159302372851
551,0.016902555389153195
552,0.14131252704676334
553,-0.7900263601881421
554,0.36517864821412915
555,0.40532612888098235
556,0.029458390101751886
557,-0.9011392457779599
558,-0.2465409182693129
559,0.16353292765947908
560,0.370934638879479
561,-0.36251212066559835
562,-0.4870043373599493
563,0.2731592890012306
564,0.26556411102911454
565,-0.07442681333308776
566,0.051407433955659165
567,0.001749587327951052
568,-0.6775177961691724
569,0.28061042782195544
570,0.30465679078140634
571,-0.8845367273461229
572,0.3442654527016992
573,0.3826352440061579
574,0.15318638533030293
575,0.12573221317159172
576,0.30876748070760507
577,-0.39730044074295356
578,0.40488586071613286
579,-0.12362688684482559
580,0.13788722610094695
581,-0.6247255085834332
582,0.021059575435246947
583,0.07939333148613992
584,-0.4756112401053706
585,-0.21909595363933865
586,-0.085065494619875
587,0.1409707065757596
588,0.033092457319453705
589,-0.18746423113474175
590,0.20144307126332828
591,0.2594467376191889
592,-0.022664625318071563
593,0.3013869204954357
594,-0.29776864160358585
595,0.0024865024833072846
596,0.04722074984280633
597,0.17879818791045055
598,0.17256694961639296
599,0.42576969417466964
600,0.18186589399466202
601,0.13722214251378406
602,0.03138723823100176
603,-0.4719079079476618
604,-0.1160543836682324
605,0.1243849510664321
606,0.11009569552160858
607,-0.07376298548943283
608,-0.12998077115498508
609,0.4171775200244675
610,-0.3709317657180743
611,0.34940819923119076
612,0.39949849750707783
613,0.034503501328446484
614,0.07618009428079797
615,-0.24026962506482963
616,0.39077006824387384
617,-0.4562321091741517
618,0.03073174634954401
619,-0.6672415449892338
620,-0.5920762355663962
621,0.2511399915569685
622,0.2854482876495396
623,0.06259161588317297
624,0.09364384926612024
625,-0.35250131319089517
626,-0.19597340489585968
627,0.4277037876113666
628,0.2446066020357428
629,0.17178256959425675
630,-0.11077685599943277
631,0.19354871189378908
632,0.11462394479116866
633,-0.0977645608873845
634,0.01948723654545126
635,-0.0685484210762819
636,-0.3365904147319415
637,0.03328763417339775
638,-0.8033094172758091
639,0.04071470165193991
640,0.14829786133469358
641,0.017360366311367614
642,0.23233615493659737
643,-0.17743157535046616
644,0.14518568530098663
645,0.3002205667258219
646,-0.11682901996253947
647,0.19184857223974944
648,0.07706054595972933
649,-0.3839936264035093
650,-0.3067177705748976
651,0.40699073146873666
652,0.1447948266142418
653,-0.09147891969094046
654,0.06285869808587374
655,0.501915883196787
656,0.41480238916981155
657,0.44146168773094124
658,0.5777633054332787
659,-0.15390070433950298
660,0.08813029218963125
661,0.3172816831485874
662,0.4102323324789696
663,0.0007221249103787075
664,0.39466939401251533
665,-0.16879327694676827
666,0.31132338998339504
667,0.40764273138482154
668,-0.18628920109229097
669,0.21079072102654267
670,0.24388212364138506
671,0.38970891406619734
672,0.049356771738436556
673,0.37592863860512366
674,0.03540640163457731
675,0.044891063388094454
676,0.3172205384803555
677,0.6332723206165554
678,-0.07647780390321612
679,0.3874949309573151
680,-0.6741011021619538
681,0.1747436305006025
682,-0.02234222950801834
683,0.3466408343460475
684,-0.19558623354640303
685,-0.37449394643850054
686,0.41026011820120045
687,0.138131393625739
688,-0.3803927688463207
689,0.21300284780874745
690,0.1975118975315303
691,-0.17200689670468927
692,0.26137070443964794
693,-0.3812283677737476
694,0.09910369681280512
695,0.5008146461366872
696,-0.1258726930796502
697,-0.17490154673139724
698,-0.22549764429405872
699,0.22195691448803145
700,0.25923563921158077
701,-0.18400851161386222
702,0.4685174089189211
703,-0.04072304859877918
704,-0.014126288416851374
705,0.004540371134739263
706,-0.1701043003921595
707,0.34358557160781766
708,0.08172981165676818
709,-0.00863214705300952
710,0.0775051847283229
711,0.1591640296420218
712,-0.17153321714563996
713,0.21998327443367022
714,-0.1736574040778368
715,0.51277933236601
716,0.4884009374724321
717,0.10002899541221588
718,0.14618577119410503
719,0.084792621285177
720,0.5694851032895895
721,0.33459857476374893
722,-0.11673209007593499
723,-0.3429022920465046
724,0.3699067104661824
725,0.1841310200306604
726,-0.1686896702123607
727,0.2427473906938863
728,0.3918684632741058
729,0.5219888923311204
730,0.3444443118509656
731,-0.13140889284370016
732,0.335098740654294
733,0.26624983610572467
734,-0.09613582688035827
735,-0.015645776287977142
736,0.21190752433759852
737,-0.019544752080449923
738,0.25526260980655313
739,0.012834099664353449
740,-0.06451470519470748
741,-0.1650123374760677
742,0.0340163562675338
743,-0.007741625660029006
744,-1.0475226762205572
745,-0.1549867053866637
746,0.45178880755208806
747,0.2195659834327235
748,0.1482465968077185
749,0.24178425601962428
750,-0.2024325999465031
751,-0.18534666208601047
752,0.42446282666056817
753,-0.05506998047441736
754,-0.14678255726796818
755,0.10191781922744353
756,0.0016316089921069032
757,0.20953661613071983
758,0.10527939396844349
759,0.15299773265625188
760,-0.5955254818627285
761,0.3377521476869869
762,-0.10495240012894858
763,0.510585582429349
764,-0.03576320827517909
765,0.041460348194144125
766,0.19971247573040773
767,0.18947760274720044
768,0.526347796589436
769,0.19746574132599154
770,-0.6595544934524415
771,-0.15455919110998062
772,0.46008919108786306
773,-0.24493168902568052
774,-0.014083426685822409
775,0.37947953829179415
776,0.1406027675232514
777,0.2249418207219544
778,0.1516644384255511
779,-0.16096812411883454
780,0.2991909893016444
781,-0.7759204531941462
782,0.1585533089192659
783,-0.20311126436832694
784,-0.30529042246406424
785,0.2143569784445889
786,0.16501047130648522
787,-0.2905805555168516
788,0.2833680444616853
789,0.3844664994137932
790,0.022838474474387027
791,0.052081556229617965
792,0.46017762758811964
793,0.26149098007635585
794,-0.219795107935151
795,0.4336956049916509
796,-0.8821114208931845
797,0.3347375627280489
798,0.4751932836000501
799,0.34499223851905364
800,0.13430593222621878
801,0.19325421448280122
802,-0.05595541673582782
803,0.06289195907498679
804,0.06660769730433058
805,-0.3354415551457868
806,0.35781322559467843
807,0.14802653703196167
808,-0.008335093382435876
809,0.15805860188817955
810,-0.02306787159699264
811,0.2857991957689353
812,-0.03699946803421794
813,0.46249561938821815
814,0.21854358053199685
815,0.5209170462102961
816,0.2796960696643364
817,0.30304427265913575
818,0.2983864616463724
819,0.3032961530087104
820,-0.16165639962675238
821,0.2907164539085908
822,0.18467047883361232
823,0.2270371358757025
824,0.3490048997093425
825,0.0041595763585629
826,0.024888806564019927
827,0.4823798209629295
828,0.11270246927783728
829,0.3787217856214841
830,-0.25016299630837535
831,0.337377647174963
832,-0.06209442273273802
833,-0.6045925367608669
834,-0.05526121930660666
835,0.0412233006717192
836,-0.022323871730216105
837,0.5608196012156452
838,-0.44858923995535027
839,-0.03616020277700982
840,0.18835470582697367
841,0.10600970201715687
842,-0.8724571703076558
843,0.45880906086763973
844,0.5548606385560141
845,0.0958706250907046
846,0.2489363333700042
847,0.14016584355681466
848,0.24124573873071264
849,0.0880363999843321
850,-0.1609087829507745
851,-0.22549764429405872
852,-0.6115956084876273
853,-0.9892721207439803
854,0.4359835832659366
855,0.2236024086806434
856,0.318540669929801
857,0.4036602595699259
858,0.17088275938977554
859,-0.2740565125619785
860,0.2554945128124583
861,-0.6140494411640574
862,-0.09649458866990679
863,0.32157471074060745
864,-0.20651866907108263
865,0.21798449839658296
866,0.08822956405599275
867,-0.15575144320833934
868,0.01519228323329691
869,0.2734162452222178
870,0.3191194259657325
871,0.27208716720138937
872,-0.05138977385510635
873,-0.06500569780603282
874,-0.03751379984971226
875,-0.28621868922069615
876,-0.14173560435073917
877,0.5000995763703788
878,0.007668187553530492
879,0.14264860480661545
880,-0.19281639166778275
881,-0.14617427625310708
882,0.2575096407340691
883,-0.04613674578417648
884,0.11270246927783728
885,0.31212508218898743
886,-0.3236874096688629
887,0.24338711867881002
888,0.2143727510937436
889,0.3220010621190108
890,-0.15260746974940653
891,0.4391572330205489
892,0.23118626857902125
893,0.26405142443497176
894,0.08501177488132283
895,-0.04809714691843059
896,0.07635272975721352
897,0.13616559942067852
898,0.3658207921463255
899,0.13441908534903346
900,0.22307064375139052
901,0.017872738183466352
902,-0.25086794462959283
903,0.3120340510928383
904,0.3648952478150618
905,-0.6056617124582668
906,0.06722076352082695
907,0.16619104036855314
908,-0.009256548409373178
909,-0.19551102244091123
910,-0.1007898456761338
911,0.0956951417811554
912,0.1404763347123002
913,0.1924775618927348
914,0.3069417828515394
915,-0.237037557135807
916,0.033685857940740194
917,-0.5480032243740773
918,-0.155015544275247
919,0.13918313607060162
920,0.12854424903770573
921,0.2653656425392468
922,-0.5727651499332205
923,-0.7973331267634677
924,-0.1843505651934938
925,0.10588330949027058
926,0.30242835946059454
927,0.32337780175528197
928,0.10893100372509912
929,0.10072962332235463
930,0.18924473517229107
931,0.2578440703315482
932,-0.1674997214982885
933,-0.14873364877292505
934,0.2442141512290718
935,0.047774206038858236
936,-0.12195079793225516
937,0.46374146240009284
938,0.16013356037080673
939,0.26666960795059724
940,-0.19281639166778275
941,0.07260934622656834
942,0.260187186147806
943,0.17170404491290187
944,-0.45038512046411716
945,-1.2564167688358194
946,0.17251189099975817
947,0.18987096572049755
948,0.22185397987637479
949,0.14817106873239477
950,0.19203712530630668
951,0.20540586117121928
952,-0.33414749706618685
953,0.3320504486169341
954,0.1889845989313645
955,-0.48179141709605666
956,0.44666771036804886
957,0.06051785253886932
958,0.10098327917720096
959,0.5344324818059416
960,-0.41000220316252056
961,0.0016537897776190968
962,0.5548738843906017
963,-0.016871145099564777
964,0.18008944516279096
965,0.44854609382721267
966,-0.13978239806684667
967,0.02242956113566963
968,0.16101719915493296
969,-0.085827501157972
970,0.37388088435918326
971,0.3603184161089784
972,0.09499721372387637
973,0.2659753701441569
974,0.38754291449115463
975,0.28777416881534484
976,0.1801004115957654
977,0.167239141036007
978,-0.3704143708820382
979,0.05208311529490012
980,0.07138675411662343
981,0.24013263835402526
982,-0.012661497706953573
983,-0.37858090241747155
984,-0.7554586173200417
985,-0.073091404840667
986,-0.031208949962932442
987,-0.011357586256957708
988,-0.05595541673582782
989,0.12335164462746095
990,0.27306764266313943
991,0.40661430630382595
992,0.34940819923119076
993,0.20427817294082917
994,-0.036841481090497896
995,-0.6729827813775799
996,-0.29705080059329303
997,0.4640034087033848
998,0.308873839165579
999,0.1638710696452802
1000,-0.03538016316143844
1001,-0.1723084497138151
1002,0.41715251760148986
1003,0.3430525707272378
1004,0.3357458997537233
1005,-0.4435198384629072
1006,0.36091663876136415
1007,0.4887213955177754
1008,0.593825806847802
1009,-0.03446595238934158
1010,-0.22227376491595496
1011,-0.5126859229580065
1012,0.317770103644193
1013,-0.17305881644650334
1014,-0.08585878755296517
1015,0.24926159116259727
1016,-0.569600000373748
1017,0.3765393092277075
1018,-0.11678892502527682
1019,0.13197273474350946
1020,0.42564666181535055
1021,-0.18258087907187193
1022,0.10436634816691615
1023,0.06016036109598588
1024,0.3493326272481314
1025,0.15494771088566367
1026,0.315258800703654
1027,0.21473421776096413
1028,0.35781322559467843
1029,0.11229155505661598
1030,-0.07788479748024935
1031,0.2286123198223231
1032,-0.275427764447682
1033,-0.2693339280988214
1034,-0.24307981145245794
1035,-0.3786993831355405
1036,0.2956710707806939
1037,-0.03180556866281059
1038,-0.3239589056624017
1039,0.18362951078121925
1040,0.2582321650579873
1041,0.18495350448146214
1042,0.17495663901412173
1043,-0.21749089260205823
1044,-0.5490938606902658
1045,0.07421109937971171
1046,0.43540344491481736
1047,0.0429922935196666
1048,0.3512227576957567
1049,0.36517864821412915
1050,-0.20936459241471317
1051,0.08907202441858375
1052,0.07442389645223646
1053,0.041384421055827736
1054,0.3306577380741185
1055,0.2769501100202148
1056,0.34631000269204965
1057,-0.03767882584473259
1058,0.18175269544679545
1059,-0.026404560684619494
1060,0.2572810438137231
1061,-0.03649364658075005
1062,0.0304658599740254
1063,0.29919913592831765
1064,0.10729053368992253
1065,0.3791774104631479
1066,0.11508750865286155
1067,-0.061945949149847634
1068,0.08092845637281881
1069,-0.21303654417048767
1070,-0.013633526675946639
1071,0.006173531216863926
1072,0.06781154945838797
1073,-0.12767795200694543
1074,0.43885795672886363
1075,0.3934625165790644
1076,0.0896107323374219
1077,0.1411205158485147
1078,-0.22938936668087861
1079,0.11150290224857246
1080,0.5694579416300019
1081,-0.25391617443309644
1082,0.2694040959683315
1083,-0.1067406738047505
1084,0.41708363009764293
1085,-0.7040696307643723
1086,0.10402576664433533
1087,0.4166471379659817
1088,0.5883532781247834
1089,-0.17897961792031913
1090,0.24538328052338554
1091,0.34940819923119076
1092,0.16787529731247053
1093,-0.1834041593932031
1094,-0.41442949964459364
1095,0.0755618197559298
1096,0.40916997111496817
1097,0.1300332987346985
1098,0.2341732094090705
1099,0.04470310464909455
1100,0.2647411591243375
1101,-0.0025244339052551412
1102,-0.6543959117048137
1103,-0.30440337453923094
1104,0.3677804674308419
1105,0.20319247336044471
1106,-0.5768081405559292
1107,0.3424763952796275
1108,0.2859044794815667
1109,0.34550059723787785
1110,-0.3882071274509582
1111,0.06166198994094241
1112,0.5656495624850898
1113,-0.5354149115712349
1114,-0.6052563175831117
1115,0.33345796783256104
1116,0.32115978412152735
1117,-0.3320891953181486
1118,0.21164799059810557
1119,-0.6525346197962025
1120,0.3153927578368279
1121,0.3915432648299957
1122,0.29547655699549935
1123,-0.27835719064778863
1124,0.08585423297377948
1125,0.3418071280680677
1126,-0.3680096736509133
1127,0.25454036100309585
1128,0.22825559046458616
1129,0.25679234545781554
1130,0.02083818664394166
1131,-0.3954413292568024
1132,-0.20505449305308132
1133,0.329568680933661
1134,0.11229155505661598
1135,0.15755676815213665
1136,0.1424699559908389
1137,0.25944249073836856
1138,0.6085657006497869
1139,0.28153708579970044
1140,0.2598428216847504
1141,-0.11361064148538658
1142,-0.022956933137639024
1143,0.060203574948881955
1144,0.1436701073798397
1145,0.06361748702902992
1146,0.3140587871330772
1147,0.07987522510021572
1148,-0.06095074113907528
1149,-0.05911862688584335
1150,0.0030282278863021928
1151,0.23235852457570427
1152,-0.10396735909534804
1153,0.003832174715494463
1154,-0.45442771334348
1155,-0.420588419176265
1156,0.018249130468444563
1157,-0.23606836983015622
1158,-0.0034711696978954043
1159,0.3813639390203483
1160,0.20280593974907501
1161,0.1300332987346985
1162,0.3295355837835625
1163,0.2865871240837099
1164,0.5318903346379854
1165,0.2626035087435423
1166,0.015269301576880223
1167,-0.8300949309188534
1168,0.31823618304631224
1169,-0.18385437747129463
1170,0.2635491033857549
1171,0.06255881061565116
1172,-0.9421993436450775
1173,0.09668779720102816
1174,-0.10617946987686455
1175,-0.06823582778301107
1176,-0.03451733621836661
1177,-0.5567652025937553
1178,-0.21909595363933865
1179,-0.09641988237703403
1180,0.19098242517183922
1181,-0.4617232732318437
1182,0.18186589399466202
1183,0.24163757554206844
1184,0.5348291113832886
1185,0.033139324948826654
1186,-0.24355965548985647
1187,-0.6929881745385902
1188,0.13097216742345896
1189,-0.5875483643402005
1190,-0.7182127899615821
1191,0.16641157568575227
1192,0.3356623697776183
1193,-0.20641477567722133
1194,0.4674601868761283
1195,0.3626903735446268
1196,0.055805360221368616
1197,0.3009246734876588
1198,0.20287242828296764
1199,0.14016584355681466
1200,0.4017103958633108
1201,0.2166032914556656
1202,-0.22549764429405872
1203,-0.25413153803387045
1204,-0.179187933844964
1205,0.14576419719223727
1206,-0.4599371493451788
1207,-0.045793348384118415
1208,0.372804910713917
1209,0.10355608701618807
1210,-0.042612360735244215
1211,0.11857289905447116
1212,-0.679783427091942
1213,0.19386066178655098
1214,0.17257023154837048
1215,0.6290469500034815
1216,0.19742910776115496
1217,0.14170008193336103
1218,0.14375106977981528
1219,0.030029613007579115
1220,0.04865785327629979
1221,-0.11109490856175763
1222,0.4431947067131662
1223,-0.6672910159174162
1224,0.2636018229465702
1225,0.15379287730713154
1226,9.833082159405038e-05
1227,-0.059718662517501464
1228,0.028477580486714338
1229,0.443738772684942
1230,0.5078920015938885
1231,0.09846128352887895
1232,0.48410438981006887
1233,0.1816234450037948
1234,-0.27273043258580976
1235,-0.5476056415885061
1236,0.14526827676569937
1237,0.08275687358949291
1238,-0.15481728342056977
1239,0.1703804344737629
1240,-0.1691798715054864
1241,0.023549058129147427
1242,0.336192277811537
1243,0.056211569815923124
1244,-0.148739974293281
1245,-0.6203943120500186
1246,0.08286859243181321
1247,0.09756119015558479
1248,0.32729038691289036
1249,0.3153470075423155
1250,-0.19454716040674214
1251,0.06298360758299348
1252,-0.0786516942655704
1253,-0.05645451506690269
1254,0.016682323491746143
1255,0.04838395891829339
1256,-0.36655622626361684
1257,-0.5780575326163054
1258,-0.3170078979500782
1259,0.1583578830471808
1260,0.22873912727172657
1261,0.3463368336394256
1262,0.11523644841372721
1263,-0.17132410338719128
1264,0.7010393845253812
1265,0.2919892166466014
1266,0.016682323491746143
1267,0.01924530152159809
1268,0.02717901114155674
1269,0.11003275077878805
1270,-0.25425573831975723
1271,0.36427784225480647
1272,-0.14728589750023813
1273,-0.3043145971190283
1274,-0.013395508990316274
1275,0.16341934912069145
1276,-0.15455919110998062
1277,0.4102559826794905
1278,0.03551549720016478
1279,-0.9783355111705806
1280,0.09546277964653604
1281,0.33751526618708655
1282,-0.1723084497138151
1283,-0.0769035086529477
1284,0.21952372346549098
1285,-0.2640942599646372
1286,0.17789767086015168
1287,0.36964308511691923
1288,-0.07027867439376945
1289,0.0020987969617249913
1290,0.40853353182979246
1291,-0.613168223947153
1292,-0.33511686955700615
1293,0.3980298746503519
1294,0.164161098041105
1295,-0.17479590081658558
1296,0.005950391085677964
1297,0.1248335820270754
1298,0.16466168184419794
1299,0.36847761554973535
1300,0.08813029218963125
1301,0.40425346444833343
1302,0.04183282808389599
1303,0.5056197783280036
1304,-0.41917599676519157
1305,-0.45052002641605093
1306,-0.019903214451621132
1307,0.08460144523649638
1308,0.36024008790116124
1309,0.22266201071225877
1310,0.5245152913881237
1311,0.3608015296276558
1312,0.2710726187691973
1313,0.022455749702608885
1314,-0.015674752089014365
1315,0.1357407903909556
1316,0.008556647237096926
1317,-1.2706169332610393
1318,0.06702611266505337
1319,0.3291168471472785
1320,0.4431947067131662
1321,0.12310737821826301
1322,0.4046143527371353
1323,-1.2242834785134382
1324,-0.03751853789221937
1325,0.1975118975315303
1326,0.3116508607683483
1327,0.36453353005011874
1328,0.22326769313351547
1329,-0.16687126838991861
1330,-0.42114261419053667
1331,-0.19988967128900836
1332,0.11367901542825987
1333,0.19801545116848518
1334,0.15259678142681155
1335,0.3802963427804191
1336,-0.3438423266328474
1337,0.08963867711164586
1338,0.13758338030932116
1339,0.33766389137653036
1340,-0.7854461858373388
1341,-0.483846812183626
1342,-0.023194657093962734
1343,0.18547854844238376
1344,0.08495940174383443
1345,0.10392035886604856
1346,0.2742516615255082
1347,-0.7509353182440913
1348,-0.25413153803387045
1349,-0.6085260194110282
1350,-0.13462081627792943
1351,0.33301031173991813
1352,-0.5318360546505893
1353,-0.043986369363472
1354,-0.3233621941582805
1355,0.21833206935594535
1356,-0.030688771724262542
1357,0.09547580172480041
1358,0.29761684867803856
1359,0.025365037115773648
1360,0.2338621529685629
1361,-0.21476388617333142
1362,0.4304627535764846
1363,-0.03180556866281059
1364,-0.18129418766170102
1365,-0.08675023478782407
1366,-0.10661216450501287
1367,-0.013897701222165715
1368,0.056169222662533325
1369,0.16950573680258735
1370,0.17618726873681034
1371,-0.1328786404707455
1372,0.408989702368128
1373,0.060149918781623124
1374,0.277495499201067
1375,0.4254144275924326
1376,-0.2289809181637218
1377,0.3228452548183014
1378,0.2281171740494618
1379,-0.1998711598044941
1380,-0.03251781844835877
1381,-0.4375757509069865
1382,0.28255381047617545
1383,0.009344606715509296
1384,0.48419033148944557
1385,0.15537932519003256
1386,-0.554252307151333
1387,-0.11262271511132216
1388,0.47485540180094477
1389,0.35116647997471395
1390,-0.007477008068200397
1391,0.119664810083014
1392,0.38553463091445395
1393,0.13616559942067852
1394,0.3343795011344165
1395,0.2810373920600048
1396,-0.5142083365911563
1397,-0.2948099419500484
1398,-0.03810069939994987
1399,-0.1061979194282704
1400,0.11123713118115869
1401,-0.41462981423926126
1402,-0.2514833040924336
1403,-0.2746415388433825
1404,-0.08990138655048918
1405,-0.17800387567923415
1406,-0.4921475017635617
1407,0.6880119730763495
1408,-0.41846653340581164
1409,0.22206655994663482
1410,0.3650542717795022
1411,0.4320443397242331
1412,0.38614157861074627
1413,0.24488998600978962
1414,-0.009256548409373178
1415,0.2884269010804203
1416,0.26710833218719465
1417,-1.1774474068362266
1418,0.3012993219616301
1419,-0.3677901387367678
1420,0.6133794561992705
1421,-0.09360777774965234
1422,0.20280593974907501
1423,-0.05548018661847276
1424,0.25276818470836393
1425,0.138131393625739
1426,-0.2724454261925906
1427,-0.0463898751916737
1428,0.3403156763794518
1429,0.34139394232487746
1430,-0.02388987262181308
1431,-0.08588249655397706
1432,0.057040930814916346
1433,0.133574541199857
1434,0.05120146397044145
1435,0.5496222580911942
1436,0.15379287730713154
1437,0.3306862023992714
1438,-0.05223929838069985
1439,-0.044905006316587226
1440,0.20566634308734544
1441,-0.0296790454275927
1442,0.08501177488132283
1443,-0.2621736067993463
1444,0.2973760115619831
1445,0.08669813335856458
1446,-0.03410104498001154
1447,0.36330653511438066
1448,-0.073091404840667
1449,-0.08610707725924216
1450,-0.15546363905936278
1451,0.17344798601709566
1452,0.32614104226780755
1453,-0.11596265505533265
1454,0.18821783691319965
1455,0.37713320852192406
1456,0.24617904393338796
1457,-0.0689162611807248
1458,0.4284119273744828
1459,-0.4369158472068355
1460,-0.3445990514699685
1461,0.5313306960171802
1462,0.15998714676450598
1463,-0.13196731043760446
1464,-0.12296332049623648
1465,0.29761684867803856
1466,0.2053779742366736
1467,0.03482012191495576
1468,0.2982822308813704
1469,-0.4319960595641017
1470,0.13616559942067852
1471,0.5812414741206726
1472,-0.008694418943706483
1473,0.15418472767205316
1474,0.1778708959082162
1475,0.04294067003226948
1476,0.323395888715878
1477,-0.055085297019243695
1478,0.4046143527371353
1479,-0.1047159302372851
1480,0.08056266849789268
1481,-0.35152136730417427
1482,0.30234369035630504
1483,0.21311682049185288
1484,-0.31683579617326973
1485,-0.011465708025552801
1486,-0.4455570186781532
1487,-0.26419046637043975
1488,-0.18298062269922966
1489,-0.1067406738047505
1490,-0.1436370708033089
1491,0.09662113348698342
1492,-0.03996155853915395
1493,0.14576419719223727
1494,0.38403241795807286
1495,-0.1838759699001008
1496,0.17322564447715194
1497,-0.7919160087276549
1498,-0.41397011801084793
1499,0.17630126824365655
1500,0.24661556370626875
1501,0.34193498364289454
1502,-0.539588255893358
1503,0.39466939401251533
1504,-0.15390070433950298
1505,0.33539258220490853
1506,0.2434444108863859
1507,-0.200908184608941
1508,-0.06564994862323026
1509,0.010302991154811814
1510,0.12854424903770573
1511,-0.7978609295371024
1512,-0.30056321932726626
1513,-0.024234255196856624
1514,-0.002127269021974132
1515,0.4700773105594343
1516,0.2865264584942181
1517,-0.07280456353784592
1518,-0.13457465240049704
1519,0.0709434116204154
1520,-0.3532949687963781
1521,0.10002899541221588
1522,0.030865172239903926
1523,-0.2441565713021614
1524,-0.5741040851917326
1525,0.052081556229617965
1526,0.16400775208720986
1527,-0.24785001476101165
1528,0.3564355962867593
1529,0.27674222696198547
1530,-0.1327940121898198
1531,0.1763138538930485
1532,-0.2989362522373673
1533,0.19489534167263767
1534,-0.09360777774965234
1535,0.27580055161382244
1536,0.3039737794141778
1537,0.41703806126753057
1538,0.31617786366217704
1539,-0.22230400907360715
1540,-0.08361741598424943
1541,0.33167606706214703
1542,-0.16879327694676827
1543,0.03575752569635643
1544,-0.049845290318192625
1545,0.3299740581274128
1546,0.2459018948387482
1547,-0.009256548409373178
1548,-0.04628458231691923
1549,-0.27431838822024845
1550,-0.07101911614030387
1551,0.11283060069024425
1552,0.3700852340508033
1553,-0.0557414921464221
1554,0.24354436919967337
1555,0.3831634737024161
1556,0.6213340905662833
1557,0.39698726013941776
1558,-0.19281639166778275
1559,0.4782341971476136
1560,0.33833222528227214
1561,0.32723177357936917
1562,-0.06823582778301107
1563,0.19752522975260745
1564,-0.539694022841696
1565,0.4142125082610787
1566,0.11373389751557433
1567,0.3405516156658294
1568,0.26624916622462286
1569,0.09170737000528362
1570,-0.49087364403518885
1571,0.2469331277277272
1572,-0.2084622174766142
1573,-0.06416647998168501
1574,-0.25200974165026546
1575,-0.12241612988050832
1576,-0.13875617330870604
1577,0.17531317111926836
1578,0.18394705216737772
1579,0.3774321888093412
1580,0.042684429248736167
1581,0.15273783633483062
1582,0.12930355403793947
1583,0.3648952478150618
1584,0.40557629351813057
1585,0.10931895267892633
1586,0.5651336034291884
1587,-0.16226690213914452
1588,-0.5671424087670807
1589,-0.5838270543324638
1590,0.33853879300499234
1591,0.16071236233200625
1592,0.3120166222585501
1593,0.2914496659378901
1594,-0.20608851631757008
1595,-0.07298979511919834
1596,0.35217634128994063
1597,-0.015645776287977142
1598,-0.02049411761640718
1599,0.15905395437341602
1600,0.28688597674362193
1601,0.13258613457333018
1602,-0.0970088308730429
1603,0.2281171740494618
1604,0.17830666269090412
1605,-0.17156916569188452
1606,0.37012462431978316
1607,0.3157102183375612
1608,-0.2911721755553799
1609,0.2089154498416057
1610,0.34584526925292514
1611,-0.25936903214712714
1612,-0.3271201124864189
1613,0.48709769923072144
1614,-0.24062226997993363
1615,0.08201008659302234
1616,-0.04281755162113987
1617,-0.06911319835171681
1618,-0.015092991586329707
1619,-0.2592349064335947
1620,-0.38177240879037866
1621,-0.07226246123873059
1622,-0.21380025297363225
1623,-0.14529476901182115
1624,-0.21666287858928768
1625,-0.2945459815852891
1626,-0.2825708290385325
1627,0.28918246106937245
1628,-0.3852269123313341
1629,0.11373389751557433
1630,-0.05548018661847276
1631,0.0950338892482423
1632,0.23753098080483037
1633,0.14211270064755854
1634,-0.04278706175641955
1635,0.40963811255483995
1636,0.03457185477893132
1637,-0.16407313645969057
1638,0.26232185011860676
1639,0.3630404968378167
1640,0.0353228903457099
1641,0.021285791610411775
1642,0.04345727685532147
1643,0.11520480898736185
1644,0.3821043948896449
1645,0.3845748347372112
1646,-0.10010093715628954
1647,0.32298697318253206
1648,-0.07298979511919834
1649,0.0021995538074173204
1650,0.26351558823409915
1651,0.1076188554894798
1652,-0.9155723003526706
1653,0.25232065377592694
1654,-0.011357586256957708
1655,0.17185584593756276
1656,-0.24307981145245794
1657,-0.12927350389608216
1658,0.011399354806047035
1659,0.16848188338017311
1660,-0.2184267621985232
1661,0.2708975975965005
1662,-0.647257912567427
1663,-0.13440419168117312
1664,0.09295533561564473
1665,0.2254500750090231
1666,-0.15292747066604384
1667,0.07942240078780671
1668,0.03457185477893132
1669,-0.2784620476880426
1670,-0.11068140552013561
1671,0.1092357758697754
1672,-0.18465151883046105
1673,0.16390467054079005
1674,0.5209170462102961
1675,-0.9270595786207059
1676,0.1593128870998981
1677,0.20713908211355203
1678,-0.6600034971242204
1679,-0.13180202423470622
1680,0.1584595695340496
1681,-0.010729812322809895
1682,0.3318894918805067
1683,0.12932296343463806
1684,0.31860374364668753
1685,0.37601851230206634
1686,-0.7364258579356808
1687,0.15465723173967566
1688,0.23445136260277122
1689,0.03696525405970952
1690,-0.2159452218520569
1691,0.5277352662700254
1692,-0.13185623887202724
1693,0.3072155215892261
1694,-0.4610740924683894
1695,0.2772446401294604
1696,0.10678983206556053
1697,-0.4924147588192449
1698,0.10558424322726878
1699,-0.15911636957877429
1700,0.1076336302755736
1701,0.16740841092827763
1702,0.1560892532389021
1703,-0.37232589334296784
1704,-0.148739974293281
1705,0.07635272975721352
1706,0.5587105582107572
1707,0.05120146397044145
1708,-0.32231114724899634
1709,-0.12176219763510276
1710,0.25695465761223146
1711,0.22467679300741972
1712,0.1491397782929244
1713,0.2830392220336597
1714,-0.25116121259911006
1715,-0.18921606449349437
1716,-0.08564063843125014
1717,0.40943083823814685
1718,0.12317933209314613
1719,0.1513820394458939
1720,0.24566785834790517
1721,-0.42267357114874193
1722,-0.0779755631601563
1723,-0.0991888005870043
1724,-0.1365737167431652
1725,-0.03799368143120785
1726,-0.728746833185836
1727,-0.10912688131779336
1728,0.28923043393477305
1729,-0.2104170204942849
1730,-0.23668630957650727
1731,-0.14173560435073917
1732,0.4273874457136869
1733,0.2640240244189608
1734,0.34924053666954663
1735,0.16536992058268263
1736,0.15426879811132826
1737,-0.15725500492175315
1738,0.23833272557132745
1739,0.016682323491746143
1740,0.04992932347442802
1741,-0.06821656346278948
1742,0.3009656281144342
1743,-0.3322448975618103
1744,0.416396846115629
1745,-0.27871261529106695
1746,0.17287367310218743
1747,-0.022958218468471014
1748,-0.18695940806552147
1749,0.10959153300655705
1750,0.2876604358345179
1751,0.031333816992851704
1752,-0.11287017823666423
1753,0.04690399092580577
1754,0.08773065517789047
1755,0.011318795115935254
1756,-0.20617618026968976
1757,0.02387125102474197
1758,0.15422731082240737
1759,0.15379287730713154
1760,-0.7962114485870804
1761,0.29936927520178797
1762,0.08557240175941094
1763,-0.5486956989209024
1764,-0.12447501549035656
1765,-0.1067406738047505
1766,0.29761684867803856
1767,0.30017679161931193
1768,-0.5025134448156355
1769,-0.21291041638985964
1770,-0.04225671061225034
1771,0.4889342915587348
1772,0.3734382231730782
1773,0.09005803968726789
1774,0.4017103958633108
1775,0.2343848733227798
1776,-0.17408910760097296
1777,-0.014126288416851374
1778,-0.2724675915103969
1779,-0.07788479748024935
1780,0.06616910096295492
1781,0.28712447684143194
1782,0.44573541805744776
1783,-0.08797901945089537
1784,0.23814339536739093
1785,-0.048274444821307494
1786,-0.04432124115159497
1787,0.1878333596703482
1788,0.11475677406893758
1789,0.390300802538616
1790,0.20636410395485127
1791,-0.03960206279821754
1792,0.18701941984965365
1793,0.0426997570218941
1794,-0.19675693246042625
1795,-0.018027029350311197
1796,-0.2131249717871475
1797,-0.07050565963953581
1798,0.23085111381797602
1799,0.24609267041063382
1800,-0.2819598125986763
1801,0.04628075881723004
1802,-0.08268188708787438
1803,0.060203574948881955
1804,-0.16287432866345242
1805,-0.15481728342056977
1806,0.2880568551414359
1807,0.15989583344420266
1808,-0.3939534890838603
1809,-0.43568481504957834
1810,0.41582964360636215
1811,-0.22459688065421024
1812,0.06403683199678967
1813,-0.5160144052790703
1814,0.3013175819234018
1815,-0.018027029350311197
1816,0.33968801819868943
1817,0.3196343351985915
1818,0.2398032338039145
1819,0.34121578651784573
1820,0.3622508187888216
1821,0.04667920035429596
1822,0.1151445097868124
1823,-0.4470943262896303
1824,-0.002514916198289363
1825,0.03790810857718141
1826,-0.11448325534541426
1827,0.13595160754498103
1828,0.030029613007579115
1829,-0.1415882010487851
1830,-0.3049013143989395
1831,0.28127576420428213
1832,-0.21380025297363225
1833,0.12492770762838556
1834,-0.12738363863519253
1835,0.173253639184338
1836,0.25879489798797456
1837,-0.041784148099880736
1838,0.2140146756181791
1839,0.1346932592101412
1840,-0.332422221835033
1841,0.17990321308341473
1842,-0.3397550617827172
1843,0.20917567902283313
1844,0.28951178394451643
1845,0.17615227582084803
1846,-0.25459637169650573
1847,0.149413147428186
1848,0.035199889636140624
1849,0.4431947067131662
1850,-0.19757585710866066
1851,0.1630712274403613
1852,-0.2159452218520569
1853,-0.290638249682837
1854,0.13679166429920164
1855,-0.005982195614469776
1856,0.409890187582288
1857,0.12622251669445778
1858,0.02569857038309853
1859,0.326765867378903
1860,0.1956962875778353
1861,0.18327456464038228
1862,0.23523747969689268
1863,0.1677090169052392
1864,0.08970734562201965
1865,0.10304647318181426
1866,0.026909264856625814
1867,0.18406730423863338
1868,-0.09508563026585426
1869,-0.4790474204933268
1870,0.38313096516983425
1871,0.10631245843535786
1872,0.17782826909912836
1873,0.22370473637735477
1874,0.3892228411658945
1875,-0.12708940543725222
1876,-0.12147680681494244
1877,0.04838395891829339
1878,0.010217045772341948
1879,0.17927550516893043
1880,0.362764575158407
1881,-0.6083191875105536
1882,0.030029613007579115
1883,-0.25677717331159156
1884,-0.6881161296121677
1885,-0.05645451506690269
1886,-0.20748128292403978
1887,0.30257402414453277
1888,0.48528703492998176
1889,-0.19102552352224555
1890,-0.02945896238569079
1891,0.11491971589563432
1892,-0.12828934847268358
1893,-0.381997158273369
1894,-0.02216674727951684
1895,-0.15553718941560057
1896,0.27188442228716314
1897,0.5892338733388631
1898,0.24753016137996153
1899,0.1409707065757596
1900,-1.04056533216292
1901,-0.18124864912224226
1902,0.26385408455865555
1903,-0.0034711696978954043
1904,-0.3668544200583237
1905,0.6642793653383381
1906,-0.48326086827697423
1907,0.3157102183375612
1908,0.4705655232902873
1909,0.23424483728030365
1910,0.13616559942067852
1911,0.4165566875408274
1912,0.09708858662966979
1913,-0.20843282494421023
1914,0.17344798601709566
1915,0.1746379802945714
1916,0.3490771510401547
1917,-0.0651966578371912
1918,-0.6199126797526109
1919,0.5099727266980629
1920,0.13229174372246255
1921,-0.6528907556782848
1922,0.17344798601709566
1923,0.09411579364743994
1924,-0.4991712496257853
1925,-0.3789171947561779
1926,0.2056991409684058
1927,-0.19178465130239397
1928,0.2732850752693797
1929,0.06781154945838797
1930,-0.2197977953002741
1931,0.09706630381180503
1932,0.07836219629791741
1933,-0.2514232256951978
1934,0.1916608276988443
1935,0.28932395804817884
1936,-0.018027029350311197
1937,0.06579522680670091
1938,0.1259260531036872
1939,0.4608868262482443
1940,0.24265123453042553
1941,0.038465525794037114
1942,-0.49232145503478464
1943,-0.01905964103432667
1944,-0.003355179550399434
1945,0.001749587327951052
1946,-0.1416573467482236
1947,0.5927584439076097
1948,0.3131065207683876
1949,0.4377020621294627
1950,0.15905395437341602
1951,-0.17576512499069774
1952,-0.041027522462029675
1953,0.43372438204472796
1954,-0.3046345451368646
1955,-0.06111338870058236
1956,-0.4424971200856922
1957,0.40699073146873666
1958,-0.18227226764107707
1959,0.13868824073590835
1960,0.15905395437341602
1961,0.04019101399414182
1962,0.09993734215173511
1963,0.27474107425373273
1964,-0.04926198678649307
1965,-1.0622886276944357
1966,-0.1825044648341505
1967,0.2743153567584245
1968,0.24378302175689948
1969,0.15693167323734375
1970,0.2281171740494618
1971,0.2686395143882855
1972,-0.14173560435073917
1973,-0.1906200549752124
1974,0.27609535565050203
1975,-0.18804622848092767
1976,0.392803979295975
1977,0.5568414907852179
1978,0.21927445756592295
1979,-1.154015870629228
1980,-0.07542583999265307
1981,0.09217659309102166
1982,0.2783700281475436
1983,-0.09945127907729368
1984,-0.25413153803387045
1985,-0.3943864609354716
1986,0.13362865897223458
1987,-0.2159452218520569
1988,0.4403737187249623
1989,0.1756229304014183
1990,-0.6631791733190023
1991,-0.09142847352498007
1992,0.03432353299072166
1993,-0.35152136730417427
1994,-0.11858651362232353
1995,-0.9567976394923359
1996,-0.11885295195290313
1997,-0.29345799743874856
1998,0.2122875708215416
1999,0.5864277253353398
2000,0.19873268386078913
2001,0.2508209156813103
2002,0.20280593974907501
2003,-0.4857684730492906
2004,0.14505397989112156
2005,0.6973013400464538
2006,-0.06911319835171681
2007,0.435342373959727
2008,0.18186589399466202
2009,0.17101944471777147
2010,0.2810998181617369
2011,-0.1451486099441236
2012,0.0643391589693727
2013,0.1479415231046538
2014,0.40721691154626916
2015,0.14453439589344957
2016,-0.903100634637471
2017,0.3425553838479918
2018,-0.00955973914731778
2019,-0.6051903360510099
2020,0.1394883322711266
2021,-0.13213106381512718
2022,0.06201895101583221
2023,-0.1182369058297349
2024,0.2066244868904477
2025,0.4255726702741648
2026,-0.2328844939727308
2027,0.3705201008929371
2028,-0.22938936668087861
2029,-0.32681558650466447
2030,-0.09360777774965234
2031,-0.8724571703076558
2032,0.28180710542659504
2033,-0.27728306907553224
2034,0.1218775937651127
2035,0.4058676025673078
2036,0.33741134517011173
2037,0.323395888715878
2038,0.3096874051119606
2039,0.10631245843535786
2040,-0.03560214697072239
2041,0.04552064745902068
2042,0.09635220258616295
2043,-0.1924257824125739
2044,0.12471337779865688
2045,0.6290469500034815
2046,-0.4632164009765797
2047,0.3399933431148726
2048,0.3042778653931312
2049,0.13916027929573138
2050,0.46274437681784397
2051,-0.026404560684619494
2052,-0.06319558916127321
2053,0.2858737324601761
2054,0.08127367023830978
2055,-0.09142847352498007
2056,0.05494911144748682
2057,0.3986077907011931
2058,0.6662400120463873
2059,0.3198771804695878
2060,0.387617490868999
2061,-0.12363463355099713
2062,-0.16669777811752962
2063,-1.6361695697951828
2064,-0.7614481841602043
2065,0.13404062255709648
2066,-0.10453994570397074
2067,0.1593746203965707
2068,0.19108126072399345
2069,0.30785456861518734
2070,-0.28921831499263284
2071,-0.05200678452225993
2072,-0.2433204228979602
2073,0.07896916298177725
2074,0.24725389981220786
2075,-0.02548188958422426
2076,-0.06696308949741714
2077,-0.7630127655409367
2078,0.07008635310685285
2079,-0.8633013167409911
2080,-0.11305178559690221
2081,0.40540972896231076
2082,-0.13385239331731524
2083,0.12888581587210418
2084,0.07545268132451544
2085,-0.012662813373580217
2086,0.4021523032314488
2087,0.07307384354437041
2088,-0.8867024315150887
2089,-0.14590268929992067
2090,0.12167413498652913
2091,0.02886835994475645
2092,-0.6942165238946972
2093,0.3751957485052
2094,0.20145875941491154
2095,0.39886422187143966
2096,0.1998889061760295
2097,0.006044891439339617
2098,0.12944665692829843
2099,0.3482995336206375
2100,-0.04033042286597932
2101,0.4957591017902012
2102,0.036044618680793894
2103,0.3379755810414762
2104,0.020352083424865164
2105,-0.2695996546470609
2106,0.15247238614217445
2107,0.3157102183375612
2108,-0.6556331071180843
2109,0.6138724485574001
2110,-0.21909595363933865
2111,-0.3715637040306785
2112,0.14452084913954266
2113,-0.21949429086512784
2114,-0.12927350389608216
2115,-0.5436508828302681
2116,0.40522530988315414
2117,-0.34253932018938726
2118,0.14463286030067357
2119,0.11270246927783728
2120,0.10264196229458245
2121,0.07003711196932266
2122,-0.2732205286768241
2123,0.11456071264704559
2124,0.06929975613683587
2125,0.583067019214923
2126,-0.4106248265109693
2127,-0.28431458821339417
2128,0.13287508922734598
2129,0.6063275670174151
2130,0.057493162330136294
2131,-0.04849915704013508
2132,-0.40796835334237136
2133,0.377600317433381
2134,0.480337873711909
2135,0.3531664403922812
2136,-0.004887763289954994
2137,-0.4849707819831768
2138,-0.014126288416851374
2139,-0.0872219717559457
2140,-0.06076433426621275
2141,0.3267632453180225
2142,-0.17084565731681145
2143,0.4506768561387477
2144,0.2564030945703162
2145,0.3466408343460475
2146,0.3632288233260456
2147,0.03541862209168534
2148,-0.4183252144531555
2149,-0.6595544934524415
2150,-0.1874045491643136
2151,0.3431084017942491
2152,0.135719631655989
2153,0.09167112794936194
2154,0.3189519946437924
2155,0.055072814395128455
2156,-0.3013561072508122
2157,0.19154768412434836
2158,-0.6360648124437408
2159,-0.017623228376053124
2160,0.02469372944033521
2161,-0.3900545485191411
2162,-0.52205570733024
2163,0.02469372944033521
2164,-0.16105597972503394
