,pve
0,-0.2446644588702661
1,0.22245016052441702
2,-0.2780054852691062
3,0.2726741112706471
4,0.09224966604553919
5,-0.12046455318166527
6,-0.5936168060476164
7,0.08120081639194965
8,-0.27271498470862243
9,0.14300541117582266
10,-0.38163963526036415
11,0.2021248469595559
12,0.024711082269922358
13,0.2501716675640011
14,0.42953722606581746
15,-0.22967028895201824
16,0.28871963503715337
17,0.2887332613261507
18,-0.6963869352460841
19,-0.034146325568573443
20,-0.09767311960075697
21,0.1061933536994123
22,0.17104303968856283
23,0.04296742630355066
24,0.37221911764968274
25,-0.08129546611240779
26,0.3695763859483487
27,0.5946829369099311
28,-0.513760557109568
29,-0.05564418316652597
30,0.2324689538788977
31,-0.6829791518254796
32,-0.4278636214267987
33,0.25114705569957024
34,-0.2978187494725627
35,0.6098507971206096
36,0.4622286572836182
37,0.13852161105725042
38,0.2101862281840628
39,-0.49221488145358205
40,0.060369947097763
41,0.3102001535258088
42,0.29425966894317374
43,-0.46368735704570285
44,-0.33603677814448696
45,-0.12202945155742284
46,0.2737966453473444
47,0.37780355215575545
48,-0.07238542805074577
49,0.6407131468328987
50,-0.11218950177700271
51,0.3895856493195349
52,-0.6129906062247847
53,-0.4317178189322298
54,-0.01849598684561382
55,0.1770296521272361
56,0.09827963028997377
57,0.30047703900697426
58,0.23924161268030375
59,0.15835540078798688
60,0.3903833333405523
61,-0.2429324458299874
62,-0.32613037151838264
63,0.021948631285426456
64,0.09264153453472213
65,0.44221089245071965
66,0.41198695883298386
67,0.33651835604868957
68,0.2595217429244184
69,0.1342401840650444
70,-0.027453679406488907
71,0.34870885996995576
72,-0.07991217184384303
73,-0.27244028737746073
74,0.14865903108207995
75,-0.5858462590721957
76,0.25307271867488756
77,-0.2744037550879165
78,0.37726711603823804
79,0.10154826301239878
80,-0.3370712209440617
81,0.6820191432505109
82,-0.7766761585498355
83,0.12553770150268567
84,0.1470674203680662
85,-0.5687100155331153
86,0.5300417766712433
87,0.3698593309084963
88,-0.2636000578532658
89,-0.42516855062871095
90,0.6161647365719428
91,-0.0238754806688789
92,0.16958255909698328
93,0.5041811278553505
94,0.04351958096659303
95,0.1625929773821958
96,-0.5769401282497315
97,0.2549677141235682
98,0.6231444527970843
99,0.34870885996995576
100,0.07703859377189426
101,-0.17302529871492822
102,-0.05136826556613994
103,0.3952315225025489
104,0.40148289646315927
105,0.2595889535523243
106,-0.39260403170231406
107,0.21372268580766374
108,0.3092905680572914
109,0.2526230390843822
110,0.4824635980185865
111,0.22562714360117236
112,-0.14668630762937185
113,0.6709886507058651
114,0.4660172077387726
115,0.2969450725869906
116,-0.209808487283894
117,0.3063732707349947
118,0.07478597042928481
119,-0.03311765927119925
120,0.2958225870642695
121,-0.06447762636479226
122,0.525533327216836
123,0.19621644719801412
124,0.06290998703171125
125,0.14543549742545503
126,0.6451877313564401
127,-0.41194057218426494
128,-0.3930651428959212
129,-0.8138774156389676
130,-0.21231076533635773
131,-0.7960801269460028
132,0.22886287369604114
133,0.14680946212571266
134,-0.4861841994149566
135,0.5691395941438077
136,-0.31211320340721527
137,0.2624082254277741
138,0.13680020723342612
139,0.3345848377896619
140,-0.7604629276213911
141,0.330582990196104
142,-0.08732941945884964
143,-0.5447251102711848
144,0.13161844710886123
145,-0.19803095880823607
146,0.19369330154986486
147,0.09869074461856475
148,-0.40090648621941205
149,0.10591960143968843
150,0.14803434111373737
151,0.2021248469595559
152,-0.5530219409956761
153,0.3794411360304858
154,0.3914205682356994
155,0.14436678340208475
156,-0.30629707452130306
157,0.49431882606250255
158,0.2728623151845015
159,0.4640735180700882
160,-0.1443679402729915
161,0.024711082269922358
162,0.3219374515483299
163,0.28084156281668904
164,0.25535921147671725
165,-0.4662040201668659
166,0.2988878625499193
167,0.3677107469344052
168,0.5419680227371787
169,-0.28499082040277823
170,0.07465507514160763
171,0.2591653461997099
172,0.3228504660395787
173,0.27067081572705287
174,0.32683846602207833
175,-0.08714375368104488
176,0.39297605837575983
177,-0.5095325118396483
178,0.14437659222771765
179,-0.2527789034268849
180,0.4033641397665638
181,0.06790205140364591
182,0.22992041220928539
183,0.5507043669513144
184,-1.3199452261056859
185,0.371750885866778
186,0.3886989763854872
187,0.40588987841915936
188,0.3627624294605973
189,0.6662640530325783
190,0.3539181273382623
191,-0.02321012773322506
192,0.38843337785980825
193,-0.0638515655177817
194,0.4408974457830173
195,0.21533253817966652
196,0.011263842570917393
197,0.34089819553606826
198,0.33681825700840734
199,0.4586737729760747
200,0.19755841621210452
201,-0.8092063182405232
202,0.3247565920186091
203,0.41922665761607003
204,-0.44497515182722214
205,0.21996730941690412
206,0.20226293651144017
207,0.28980068140783183
208,0.37520858807195856
209,0.2507350679456407
210,-0.49630749722797607
211,0.3216364874066551
212,0.4109926121693909
213,0.5675942252907025
214,0.1637474877820918
215,-0.555738187471294
216,-0.15209091931069652
217,0.03398578839411104
218,-0.24658582031705822
219,0.13444164096944478
220,0.09624923695984333
221,0.5725124876066857
222,0.5289921920620857
223,0.18911758731002004
224,-0.40803880016010396
225,0.46712940573973694
226,0.374404604924305
227,-0.4278636214267987
228,-0.38793434970711715
229,-0.31719689355559255
230,0.11560326662187664
231,0.1733412443628568
232,0.33544205767823554
233,0.3588607150357085
234,0.6440827864890528
235,0.20891803814966065
236,0.4857163080723405
237,0.31089439718287926
238,0.3908863233044246
239,0.09933689537098889
240,0.4689815941658295
241,0.4458294975310701
242,0.21682442418757497
243,-0.42913246919505355
244,0.27903900325490916
245,-0.08420161539124726
246,-0.03810825491816472
247,-0.976665952249493
248,0.3673803508949889
249,0.3425335512650135
250,0.32659401342718414
251,0.6591723699436093
252,0.3477431781383408
253,-0.31961126899629055
254,0.45231146609162803
255,0.23233310533138707
256,0.014126394236215312
257,-0.15407690329425472
258,-0.15303118300633745
259,0.6825526383070032
260,0.1823706651112264
261,0.35711376966817365
262,0.5484935341259667
263,0.3448692733075323
264,0.2659714674527874
265,0.15406276939749963
266,0.3761856489042876
267,0.30176740461376017
268,-0.06313406710667879
269,0.33340081058739796
270,-0.15303118300633745
271,0.33931395617005544
272,0.08954667870413191
273,0.5912926070719964
274,-0.0306325302750724
275,0.2531429656852511
276,-0.39329313362154605
277,-0.12399809137758788
278,0.0806471531342382
279,-1.219385819339763
280,-0.04083838432270681
281,0.23166203464358237
282,0.25077847651641694
283,-0.34843019378607276
284,-0.053083686367695004
285,0.2761967116808287
286,0.12649446061315872
287,0.12465039730694172
288,0.2081343346001997
289,0.36815171192651325
290,0.21147128805368648
291,0.22081587238838618
292,0.5948884686299339
293,0.15478817937091954
294,-0.13702448281870783
295,0.07229186221102046
296,0.40470200328751166
297,0.08114704934673322
298,0.40726593588563087
299,0.3170465478546136
300,-0.11373605631593697
301,0.2719954374950009
302,0.5901350551353169
303,0.6160718565555153
304,0.16778690953738562
305,-0.3344337481325782
306,0.5529239036429725
307,-0.4348269485695315
308,0.4369569094061146
309,0.06277441349598034
310,0.20104940110380237
311,0.44627162758155603
312,0.37478454477644113
313,0.5127894861849123
314,0.08740692093617441
315,0.15719366692447967
316,0.4088227980743523
317,0.23675079554720085
318,0.3163203495896952
319,-0.32524724264798677
320,0.3745666546930383
321,0.563973017648584
322,0.23583308508134776
323,-0.15989881819426766
324,-0.8257497867495599
325,0.2484164274002189
326,0.2616035392501148
327,0.5169853723159178
328,0.40726593588563087
329,-0.002179167322018838
330,0.5359526325761796
331,0.19841364359284108
332,0.4184670790450648
333,0.1113034439284189
334,0.28221897526910267
335,-0.29924521051438924
336,-0.8403506498402743
337,0.30111306945117383
338,0.2505652138980423
339,0.14652425910797268
340,-0.2406558065984623
341,0.05108254256658962
342,0.581519892314872
343,0.3653337627171438
344,0.4613807809090084
345,0.3339345720105572
346,-0.21860207559817335
347,0.3577948664307652
348,0.3228782026558021
349,-0.0880972396587727
350,0.37629274996708045
351,0.14543549742545503
352,0.37341747439445
353,0.0992630195204236
354,-0.2818168830976182
355,0.2722304766399142
356,0.25038720790338015
357,0.3089323664093003
358,0.3661527441092172
359,0.1822240278961409
360,-0.7660122542779696
361,0.0197710170741362
362,-0.5243492053082084
363,0.6505657781168606
364,0.5416904567416511
365,0.21201490637817877
366,-0.2799721938724108
367,-0.18949655791439635
368,0.34495944943475987
369,0.40598360594822047
370,-0.10550355429183922
371,-0.5041003921460084
372,-0.2676357774897876
373,0.3182265139562346
374,0.18698448908512705
375,0.34560488679178203
376,-0.5928319315485993
377,-0.0713488647169086
378,0.2292749164360507
379,0.0641903785414576
380,0.40747671169605704
381,0.4896426309232292
382,0.25117272445161903
383,0.27528218916712177
384,-0.41813508420693746
385,0.07693741957432476
386,0.5968016008571917
387,-0.25783650383249
388,-0.91112878112702
389,0.41717662172922093
390,0.35362929993002623
391,0.3433110301834573
392,0.558517390172921
393,-0.24241916396986707
394,0.41231326999839224
395,0.026725949920699876
396,0.5740252520901427
397,0.28234849194312023
398,0.3460001001265342
399,0.3681475028722623
400,0.17958459539763078
401,0.3097543113802477
402,0.15996188056324373
403,0.40949137284049936
404,0.6513107389994631
405,-0.033710125507620425
406,-0.018673313192735796
407,-0.212726371199922
408,-0.27551816174524313
409,0.28820856764698116
410,0.36504729549905324
411,-0.28017568342213295
412,0.1162152165038216
413,0.35785722176049195
414,0.3907950845665616
415,-0.013961883569796885
416,0.1362202953674344
417,0.1094812032348661
418,0.182898970489767
419,0.120667273810241
420,-0.0014959148775268716
421,-0.14921830335156938
422,-0.32109087408859505
423,-0.13085179977326555
424,0.05859968400939253
425,-0.3073708230651878
426,-0.02639818758065704
427,0.28921487801196916
428,0.42243364199722194
429,0.06565180106730928
430,0.22225922779868462
431,-0.6488178272990873
432,-0.23541840692858151
433,0.19916796866187214
434,0.5279794357962388
435,-0.8933563967842527
436,0.023519200505489835
437,-0.14319559293789508
438,0.45004235566714956
439,-0.20839689202582734
440,0.2394457544033281
441,0.052427569157928455
442,0.5834897018722975
443,-0.3418645892760558
444,0.23198934330739535
445,0.34233618366451984
446,0.3107960227972826
447,0.1868861133607041
448,-0.29351610593287636
449,0.14299897244758164
450,0.272975955748048
451,0.4137594751195149
452,-0.09087207018028765
453,-0.014840032278556792
454,0.3571252156144998
455,0.09423299806111868
456,0.6401580941310249
457,0.39486245582088786
458,0.04517943025983073
459,-0.7957033529071296
460,0.0653637563621855
461,0.36535876758580954
462,0.42977945332670897
463,0.09667995304127036
464,0.2900818066938414
465,0.08681517613191081
466,0.16331502864891873
467,0.06039852696996195
468,0.03405230730138942
469,0.26851953736039963
470,0.37395435357038154
471,-0.09565894493785276
472,-0.18113954679509592
473,0.3886989763854872
474,0.20719732904159682
475,0.40226188874147006
476,0.015367462504109808
477,-0.060696911330452186
478,-0.07960303892238896
479,-0.4702617941472703
480,-0.135162322969391
481,0.23874830847658896
482,0.15826949932979328
483,-0.6229387615932619
484,-0.7911064121618065
485,-0.2812157632243161
486,0.597208611131608
487,0.44909510413819903
488,0.32527679740424037
489,0.20991009513340975
490,0.257031313631214
491,0.40442228889798765
492,-0.16479758326370975
493,0.3635261531636014
494,0.2494302957507153
495,0.40008702071876046
496,-0.006344838524710683
497,-0.30915293158920754
498,0.1648422351278227
499,0.2594271367145142
500,0.01939165932666076
501,0.6937021596486406
502,0.39320124820309493
503,-0.8034219567924777
504,0.08023815804394663
505,0.2062446727290988
506,0.4620280547818418
507,-0.8271344300723001
508,0.1681033818622828
509,-0.17194529215666743
510,0.35880441622641523
511,0.5155530017691828
512,-0.08724206756118214
513,-0.07867184551452688
514,0.5216251661795632
515,0.22844350788015533
516,0.3681719440058532
517,0.28533424803104934
518,0.3706217360158842
519,0.3277835079784317
520,0.07188590210697332
521,0.2728623151845015
522,0.3012470052891687
523,0.3649214830690761
524,0.09118940313513241
525,-0.2235878040170708
526,0.1539054313622623
527,0.327174710940985
528,0.21535385932072515
529,-0.8625360550185511
530,0.16090626537164443
531,0.12835892207888205
532,0.20407755800684269
533,0.23027907347862403
534,0.2819551424141412
535,-0.5744840970664344
536,0.11925240556638683
537,0.5074916579660942
538,-0.24849432901267554
539,0.15023203913205885
540,0.5403289588848944
541,0.061800116456273924
542,0.4583465473508336
543,-0.264141451535734
544,-0.47888871652242604
545,0.2292749164360507
546,0.08529839011861262
547,0.2977883998977372
548,0.6223007832974365
549,0.17832794401109453
550,0.5280239593324211
551,0.057809518467413556
552,-0.11161858740106023
553,0.5238865147056493
554,0.4358958453002868
555,-0.08541237310474237
556,-0.09232695472790853
557,0.3809575505893308
558,-0.28220426397983933
559,0.24735871498893258
560,-0.2653821045631407
561,0.37407992107197907
562,0.47566385878123346
563,0.17794156552755813
564,0.4673830692387936
565,0.3307605473541747
566,0.13015629853726024
567,0.24725843174087614
568,-0.5673950516289098
569,0.3314793993648469
570,0.5523232873288837
571,0.4591900890448223
572,0.4088757669575717
573,-0.6365668016687
574,-0.09326333963284184
575,0.6276251999006085
576,0.6218866292463475
577,-0.7708970728990372
578,-0.49921504798329774
579,-0.13412496081534797
580,0.33149482642621386
581,-0.6252594767436374
582,0.2626131604393006
583,0.2821712870156201
584,-0.11725441355416122
585,-0.05413724757643057
586,0.46393845565609926
587,0.24367119518169877
588,0.3966741342708812
589,0.2545768032436513
590,0.23387153067243238
591,0.3365852215469931
592,0.3466978824505484
593,0.32865683739166046
594,0.056088623786729075
595,0.26494159357277314
596,0.19591839925134136
597,-0.38606369173007327
598,0.017131076075066032
599,-0.09871297120049916
600,-0.13420579172819558
601,0.3328312719977717
602,0.0011873064554426271
603,0.4744922142545929
604,0.013498001162975837
605,0.2667568431218424
606,0.08681517613191081
607,0.33203109321102386
608,-0.15112007860135135
609,0.42836281520214065
610,-0.46142862023453113
611,0.43027608633224723
612,-0.48388723081923823
613,0.12001166568980731
614,0.4931059843348873
615,-0.0286115422366231
616,0.40879757385850596
617,0.20539660839110085
618,0.08654628305206724
619,-0.48845095840719943
620,0.3046236597473123
621,0.5155530017691828
622,0.2866340491362566
623,0.14300277281018642
624,-0.1390526276770343
625,-0.28273369213123023
626,0.36194397163175845
627,0.47281863053498624
628,-0.22733063663454922
629,-0.11375648850807862
630,0.2749240870093843
631,-0.0250112430904319
632,0.13574784539881557
633,0.16607317474215377
634,0.23080582870078326
635,0.3228675364567797
636,-0.42597489655753706
637,0.49776631574970204
638,0.5325343505498938
639,0.3352503650927079
640,0.14722501692022072
641,0.5601796615583935
642,0.37779495275238223
643,0.01319209528728782
644,0.013805777786730422
645,0.6209234947754958
646,0.023516636559599458
647,-0.016218567812391615
648,0.17829757617160913
649,0.46834465928491426
650,-0.210291332556943
651,0.4222585148158686
652,-0.034428647173472715
653,0.3074550817359979
654,-0.03810825491816472
655,-0.5785299033548575
656,-0.4471037392895528
657,0.6455052129651834
658,-0.8334166908271378
659,0.14300293916715895
660,0.09224966604553919
661,-0.39329313362154605
662,0.6978525603701831
663,0.07465507514160763
664,0.4106952414304496
665,0.3717692916867197
666,-0.15528397790269766
667,0.7278711084578129
668,0.332043592272622
669,0.46960772585019317
670,0.2932066352788955
671,0.6972514989000269
672,0.09521507401333029
673,0.39747908237111956
674,0.2462896243903242
675,0.4647443478655695
676,-0.09411735948492495
677,-1.0940677891714903
678,-0.07295650858528335
679,0.36887312844377507
680,0.43766890121494406
681,-0.25783650383249
682,0.4654986028131709
683,0.373415385953624
684,0.2972391208682469
685,-0.4365441798540849
686,-0.7085398895360537
687,-0.0845302370792137
688,-0.44406680612522254
689,0.013923437696613639
690,-0.2956583854014686
691,0.13482119364980139
692,0.30195561579986857
693,-0.09525240531591395
694,0.429048176422392
695,0.7510210898341491
696,-0.08091123744694206
697,0.35290092027424813
698,-0.022184225799868562
699,0.019009731261544704
700,0.40471015323413406
701,0.01509306304733904
702,-0.7484374386598192
703,0.2221709832931152
704,0.21456765973753128
705,-0.3133754421883963
706,-0.05827017968020343
707,-0.4096535911826712
708,0.2349780974888947
709,0.2228260611474484
710,0.17859935095881763
711,0.08720637145680465
712,0.05151183786135283
713,0.461881800388782
714,0.007837423827442125
715,-0.5460103564663781
716,-0.6229868194742519
717,0.10314204911156427
718,0.40168222997417957
719,0.3218217318370746
720,-0.8160624200123893
721,0.5294594791045901
722,0.004727442733388321
723,0.43886456560282483
724,-0.5995547153038348
725,-0.011263444912613108
726,0.3072755929212613
727,-0.09318432228039686
728,-0.6447391896116534
729,-0.4525495004617952
730,0.6295872526415032
731,0.122608466765607
732,0.6675039994644528
733,0.33681825700840734
734,-0.0078109640724857154
735,0.1279250774002642
736,-0.6355455729796855
737,0.15048299309832314
738,-0.41927473085345124
739,0.10728547121672999
740,0.14652425910797268
741,-0.08582970531757173
742,0.1820067612893962
743,0.21147128805368648
744,-0.5389656188721339
745,0.10559157894330967
746,0.46536315051026744
747,-0.330443440323408
748,0.24032577861235183
749,-0.13217473871089302
750,0.2688502083521582
751,0.2813394303397848
752,-0.5356330719434051
753,0.026486531296551763
754,0.1469308276715955
755,0.2624987547453288
756,0.4476003961229933
757,-0.5628867201524392
758,0.5544285713515429
759,0.3261888039920654
760,0.4100403306674618
761,0.6439293406605755
762,0.2945171717760804
763,-0.7386654926438273
764,0.19038277551798855
765,0.6157751064033194
766,-0.19467802822336544
767,0.35879813792410575
768,-0.17755590827545964
769,0.32381768221324947
770,0.35729783291312234
771,0.2605736069339769
772,0.09996371333414433
773,-0.27775673288239433
774,0.21682442418757497
775,0.5893668091654728
776,-0.02470964517046037
777,0.27227616808834343
778,0.21525015011266158
779,0.2934107195485153
780,-0.4067976252699078
781,0.4005173775281581
782,0.15215536613967617
783,-0.17762453833351777
784,-0.26847585159104925
785,0.1453728067188158
786,0.32364041583585423
787,0.3738543687087123
788,0.07991428029426839
789,0.6388783750525255
790,0.0344018089499295
791,0.19248487952523485
792,-0.5177793956712445
793,-0.1954040968541524
794,-0.03980402053134613
795,0.4458961622033216
796,-0.5909917329784231
797,-0.15962902792906142
798,-0.5246020132869788
799,0.5182898147458761
800,-0.07706015662250987
801,-0.33219725122950916
802,0.2341820847529118
803,0.13674603218413384
804,-0.03227399619194149
805,0.364213411329563
806,0.37256531988985375
807,0.1467169568820833
808,-0.8783610110319144
809,-0.11774907275255686
810,0.2666252428725905
811,-0.29836262789687973
812,0.03434465346594362
813,-0.7116776899744186
814,0.3019569111386357
815,-0.6413228492495392
816,0.5369833656727583
817,-0.5584183988489644
818,-0.1725843442889704
819,-0.12235698351480617
820,0.027854036582168562
821,-0.2153678622981824
822,-0.14255719516758503
823,0.47515800387894325
824,-0.4711848154296263
825,-0.15303118300633745
826,0.24762364120138136
827,-0.1288846354065869
828,0.2846870633488097
829,-0.32306563788303455
830,0.2787695379390234
831,0.6118415307997104
832,0.11323061778117649
833,0.6005119162517901
834,0.566250295856366
835,0.3371223125406417
836,-0.1090493531491239
837,-0.371920095624635
838,-0.3768410988480939
839,0.04778845426897527
840,0.0010968064476066797
841,0.1416752062608273
842,0.37129656175952597
843,-1.032472786887696
844,-1.0021129519554834
845,0.3710593260129161
846,0.06649490973634153
847,0.29585603575498104
848,0.49830849981751246
849,0.2441875563645809
850,-0.425932185885194
851,-0.022184225799868562
852,0.5213224641851485
853,0.4119236586237912
854,0.5985714242291316
855,-0.048035857100244495
856,0.5195098578837802
857,0.715818693979705
858,0.15950379633461198
859,0.16972430051911724
860,-0.09553495970335057
861,0.4693298576674238
862,0.05677109057011531
863,0.39584221213558346
864,-0.2745585248233623
865,-0.2853598887029475
866,0.730498504815733
867,-0.13954381829732254
868,0.1286089601464172
869,0.5476108022428788
870,-0.3981232827437938
871,0.34314356533588797
872,0.20666576441817663
873,0.374863963505566
874,0.2073763971489584
875,0.3469698922757808
876,-0.18252413670391998
877,-0.05641262924665469
878,0.5225762848554601
879,-0.11851987382501095
880,-0.08918528760956135
881,0.049611787981155286
882,-0.1835187437519138
883,0.4652160961860047
884,0.2846870633488097
885,0.37180294062951874
886,0.20009112093845005
887,0.43955321292954586
888,0.42148068707875075
889,-0.44452686384655293
890,0.2842244580841816
891,0.6215415087312458
892,-0.06315034608586245
893,0.5226827321616883
894,0.2728623151845015
895,0.2042089788188472
896,0.22562714360117236
897,-0.08070070614338232
898,0.42977221385018544
899,0.172594355999096
900,-0.19785711552890772
901,0.4537492515530853
902,0.08999073053299067
903,0.521009164842664
904,0.38241272348656435
905,0.22779439577591504
906,0.4248987194448574
907,0.22903207474516962
908,0.30031722825342044
909,0.15651276114379292
910,0.3122010115974704
911,0.303791955772705
912,0.3023310048847366
913,0.6218667444045582
914,0.3096286233536071
915,-0.7077566461162613
916,0.1717883251925762
917,0.4509504913615437
918,0.25869021461325076
919,-0.23433301357213898
920,0.20192495505514352
921,0.46932946159958766
922,0.3195074324491353
923,-0.6679016790162606
924,0.09036632349845625
925,-0.0153663510505887
926,-0.16903651065395742
927,0.07237689097908206
928,-0.22978068385163597
929,0.6220395973882278
930,0.6641246839061239
931,0.2341268709141453
932,0.3156932434957476
933,-0.09777621062733155
934,0.3118352113066127
935,0.1082008218236461
936,-0.12991667405058982
937,0.6867926423145031
938,-0.09476800321571055
939,0.24526148716112012
940,-0.08918528760956135
941,0.06727743669657416
942,-0.11002121641838947
943,0.4735891274324822
944,-0.3785568057814025
945,0.6521515169716131
946,-0.25357263774536387
947,0.6951408800215355
948,-0.6047675029981352
949,0.44633445682783024
950,0.48588754827972463
951,-0.17845315034102127
952,-0.42096595197126463
953,-0.18607086616301816
954,0.5292747156735038
955,0.45256028597604153
956,0.6785278824453892
957,0.42840318603879435
958,0.30693327916133717
959,-0.7839437782423503
960,-0.07990298218869951
961,0.01782211746152318
962,-0.8239809664276928
963,0.10023185290241665
964,0.3101439468861174
965,0.6698671924422767
966,-0.06080570775655858
967,0.16127511643108927
968,-0.1374611321289645
969,0.22240850959021763
970,0.685391140019895
971,-0.29678794965303024
972,-0.1644744443322117
973,0.2215550698447598
974,0.40298366519893136
975,0.3544587923884298
976,-0.13023104767723082
977,0.27736204518460783
978,0.3856974094603898
979,0.42221778023857537
980,0.22028162149619024
981,0.6632421138711133
982,0.08055446606879768
983,0.4633419430172938
984,0.4445946806516452
985,-0.01868456703443855
986,0.21538134516509333
987,0.24639170029913565
988,0.2341820847529118
989,-0.1099664900339078
990,-0.4205031657499749
991,-1.3160325296361703
992,0.43027608633224723
993,0.675220566351876
994,0.17876931144401198
995,0.284643404539148
996,0.5469389169689307
997,0.6825528647125344
998,-0.3289424307954336
999,-0.016337843562107546
1000,0.22169872088931997
1001,0.28733621598914616
1002,0.43070528633732685
1003,-0.40698369212568564
1004,-0.1963315867683999
1005,-0.4567350416994842
1006,0.3887059006205793
1007,-0.3870388677467659
1008,-0.9605924204200031
1009,0.13426309052270013
1010,0.33586244892592904
1011,0.29788221657159036
1012,0.35483121612906643
1013,0.28524825063312376
1014,0.5282192921647285
1015,0.12522093325542027
1016,0.3526319204278948
1017,-0.39166976027884426
1018,0.2856213580319338
1019,0.2681902296165164
1020,0.4366458569836813
1021,0.28937595825555507
1022,-0.22588719626620046
1023,-0.10885239305278571
1024,0.5927897664571258
1025,0.186765773412219
1026,-0.30114824658785155
1027,0.3377178767394099
1028,0.37256531988985375
1029,0.23583308508134776
1030,0.2596939256272659
1031,0.3351191801885685
1032,-0.0420361407164378
1033,-0.03490846496036326
1034,0.3410132259129253
1035,0.6270564003400318
1036,0.5829066741915083
1037,0.05067400186943971
1038,0.3610931880392059
1039,-0.1840153685403665
1040,0.10584988852791166
1041,0.4650530103995078
1042,0.3444737483745061
1043,0.12423559580069254
1044,0.3262744009750181
1045,0.28962904981116444
1046,0.4790173965547657
1047,0.18126537668618992
1048,-0.02724025693267773
1049,0.4358958453002868
1050,0.0594329396166271
1051,0.272975955748048
1052,0.022573571032870277
1053,0.3425335512650135
1054,-0.1525399561798274
1055,0.5585090155256172
1056,0.2548686073970568
1057,0.1983267480234437
1058,0.3997686652709138
1059,0.21029979058314718
1060,-0.3082060687410261
1061,-0.3149003128375284
1062,0.2923727948386566
1063,0.36294591453206615
1064,0.3465929643263504
1065,0.4429555591898662
1066,0.17343290460747662
1067,0.30151698096571755
1068,0.384887091603093
1069,-0.3790522117775307
1070,0.22195561507721567
1071,0.20124391709969908
1072,0.01463740779481193
1073,0.15097160677330812
1074,0.4509466588072977
1075,-0.32018601747507136
1076,0.07034901126823812
1077,0.23201195652116424
1078,0.14632418398643798
1079,0.31475122621426127
1080,-0.8876496526949248
1081,-0.44432905423297653
1082,-0.010772827608567348
1083,0.16778690953738562
1084,0.4631570823475978
1085,0.3369053870891833
1086,0.16099107152077063
1087,0.6421847152139855
1088,-0.9447774082671779
1089,0.24553878199940238
1090,-0.17450704771098824
1091,0.43027608633224723
1092,0.3602796234115149
1093,0.08119418454725447
1094,0.34956976627424785
1095,0.15353572526064296
1096,0.43426607380409743
1097,0.22187065254553567
1098,0.503388286000258
1099,0.039662306615837584
1100,0.5358464037562958
1101,0.14842012962561574
1102,0.5249198723732027
1103,-0.3861357569777194
1104,-0.4620632256318119
1105,0.28005922279693407
1106,-0.45185176260088056
1107,-0.4159781030128834
1108,0.34898960460559414
1109,0.0028691601611393613
1110,0.23516706944792248
1111,0.21363200407903177
1112,-0.5772490424427935
1113,-0.5908704121837601
1114,-0.588179364485908
1115,0.36032197265769417
1116,-0.16047042193918692
1117,0.34698626070302213
1118,0.3383969938484683
1119,0.31824321090939756
1120,0.3587328759366026
1121,-0.4230210655277634
1122,0.35260919326665574
1123,0.26493629421789816
1124,0.1600914797633926
1125,-0.1773479541076206
1126,-0.33643071075251496
1127,-0.21479967928770438
1128,0.27861995607860407
1129,0.5660498580489031
1130,0.6656182017263815
1131,-0.3293241947036606
1132,-0.02067155770265494
1133,-0.2747594456603354
1134,0.23583308508134776
1135,0.33984605829331727
1136,0.1551961854738424
1137,0.25303714010864253
1138,-1.310795256598851
1139,0.39213347533588616
1140,0.27899272433678074
1141,0.3333191733351564
1142,0.17428125987553728
1143,0.2621240705863503
1144,0.5011504449524351
1145,0.21504498833159208
1146,-0.17739197255598926
1147,0.023840314547480923
1148,0.10612633453192033
1149,0.060171444082937064
1150,0.14195856507100946
1151,0.4074339889627999
1152,0.047193634801809825
1153,0.1670210009329519
1154,0.27311333512629654
1155,0.391378085587815
1156,0.5225864490523063
1157,-0.11358009963792803
1158,0.07160221354623497
1159,0.6292092869554633
1160,-0.16479758326370975
1161,0.22187065254553567
1162,0.5811242786264694
1163,0.4274670831758047
1164,-0.7372824594466917
1165,-0.16406310626085419
1166,0.056484385220095246
1167,0.45737030602723006
1168,0.05080698071131862
1169,-0.8091244667602407
1170,0.345875643539857
1171,0.35517088490302595
1172,0.3959489875497697
1173,0.10996108261762871
1174,0.26749295511378923
1175,0.19481792199495168
1176,-0.08501800826294503
1177,0.4309909119899663
1178,-0.05413724757643057
1179,0.21356730434122229
1180,-0.1180723640550968
1181,0.4077984971904488
1182,-0.13420579172819558
1183,0.20824931171227423
1184,-0.4438123822644082
1185,0.10156913127837464
1186,0.38276279715415884
1187,0.49763147243092726
1188,0.2196215102969693
1189,-0.5703771436134022
1190,-0.6998492255927574
1191,0.6040727524566425
1192,-0.46201742273161006
1193,0.30596655483343843
1194,-0.24038532132386015
1195,-0.4999357872651149
1196,0.20863442298108276
1197,-0.24869738989162038
1198,0.4651919772687932
1199,0.29585603575498104
1200,0.41684592877474924
1201,0.14299897244758164
1202,-0.022184225799868562
1203,-0.002179167322018838
1204,0.087628549697231
1205,0.27067081572705287
1206,-0.4758863165681835
1207,0.1524177746635691
1208,0.6139033251551823
1209,0.4434797451825073
1210,-0.11009813525839507
1211,0.513667066931515
1212,-0.6685874780864894
1213,0.42905017127333067
1214,0.06530429225572343
1215,-1.0568591758066068
1216,0.15930489652632457
1217,0.31608763422748
1218,0.2824911831109621
1219,0.018007613986766757
1220,-0.009723023121006591
1221,-0.06896190281754266
1222,-0.5031360554495902
1223,-0.3829434863549618
1224,0.3291549105898151
1225,-0.2266406434108883
1226,0.09737107545014367
1227,0.0065339734324673104
1228,-0.04675746552108484
1229,-0.3887894046624859
1230,-0.6467118834633127
1231,0.34085309881540304
1232,0.7068315649463898
1233,0.3731060956151795
1234,0.41241185233490374
1235,-0.6025622114019041
1236,0.23949564170084398
1237,0.1278239030349338
1238,0.0875124275352297
1239,0.37093720745936776
1240,0.3744444957809413
1241,0.15299216668747417
1242,0.22736811419195846
1243,0.18003770944904685
1244,0.04616476924172186
1245,0.35168783932341446
1246,0.4424130518554219
1247,0.2464932816811315
1248,0.4052293720234583
1249,0.3678814343180377
1250,0.29804041194710595
1251,0.18213146204233288
1252,0.3657167235937537
1253,0.2982643231946941
1254,0.21287159115827042
1255,0.20898627624209487
1256,0.42881465430428717
1257,-0.468007623377216
1258,-0.09301314378356629
1259,0.15485046337847447
1260,0.22341132169192623
1261,-0.23747621358415394
1262,0.1844068292750214
1263,0.3057342798092767
1264,-1.204953452759459
1265,-0.36426918537742303
1266,0.21287159115827042
1267,0.12321097787214497
1268,0.29684640564883774
1269,0.5299921971965686
1270,-0.04738945882665424
1271,0.6109657135292058
1272,-0.12425290217835683
1273,-0.1397996381231863
1274,-0.20508209657787357
1275,-0.07031280750390378
1276,0.2605736069339769
1277,0.7366433116017566
1278,0.12119890577498738
1279,-0.41198970567712245
1280,0.17838497253827734
1281,0.39995692154807927
1282,0.28733621598914616
1283,-0.012718502620503669
1284,-0.04686154328231118
1285,0.4173523863117482
1286,0.44870533722778
1287,-0.4676857742868882
1288,-0.8205703727885045
1289,0.1112060968053733
1290,-0.4655970592781754
1291,0.2853886160654243
1292,-0.5143071427979385
1293,0.4514348471216617
1294,-0.01889837687505358
1295,-0.5708341929154873
1296,0.1660261942700561
1297,0.372539790898201
1298,0.39040898774759114
1299,-0.499864712372479
1300,0.09224966604553919
1301,0.4197226923600593
1302,-0.17902481225755507
1303,-0.03900110857085082
1304,0.3283810174423502
1305,0.23803460206302485
1306,0.42765033223524307
1307,-0.6086944709404141
1308,0.06984371774486176
1309,0.47991014220719
1310,-0.4630730017839816
1311,-0.3697091707373611
1312,0.5719613324916784
1313,0.23166203464358237
1314,0.3714867734025528
1315,-0.24240083362419573
1316,0.351243250599069
1317,0.4676551885620654
1318,0.48933576526582445
1319,0.6360831383566619
1320,-0.5031360554495902
1321,0.1099517626515899
1322,0.45488170513205817
1323,0.591788535786348
1324,0.21863290337859498
1325,-0.2956583854014686
1326,-0.19257083536570896
1327,-0.5259445424730298
1328,0.1354491856491552
1329,0.05835768371984684
1330,-0.7420875449056512
1331,0.3081611391179865
1332,0.3477167035241103
1333,-0.17528859180568024
1334,0.36974716033535515
1335,0.40008702071876046
1336,0.2199853420054788
1337,0.002649782368437159
1338,-0.5618382685166001
1339,0.2788977162370452
1340,-1.0021925553049842
1341,-0.32575497946545784
1342,0.32592248913287647
1343,0.5807543323983864
1344,-0.10160795580352056
1345,0.5886497879167717
1346,-0.27679762487402837
1347,-0.4990484638209409
1348,-0.002179167322018838
1349,0.44668959945525705
1350,0.1138006767681522
1351,0.5539866696518752
1352,-0.6331905209223865
1353,0.16050610935111348
1354,0.33508293363784214
1355,0.02181330942610127
1356,0.2900818066938414
1357,0.25117272445161903
1358,0.36054412811037584
1359,0.15053512174778916
1360,0.38267733976716495
1361,0.2169315872607247
1362,0.4756032829716111
1363,0.05067400186943971
1364,0.08439200126631474
1365,0.13054493591432165
1366,0.11647325734736391
1367,0.23130942747356503
1368,0.1777827109701025
1369,-0.01585047036838605
1370,0.36341361629407914
1371,-0.1544041062752971
1372,-0.6894627383164936
1373,0.12959420796822035
1374,-0.1053422764234132
1375,-0.10012265646820606
1376,0.27727960067572405
1377,0.34427441085250365
1378,0.33340081058739796
1379,0.2952017704442716
1380,0.102091078067581
1381,-0.14803697765072632
1382,0.3891221199247482
1383,0.39320124820309493
1384,0.6125245692594662
1385,0.30579975290442485
1386,0.33288567731490554
1387,0.27406430790127223
1388,-0.4076968657553398
1389,0.4163832494262044
1390,0.21358822019957452
1391,0.10192666060989569
1392,0.4492839641223273
1393,-0.08070070614338232
1394,0.3945850384149835
1395,0.1061012193838069
1396,0.2887332613261507
1397,-0.07362099681389533
1398,0.29440494292479014
1399,0.13161844710886123
1400,0.23837065141425218
1401,-0.15912477919167334
1402,-0.009314395736973902
1403,0.3290495984250736
1404,0.47828122117447763
1405,-0.47717825909017264
1406,0.2836729514521731
1407,-0.998221036514861
1408,-0.27244028737746073
1409,-0.04908216960157086
1410,0.5968611059416159
1411,-0.35997376849622775
1412,-0.362313717486589
1413,0.0562455696193932
1414,0.30031722825342044
1415,0.32686635349927967
1416,0.0021611306220092885
1417,0.7013793651943173
1418,0.5518425588359862
1419,-0.2402560728226325
1420,-0.3386675412906549
1421,-0.12056436642834423
1422,-0.16479758326370975
1423,0.31676508740677256
1424,-0.017052825368536695
1425,-0.0845302370792137
1426,-0.5349581886252669
1427,0.3794411360304858
1428,0.5207342490462581
1429,0.6221689464678738
1430,0.22310038073285965
1431,0.5140906864779613
1432,0.011886756126599507
1433,0.4850045329633053
1434,0.1386995367163288
1435,-0.6113395682344822
1436,-0.2266406434108883
1437,0.568204324058976
1438,0.12827033239081653
1439,0.3394025908352356
1440,-0.3277593282684972
1441,0.2187921911284233
1442,0.2728623151845015
1443,0.34560488679178203
1444,0.4865525983792097
1445,0.255322490145743
1446,0.07143315585587096
1447,0.6290967676899557
1448,-0.01868456703443855
1449,0.3215749432991835
1450,0.32301489423613894
1451,0.17890788886765757
1452,0.38603572751684456
1453,0.12729589287475612
1454,0.4479043968020584
1455,0.365734577063737
1456,-0.2739151979356017
1457,0.18698448908512705
1458,0.4392721584407949
1459,0.47557039391836103
1460,-0.49570053615311493
1461,-0.5870381558379136
1462,0.5731347644373369
1463,0.39267874788486756
1464,-0.014685136072695504
1465,0.36054412811037584
1466,0.35901388582989163
1467,0.2560173361493097
1468,0.31565584321821655
1469,0.43953732493510445
1470,-0.08070070614338232
1471,-0.8999001946827846
1472,0.3564682669024122
1473,0.1466224723817583
1474,0.4949143755872656
1475,0.16929762408381932
1476,0.37234594401571
1477,0.13155906216906377
1478,0.45488170513205817
1479,0.5280239593324211
1480,0.044469297433259225
1481,-0.2966208003929006
1482,-0.10643440945972527
1483,-0.4641877762161635
1484,-0.20213418405931483
1485,0.2292749164360507
1486,0.30358787565130707
1487,0.14381214060589742
1488,0.07535105343516302
1489,0.16778690953738562
1490,0.11536656228767406
1491,0.30076542736965145
1492,0.236173009359274
1493,0.27067081572705287
1494,-0.42904131221014763
1495,0.3069654176609457
1496,0.21148325838012072
1497,0.18145463043481957
1498,-0.6646168834759641
1499,0.002197633824521761
1500,0.34085687767901596
1501,0.40598360594822047
1502,0.3562325113592105
1503,0.4106952414304496
1504,0.14300293916715895
1505,0.23312180569195184
1506,-0.26226658795795044
1507,-0.10705534521055016
1508,0.012912700383114761
1509,0.39446883998418725
1510,0.20192495505514352
1511,0.37612853520791856
1512,0.19195700584945885
1513,-0.2478202822760699
1514,0.12440749861251177
1515,-0.8012811338194223
1516,0.4340011561983177
1517,0.09231617044229323
1518,0.1873836779625066
1519,0.33485756386029825
1520,-0.36029010587427635
1521,0.10314204911156427
1522,0.2939995145547952
1523,0.1055907389148375
1524,-0.34043103674086594
1525,0.19248487952523485
1526,0.15067203567696674
1527,-0.25191229853830766
1528,-0.5651524597500246
1529,-0.13556887091025227
1530,0.3870768909519388
1531,0.3804067891836115
1532,-0.02611211794319901
1533,0.6445516057807212
1534,-0.12056436642834423
1535,-0.15085313805927225
1536,-0.17768418862836244
1537,-0.3481816621552313
1538,0.3884898554815792
1539,-0.3056682926707702
1540,0.1640341460037903
1541,0.2974073585062896
1542,0.3717692916867197
1543,0.3381034328646679
1544,0.013864141246479389
1545,0.35705783538925007
1546,0.3068450098606773
1547,0.30031722825342044
1548,0.2021248469595559
1549,0.026980091487718183
1550,0.030617307970945418
1551,0.2867593329658484
1552,-0.4247542491778057
1553,-0.6946742598449993
1554,-0.007986927915691555
1555,0.6216046828876028
1556,-1.0412849380858042
1557,-1.3382691925030512
1558,-0.08918528760956135
1559,-0.5032724774409363
1560,-1.0810982660341244
1561,-0.2159655799875112
1562,0.19481792199495168
1563,-0.23929172116752606
1564,0.35336693409199316
1565,0.4604715782946108
1566,0.23233310533138707
1567,-0.3418103037749265
1568,0.4014696941581145
1569,0.5503902563810541
1570,0.42243364199722194
1571,0.34254596405037907
1572,-0.00997537436578222
1573,0.4201384457100047
1574,-0.1492392136703964
1575,0.06338953137643377
1576,-0.046851212112545615
1577,0.37189029312907185
1578,0.23513064908821224
1579,-0.2809056030709939
1580,0.2510177754442636
1581,-0.35508738718026733
1582,0.3479889875417578
1583,0.38241272348656435
1584,0.6623990407852243
1585,-0.008965275385034444
1586,-0.8473903994169257
1587,-0.18491457038530457
1588,0.4639882085230198
1589,-0.34064157455486777
1590,-0.4432611803661838
1591,0.08420811272132622
1592,0.3343525434605376
1593,-0.3701125221421938
1594,0.334066391131907
1595,-0.08624954417303465
1596,0.3765885846780559
1597,0.1279250774002642
1598,0.14984334089926005
1599,0.27550247989007176
1600,0.053545694394485754
1601,0.2869496775905591
1602,0.19361550830993624
1603,0.33340081058739796
1604,0.5691377739560588
1605,0.07849238347028908
1606,-0.610553570664939
1607,0.3681719440058532
1608,-0.0762656725363845
1609,0.04253090319089703
1610,-0.266492223311077
1611,0.4731963326627394
1612,0.48175848411329614
1613,-0.764167129416477
1614,0.19478752575497738
1615,0.21900818105956327
1616,0.5070789918982026
1617,0.2684796520127671
1618,0.08761392237377119
1619,0.14780816264348967
1620,0.04045854907750457
1621,0.3042733432373359
1622,-0.060696911330452186
1623,0.12246113898992961
1624,0.3661825258116827
1625,0.31642352261337475
1626,-0.31505895511945403
1627,0.3824132418850469
1628,-0.3767992635448556
1629,0.23233310533138707
1630,0.31676508740677256
1631,-0.14149575570545214
1632,0.46461694739049764
1633,-0.09286458395912289
1634,-0.1483149618980425
1635,0.1853953180664244
1636,0.25359185155063346
1637,0.3756221459363466
1638,0.5283465067256037
1639,0.3791238801326028
1640,0.21664082606257712
1641,0.43898158722676595
1642,0.6226568147861702
1643,0.20361494393390256
1644,0.4297396492098209
1645,-0.355968481341413
1646,-0.2852604064763645
1647,0.35132168495965826
1648,-0.08624954417303465
1649,-0.06539448935834757
1650,-0.4779463179393353
1651,0.3078989493528628
1652,0.49828490525765573
1653,-0.04464192372071685
1654,0.24639170029913565
1655,-0.17670430984274266
1656,0.3410132259129253
1657,0.12561639358185533
1658,0.20477989200699276
1659,0.43073262876114626
1660,0.20019334556434842
1661,0.31794214106739493
1662,-0.4104084061517348
1663,-0.14767766409187333
1664,0.15542421962200664
1665,0.27275856267359494
1666,0.10869657945027628
1667,0.19063832997634655
1668,0.25359185155063346
1669,0.06237998031696412
1670,0.3060270235463418
1671,0.47611471726470583
1672,0.011434758007891954
1673,0.37629274996708045
1674,-0.6413228492495392
1675,0.4978440199282918
1676,-0.10620575788761688
1677,0.4687104523042567
1678,0.4022203098839683
1679,0.3937773373465725
1680,0.27403800393057914
1681,0.0992630195204236
1682,0.7070539642567194
1683,0.3634495358607647
1684,-0.2827842834312956
1685,-0.20601443892171079
1686,0.4402984464795838
1687,0.2976924853146653
1688,-0.22298550060308042
1689,-0.17555661540223289
1690,0.05452030384080542
1691,-0.12975254466428554
1692,0.10015984715889498
1693,0.38207619943457244
1694,0.21932097864810662
1695,0.30726734011313145
1696,0.3296981052217793
1697,0.3486943637440538
1698,0.07923917669209335
1699,0.09938528530874935
1700,0.09560572583733307
1701,-0.23189242866610404
1702,-0.1374096296559265
1703,0.18912864505517984
1704,0.04616476924172186
1705,0.22562714360117236
1706,-0.8675212931998629
1707,0.1386995367163288
1708,0.08897569101170888
1709,0.3647125190878688
1710,-0.11712059821628606
1711,-0.26112750653516703
1712,0.3208531683330402
1713,0.33022365279583854
1714,0.061078749673529
1715,0.3756699055626533
1716,0.23486340352259893
1717,-0.3816516383789629
1718,0.47438619825662065
1719,0.32541431691653316
1720,-0.25354762555492416
1721,0.3576423691927755
1722,0.14865903108207995
1723,0.14255278475488042
1724,0.33329929251515583
1725,0.6406442652650126
1726,0.31461008448650274
1727,0.21714025586654007
1728,0.32289218374883716
1729,-0.20511619295634775
1730,-0.31439434373314346
1731,-0.18252413670391998
1732,0.6186729188761597
1733,0.6170636240926035
1734,0.549824167825333
1735,0.3679201517254749
1736,0.2704297544183297
1737,-0.14944698892929875
1738,-0.10038898261194529
1739,0.21287159115827042
1740,0.1193549239724852
1741,0.1916439242421803
1742,-0.29211985078759617
1743,-0.7030124422672943
1744,-0.7405864451560125
1745,-0.05008132751272387
1746,0.2568255587638641
1747,-0.07425390547318156
1748,0.09469813071702182
1749,0.3605090975753923
1750,0.34089819553606826
1751,0.6193635721862942
1752,0.27226557269690915
1753,0.1725966228399597
1754,0.2754323420794098
1755,0.22970352572770353
1756,-0.05476915261526738
1757,0.09011376248286906
1758,-0.03510951898479242
1759,-0.2266406434108883
1760,0.44050140390342896
1761,0.002779861127386596
1762,0.22575748183042965
1763,0.3769915741020132
1764,0.17740541076105043
1765,0.16778690953738562
1766,0.36054412811037584
1767,0.7406553565247105
1768,-0.3149726512281785
1769,0.3002170247325
1770,-0.8045740650893534
1771,-0.7554238307141043
1772,0.5303194624949057
1773,0.2190968382108326
1774,0.41684592877474924
1775,-0.3644252359353686
1776,-0.11626159228028055
1777,0.21456765973753128
1778,0.04065269036514585
1779,0.2596939256272659
1780,0.2663944320563826
1781,-0.13990421589227242
1782,-0.08318731214051012
1783,0.17836863469943354
1784,0.2743079078876054
1785,0.20721480079045268
1786,0.24551643401017342
1787,0.1291999311109971
1788,0.19349965128690882
1789,0.40747671169605704
1790,0.012578706321165423
1791,0.45530114340755123
1792,-0.48425168902704496
1793,-0.0019985233574165706
1794,0.2952574664759145
1795,0.13127799512796973
1796,-0.24156633439048336
1797,0.11699021480681698
1798,0.28561375363866986
1799,0.36379347163411613
1800,0.1522436907705239
1801,-0.28622840506134717
1802,0.1592507444465664
1803,0.2621240705863503
1804,0.17729443623334534
1805,0.0875124275352297
1806,0.35569954150687344
1807,0.5539465461949467
1808,0.16637395671721916
1809,-0.38251181696341086
1810,-0.353479354601978
1811,0.22681893253747298
1812,0.2087408561344209
1813,0.46015613174980563
1814,0.322475376218222
1815,0.13127799512796973
1816,0.46554627771845986
1817,0.39572068331966637
1818,0.3710727711905623
1819,0.4040859100889471
1820,0.4150528164464403
1821,-0.18250933417349913
1822,0.1770296521272361
1823,0.23988059836023862
1824,0.30762101493288496
1825,0.07185120578166015
1826,-0.23415618995379994
1827,0.3317964508044748
1828,0.018007613986766757
1829,0.055829622438086424
1830,-0.3073708230651878
1831,0.5608084976032108
1832,-0.060696911330452186
1833,-0.08007071189822224
1834,0.15406276939749963
1835,0.38941831515891917
1836,0.3275481632901194
1837,0.0032727725876970926
1838,0.33536130339861353
1839,0.2905793570877435
1840,-1.0236298463520057
1841,-0.5828231359466154
1842,-0.2823219797836508
1843,0.32527679740424037
1844,0.5492885787747659
1845,0.42676338077534726
1846,0.008757156514852427
1847,-0.02791909569927209
1848,0.029588707358187638
1849,-0.5031360554495902
1850,0.0017448544870531935
1851,0.1962777640234279
1852,0.05452030384080542
1853,0.20559637016341964
1854,0.26509127987509756
1855,-0.8835309875181037
1856,0.6065723043023351
1857,0.221900199621053
1858,0.2266918092780168
1859,0.38500810992586065
1860,-0.11184798636984639
1861,0.06725655211980941
1862,-0.24471913027987768
1863,0.040236612356594814
1864,0.14525125808297312
1865,0.34980931634677276
1866,0.29619418416656873
1867,0.24537279864515077
1868,-0.9173956848478325
1869,0.5919750317418462
1870,0.43629072821901516
1871,0.25306047685955807
1872,0.7369970779172251
1873,-0.04549103737329352
1874,0.634377948221254
1875,0.15719366692447967
1876,-0.13761325187850382
1877,0.20898627624209487
1878,0.08669965940154933
1879,0.5500438331929418
1880,0.4254787857819929
1881,0.25894215487775185
1882,0.018007613986766757
1883,0.2512309037140765
1884,-0.6241101873023486
1885,0.2982643231946941
1886,0.07867825395065309
1887,0.35487530810049916
1888,-0.4094179961040163
1889,-0.07303825549127341
1890,0.21582373291532636
1891,0.19095181860307603
1892,-0.5936168060476164
1893,-0.2980558432060373
1894,0.22951103397031997
1895,0.21629120560998183
1896,0.3393430835528318
1897,-0.3720814362592719
1898,0.6805832608004987
1899,0.24367119518169877
1900,-0.07863256106648386
1901,0.4204483397568372
1902,0.3477431781383408
1903,0.07160221354623497
1904,0.32557388608477295
1905,-1.1193600459381292
1906,-0.40293951040630493
1907,0.3681719440058532
1908,-0.39928813575688404
1909,0.3992426328963108
1910,-0.08070070614338232
1911,-0.9997984737308332
1912,0.3201654348952106
1913,-0.2787695775228777
1914,0.17890788886765757
1915,0.42818497945768486
1916,-0.6246138292529727
1917,0.2125804788591958
1918,0.47377543656515614
1919,-0.7663726199577985
1920,0.48279317736972893
1921,0.3569114910232257
1922,0.17890788886765757
1923,0.3061621330948693
1924,-0.6246826722077647
1925,-0.3339359031819641
1926,0.08700499056284527
1927,0.25358579596507463
1928,0.5199949530771188
1929,0.01463740779481193
1930,0.14156548713721856
1931,-0.347260555419583
1932,-0.39296087819550485
1933,0.2765158352981653
1934,-0.08851173026665382
1935,0.5219523823448533
1936,0.13127799512796973
1937,0.09703858760490525
1938,0.22536001722377685
1939,-0.771320434274122
1940,0.24980033948186098
1941,0.26949758223409437
1942,-0.5149543648098972
1943,0.3865173211341521
1944,0.31667217629511857
1945,0.24725843174087614
1946,-0.06048827409515789
1947,-0.856858345419956
1948,-0.13258753360988762
1949,0.5800641220671521
1950,0.27550247989007176
1951,0.21337660154837895
1952,0.20226293651144017
1953,-0.5892983842355506
1954,0.35454560425311643
1955,0.02205541574514891
1956,-0.4570397750817826
1957,0.4222585148158686
1958,0.24261320848007784
1959,0.15747695048651256
1960,0.27550247989007176
1961,0.00498528400865017
1962,-0.2220437589410963
1963,0.19796496555747312
1964,0.16795675667232862
1965,-1.132441007483631
1966,0.16042488492319107
1967,0.33169657919017087
1968,0.5320306542211062
1969,0.03398578839411104
1970,0.33340081058739796
1971,-0.8234112818405517
1972,-0.18252413670391998
1973,0.255416620054278
1974,-0.15014549815859335
1975,-0.04544484475008259
1976,0.40145359982133927
1977,-0.8374200150696175
1978,0.5122062564235773
1979,-1.0774907959006832
1980,0.0948658076795949
1981,-0.008677244561482333
1982,0.5482647173687863
1983,0.14714500777128192
1984,-0.002179167322018838
1985,-0.2916231295595758
1986,0.4702782218401425
1987,0.05452030384080542
1988,-0.5621116220380722
1989,-0.1698515524616654
1990,-0.7387503838040183
1991,0.007732718092886559
1992,0.25115716876037353
1993,-0.2966208003929006
1994,0.13651163223016027
1995,0.5801777853075809
1996,0.3155660711712508
1997,-0.6996261443417707
1998,0.46896955172403987
1999,-0.5962287387139873
2000,0.6628688495185298
2001,0.3219374515483299
2002,-0.16479758326370975
2003,0.42329228274086456
2004,0.09423299806111868
2005,-1.1852088481911691
2006,0.2684796520127671
2007,-0.730744821588021
2008,-0.13420579172819558
2009,-0.18088764679054326
2010,0.393625671404501
2011,0.2079333134220674
2012,0.2003348222688956
2013,-0.3336345481391565
2014,0.42351480595790264
2015,0.4161797303487866
2016,0.382210331310779
2017,-0.18038785729969442
2018,0.2740299305678552
2019,0.43534895204906165
2020,0.35568729088129103
2021,0.23963851534338998
2022,0.08153479683333165
2023,-0.025668790758255233
2024,0.35371384056057975
2025,-0.5873679367618888
2026,0.04140867565998463
2027,0.3918402869837744
2028,0.14632418398643798
2029,0.41600000108852075
2030,-0.12056436642834423
2031,0.37129656175952597
2032,-0.03945021641989588
2033,-0.18463081479782695
2034,-0.3741856156804043
2035,0.4227051406034244
2036,0.38915589866815303
2037,0.37234594401571
2038,0.5664267652244404
2039,0.25306047685955807
2040,0.35922014988112483
2041,0.5538886688947513
2042,0.20866165161174105
2043,-0.07939677366177877
2044,0.3624705831265591
2045,-1.0568591758066068
2046,-0.140599607357063
2047,-0.4172375654563497
2048,-0.44178612261371253
2049,-0.2493540387370473
2050,-0.8439473646385096
2051,0.21029979058314718
2052,0.25007700348517714
2053,0.5704761751653289
2054,-0.04208166604021213
2055,0.007732718092886559
2056,0.23757116294841535
2057,0.4137594751195149
2058,-1.1187291730849052
2059,-0.2395992741897749
2060,0.6909050913696081
2061,-0.009395820516412856
2062,0.1218983917171858
2063,-1.0413564129419928
2064,0.5405797356303949
2065,0.34492081918871004
2066,-0.02531853108062987
2067,0.5338458746350375
2068,0.40097783466191916
2069,0.38095882429400846
2070,0.3115814563689789
2071,0.38078457347965844
2072,-0.2730932172327599
2073,0.021617035610018043
2074,0.46854161467060457
2075,0.2636624012335721
2076,0.362800168720873
2077,0.33682323994792224
2078,0.33279809519547676
2079,0.5090640055500903
2080,0.33239241795870716
2081,0.5504967519895325
2082,-0.017515280716149384
2083,0.5250307176303183
2084,0.199491890545136
2085,0.6320749560439864
2086,0.4180971306112533
2087,0.15931140119773035
2088,0.3351821601963574
2089,0.032808769858111875
2090,0.20418023779231964
2091,0.34566749045151324
2092,-0.6773545992327837
2093,0.3961122139148326
2094,0.36923907360345376
2095,0.6755511349884555
2096,-0.16897346005950287
2097,0.04920707256072221
2098,0.3549762618674488
2099,0.40196708924973323
2100,0.11480473287045745
2101,0.05525355200350002
2102,0.12614255715676448
2103,0.3665283171820902
2104,0.21009595131142966
2105,0.1589200752808283
2106,0.3280740617354429
2107,0.3681719440058532
2108,0.5328565756332305
2109,-1.0112387731510668
2110,-0.05413724757643057
2111,-0.18826045868415597
2112,0.004432570130050273
2113,0.10015802369786275
2114,0.12561639358185533
2115,-0.5722624991596378
2116,0.4302292514969692
2117,-0.171066315662322
2118,0.05356720246425828
2119,0.2846870633488097
2120,0.10311240359894247
2121,0.38819005269273477
2122,0.031468253878389696
2123,0.25683701000311976
2124,-0.25296504018829913
2125,-0.9687756015124601
2126,0.34469356431505394
2127,-0.23074744953962323
2128,0.24094389015074896
2129,-0.9415235960164702
2130,0.33061474859173945
2131,0.2101862281840628
2132,0.06791708202339841
2133,0.5813344275216348
2134,-0.5751407607821356
2135,0.5500620243679775
2136,0.21654908583622545
2137,0.45466233142036083
2138,0.21456765973753128
2139,0.010793442804044262
2140,0.1628578369053464
2141,0.35170115850844985
2142,0.04129889390710961
2143,-0.5448051186462014
2144,0.1061933536994123
2145,0.373415385953624
2146,0.424663135269338
2147,0.2484164274002189
2148,0.12474812313686795
2149,0.35729783291312234
2150,0.029738291219010504
2151,0.42022964536714325
2152,0.49805259975405486
2153,0.20656393294200825
2154,0.5371563595914349
2155,0.1155804083589057
2156,0.2196749831846908
2157,0.4889483181170095
2158,-0.6902935640274496
2159,0.16090626537164443
2160,0.19551563307677156
2161,0.40340432910563306
2162,-0.4270490549623588
2163,0.19551563307677156
2164,-0.30415998788279575
