,pve
0,0.17350789584774778
1,0.21237056595303527
2,-0.4393392603357221
3,-0.17088174481696572
4,0.22216873653493702
5,0.09203465669427024
6,-0.25506503712011863
7,0.2747215919522089
8,-0.0035761840561203684
9,0.11028106185865671
10,0.268296257196713
11,0.08775386202838653
12,0.0937367128053681
13,-0.33358016972170257
14,0.5363580324577488
15,-0.03332791206046504
16,0.13365563874592856
17,-0.6409840252385913
18,0.30855733580586586
19,-0.030522917083613543
20,0.2294381933620483
21,0.12962740592288113
22,-0.07289971053298017
23,0.2470257513940829
24,-0.13866530243799657
25,-0.20933423805742146
26,-0.6066472820103813
27,0.48502377365734917
28,-0.20747048979890625
29,-0.06022229057212658
30,-0.07189738053078376
31,0.31883832787005667
32,0.1780909313922261
33,0.20084029670306125
34,-0.223214830891175
35,0.5856548401249488
36,-0.42243552952794705
37,0.35181306404745677
38,0.07069385622656366
39,0.34325672332141594
40,-0.4629666811758094
41,-0.3861366078303853
42,0.35693516634739825
43,-0.3097435602408919
44,-0.3857437766695774
45,-0.0670289742083986
46,0.27939501479932116
47,0.3276361337539728
48,0.034239932278749
49,0.5020329839618238
50,-0.04534071760925473
51,0.32044011188883537
52,0.13341459011154766
53,-0.27884191056426
54,-0.10350189735941095
55,0.24918295413211816
56,0.10373297232691692
57,0.3321338934150358
58,0.3558075226768768
59,-0.10551288482778609
60,-0.18080109731642513
61,0.2822968507791236
62,0.17835275528602829
63,0.09445930996697371
64,0.11031303727329578
65,0.49869998167099217
66,0.51428610528671
67,-0.5369059624426676
68,0.26402044052762136
69,0.013230990927570518
70,-0.026228913211630456
71,0.3977846353998678
72,-0.6636255491670157
73,-0.2992735201391129
74,0.04121745010654243
75,-0.38200169082946156
76,0.2562401596312879
77,-0.2506555971899569
78,0.3562228289985062
79,0.015659181313816717
80,0.2715885393298664
81,-0.8266572036772476
82,0.41719904258185825
83,0.09918498519669361
84,-0.24600746659363149
85,0.054255199873216475
86,0.4050457534456795
87,0.4346791330183062
88,0.17888712758926872
89,0.14232496345288248
90,0.3054663282653637
91,0.31964902429482045
92,0.14001240066742626
93,0.2950507101739861
94,0.10218183920587542
95,-0.22182476159093256
96,-0.5827235558663814
97,0.3063137778537747
98,0.5246029855823711
99,0.3977846353998678
100,0.1229331339501123
101,0.07993096895437768
102,-0.17457041668679463
103,0.4879429369631139
104,0.4999857383007523
105,-0.012736149715984801
106,0.04229415576858897
107,0.1883840807843049
108,0.16754159809663577
109,0.26910622810422696
110,0.14720372734019294
111,-0.050422958890221525
112,0.13658955272259676
113,0.5975776223055649
114,0.37379915259664687
115,-0.6607938032088573
116,0.45512629233584867
117,0.2856042255356238
118,-0.0684422381291302
119,-0.41555182102713906
120,0.2889717522893095
121,0.03885125809445977
122,0.21131663163944625
123,-0.29806275235163915
124,0.017228166506555675
125,0.23965195557412355
126,0.19529338158136772
127,0.20056372846647896
128,0.24238192209404175
129,-0.8172838613463381
130,-0.33608560410127875
131,-0.6568601884988573
132,0.18060662839958563
133,0.23568796529057157
134,-0.20954416674374654
135,0.45540712931143235
136,0.07765960115926662
137,-0.28087865910909604
138,-0.03585553649389828
139,0.29859313979548924
140,-0.6399752099940322
141,-0.20079602536162888
142,0.043286305857975105
143,0.44810453666002975
144,0.01299509383842834
145,0.20800785553423579
146,0.30236162270285394
147,-0.4258189438584835
148,0.17528051849161846
149,-0.2888993415414718
150,-0.11805758884459239
151,0.08775386202838653
152,-0.4947861029705535
153,0.07280313807502503
154,-0.3424494447663783
155,0.10994630666206595
156,-0.031537029334319344
157,0.19110596746503872
158,0.20420478814802157
159,0.2584732087289269
160,0.16017290476268897
161,0.0937367128053681
162,0.37001392894800905
163,0.23224964472963133
164,0.19248673866697608
165,-0.23961775627756432
166,0.14577981115665295
167,0.3489191361673318
168,0.537462816031724
169,-0.19132053848656794
170,0.11991513817707744
171,0.2683461589851381
172,-0.871325359004305
173,0.27980264153754303
174,0.43478756939194835
175,-0.4994157265529685
176,-0.5912194482759517
177,0.2904464110336839
178,0.08232575718315238
179,-0.185746600174013
180,0.5081474197105029
181,0.07793214725165887
182,0.27516265752212965
183,0.31082904263902517
184,0.5622420276515299
185,0.1633935585492578
186,0.4870378778931338
187,-0.3488392931559371
188,-0.7984908328648793
189,0.4759336593110882
190,-0.06387627972546739
191,0.022998756058742353
192,-0.5716481049531635
193,-0.1346657619423116
194,-0.4170539030445667
195,0.08675799918497973
196,-0.0073783309453469
197,0.4068534491012166
198,0.3854428493724234
199,0.17885114894674686
200,0.0775745541029923
201,0.40346118478129267
202,-0.7263248008231832
203,-1.1435381522471961
204,0.30594166642083437
205,-0.05043231233037648
206,0.07816549080466906
207,-0.5519543272094706
208,0.4803021212001881
209,0.10513081429817295
210,0.2786806374344196
211,0.32729338604743774
212,0.29366179304009427
213,-0.29294520086760956
214,0.07565677512327174
215,0.3318633187460018
216,-0.019680310918932187
217,0.2909701175826495
218,0.26804877717986314
219,0.01288842153110592
220,0.2220429425905664
221,0.33335764353234176
222,0.35863600092891695
223,-0.2258138174171863
224,-0.1765113204608335
225,0.31873035233473096
226,-0.5523924254509837
227,0.1780909313922261
228,-0.16749309365793208
229,-0.20742958017342528
230,0.011427804168651079
231,-0.2732638034059449
232,-0.41472258487855995
233,-0.2033550412553693
234,0.5279219816002051
235,-0.10999337915863583
236,0.3792516701935969
237,-0.6832349935680903
238,0.2809810366500545
239,-0.09440819657712185
240,0.41465365420249345
241,-0.47467648030912335
242,0.10510958658087632
243,-0.47687184096490876
244,0.04442188707968542
245,-0.35777205838117354
246,-0.10259877281127827
247,0.5054294037452611
248,-0.7183718896155747
249,0.16057743432252647
250,-0.6239436838729439
251,-0.866318197231796
252,0.3830470978253543
253,-0.4137610727754112
254,0.5166696790098964
255,0.23292691078227307
256,-0.13288118010665417
257,0.2506187429261693
258,-0.12261611228887215
259,0.546645627929264
260,0.04934170836710139
261,0.25767064994735794
262,0.08175586287980707
263,0.4102336948786807
264,-0.4737114638405847
265,-0.008190625368493798
266,0.3043384903430401
267,-0.30123345523105927
268,0.22590501566504262
269,0.34731018731616053
270,-0.12261611228887215
271,-0.7501208927318695
272,0.030643221647465357
273,0.3279172928095943
274,-0.10053353348550187
275,0.33870760362950764
276,0.1518242122514354
277,0.022284897103035273
278,0.025034523920928642
279,0.5396374363945058
280,-0.3756879156220073
281,-0.10431993894482616
282,0.2569376751390173
283,-0.33729223567600186
284,0.0871169337883837
285,0.26498593306452517
286,0.11315278170740717
287,0.11020244257562883
288,0.31819383415641034
289,0.04163084626353519
290,-0.13451731430746405
291,0.03381184267295989
292,0.501514204434618
293,0.1595954989274443
294,-0.21339509877560303
295,-0.34508675082151574
296,-0.7343645690128472
297,0.11089109234606342
298,0.4609638318699756
299,0.23808732330182236
300,0.3600166406943203
301,0.2876967344789319
302,0.5103858225937605
303,0.3875960430398533
304,0.012452339461948236
305,0.1624334885000026
306,0.4398814832886877
307,0.2955036843447999
308,0.48408613599200345
309,-0.08772075713913607
310,0.25662986684501893
311,0.12110298189750379
312,0.4820406140690501
313,0.3959029083606868
314,-0.2239571719701341
315,-0.00789639217055349
316,0.5172774004293397
317,-0.06376306416473643
318,0.3088110374058444
319,0.2534959384337496
320,0.437557563953267
321,0.4719604225938159
322,0.2314845683233147
323,-0.11262159100441682
324,-0.2993863616057122
325,0.15461163535838407
326,-0.6325845831528324
327,0.4012229777883486
328,0.4609638318699756
329,-0.41958900893102247
330,0.29665666420896086
331,-0.04080608381612505
332,0.22180949335100103
333,0.07484787639250368
334,0.11747543182753317
335,-0.04401609080761837
336,0.3676415067390653
337,0.47233620659529163
338,0.32484712620946593
339,0.054678308071991255
340,-0.2801971600214541
341,0.05891240804938358
342,0.4701480179038132
343,0.42696389241136146
344,0.30818543055278147
345,0.2778066368790695
346,0.1755146195144479
347,0.4165507679726243
348,0.4299964874191311
349,0.1583989886412348
350,0.2979431148860958
351,0.23965195557412355
352,0.43823194869779525
353,0.12330863202249587
354,0.003697669826176475
355,-0.6194660892404816
356,0.2701482475538093
357,0.29459214301591563
358,0.44458901417694346
359,0.2816346893467944
360,-0.3778779009756571
361,-0.00483748683753904
362,0.4489842715693648
363,0.45694017055248226
364,-0.07059666957154898
365,-0.4199800197489131
366,0.2475730488783821
367,-0.4711651027178335
368,-0.3480297743421038
369,0.4611279969095933
370,-0.050620661738285055
371,-0.45286311100701193
372,-0.0048251669168839495
373,-0.45670179557561286
374,0.05027675208597393
375,-0.38894929544678136
376,0.20378809103642215
377,0.2163477529252797
378,0.10772730524114593
379,0.05793454104640927
380,0.5094938158053147
381,0.4316171259130438
382,0.21466881499149915
383,0.154530546260645
384,-0.2444858554423286
385,0.030188725705923458
386,0.42488994160788673
387,0.04796794185316744
388,0.38895336450139767
389,0.25654749009150707
390,-0.6963899597755382
391,-0.02678823613177972
392,0.460894353517036
393,0.10918694886266211
394,0.5062433159659785
395,0.11912606821565208
396,0.47053765199974246
397,-0.28103671792054385
398,-0.25646004175364456
399,0.2645324044357648
400,0.19759639119517258
401,-0.40475965791311597
402,0.17931475368208094
403,0.22357272713023996
404,-1.5288611743384068
405,0.045623687996873996
406,0.02471871746184018
407,-0.021218130136651525
408,0.23853908122895512
409,0.255581712913767
410,0.5176387208831335
411,-0.1968676605075661
412,0.22788818637482305
413,-0.4389965195893014
414,-0.44347413872909713
415,-0.09604160728816502
416,0.17687353300627667
417,-0.16066446321283545
418,0.08174754871463596
419,0.19792473121367926
420,0.013949813132685396
421,0.04428629625740521
422,-0.21508199679354556
423,-0.07597531998777862
424,-0.024757951863264682
425,-0.17086287005363376
426,-0.0977433480246247
427,-0.05236554831846807
428,-0.6563311149323409
429,-0.12697202522588014
430,-0.2210591994427763
431,0.3343198805326011
432,0.2100838437768221
433,-0.4017949144551519
434,-0.6525134424722118
435,-0.39265595698819344
436,0.11960283352950274
437,0.04616426476889102
438,0.18928909152621343
439,0.304485454730586
440,-0.15325479091955674
441,-0.0868448196603373
442,0.4888234429662247
443,-0.4003440650799709
444,0.10751173132651182
445,-0.25607231185094204
446,0.3984019077669863
447,0.11721741873468083
448,-0.20682381114081505
449,0.08982760280823054
450,0.20826503768528248
451,0.5178008039678919
452,-0.07038418071704344
453,-0.010117511172802351
454,0.41427065853577527
455,0.018278291243686517
456,0.48292417644990204
457,-0.5599411461618954
458,0.22405152736736883
459,0.33076741197777615
460,0.02337705683962832
461,-0.5134919234051837
462,0.5083968054516212
463,-0.014266960486493785
464,-0.1574644603716976
465,-0.016679993125826464
466,0.125509722875776
467,0.09696635416414556
468,0.26005179992352156
469,-0.11290267562752354
470,-0.5401563022526393
471,-0.19964102292024621
472,0.0294923976528233
473,0.4870378778931338
474,0.19549464451180154
475,0.453989744348857
476,0.02758723633338267
477,-0.37925772387078427
478,-0.28232066526345256
479,-0.5141683614307927
480,-0.05724736723850821
481,0.12555962523518882
482,-0.10622334728466032
483,0.36244252286194123
484,0.2760150886839087
485,-0.06705511790681429
486,0.26530545916336334
487,0.3664007377138766
488,0.32836869228953186
489,-0.41912428403964885
490,-0.007315025990984103
491,-0.33760412961314457
492,0.07603025110163997
493,-0.09956934340935475
494,0.2694505141340654
495,0.49948935604711786
496,0.12492489415101238
497,0.24577158496370072
498,0.17073725274684803
499,0.2457139825391077
500,0.003330308155124473
501,0.21217567145772392
502,0.12853761998220803
503,-0.3518009001903314
504,-0.03908246971830087
505,0.19132620802799616
506,0.2013528192386702
507,-0.7294524197930047
508,-0.08349006699330763
509,0.1608254676617813
510,0.41682889423391967
511,0.38517843590227424
512,0.05348710238295551
513,-0.17949651441301728
514,0.4194127380882842
515,0.15625250495898957
516,0.4349032316042599
517,-0.1081737581018738
518,0.43159397777939656
519,0.09643536147760667
520,0.03984464069089555
521,0.20420478814802157
522,-0.14822192132644518
523,0.45661018654074886
524,0.04818580887126267
525,0.06951956863620257
526,0.07431022543420152
527,-0.8763051069495126
528,-0.07209861839498533
529,0.37567583238201113
530,0.11641521596925264
531,-0.008068421608209198
532,-0.07922617190074344
533,-0.2587882371811042
534,-0.2814809029030453
535,0.037515876152046546
536,-0.0351886918012464
537,0.2233031463843727
538,-0.19759428115632172
539,0.1459498348801287
540,0.36509970687490667
541,-0.11433545786000554
542,-0.7337395731151889
543,0.026657344389840354
544,0.3207566876837017
545,0.10772730524114593
546,0.01990077271137103
547,0.24205532362361815
548,0.5226354898675948
549,0.26162849578770536
550,0.02932251410802067
551,0.13609556865585193
552,-0.024144943850388678
553,-0.9554838310852941
554,0.4843716614808279
555,0.23986865798383034
556,0.14865140336845062
557,-1.0279149344253948
558,-0.11250247392400714
559,0.29757137200478484
560,0.20547716798232696
561,-0.5279695915627504
562,-0.6524618082571013
563,0.39235230226792933
564,0.3996025553744203
565,0.04476619993361097
566,0.1706004472223579
567,0.13578803167325681
568,-0.5434793518238666
569,0.3998034410886542
570,0.4386952351267121
571,-1.011312415993558
572,0.46345846596839796
573,0.25585955535872285
574,-0.012271085566849083
575,0.2597706575168975
576,0.44280592505291083
577,-0.27810742747625483
578,0.2781101720686978
579,0.010411557500480173
580,0.0111115374535119
581,-0.49068706423812747
582,-0.1057161132121881
583,0.21343177583144568
584,-0.35641822683867186
585,-0.38455342453649066
586,0.04897294972543076
587,0.01419501792832456
588,0.16713090166475947
589,-0.3142399197821768
590,0.33548151560863404
591,0.09398926672203689
592,-0.18812209621522358
593,0.42057993376213443
594,-0.46322611250073786
595,-0.12428918616412776
596,-0.07955493880462872
597,0.0520224992630155
598,0.007109478719240947
599,0.26031222327751763
600,0.05509020534722697
601,0.010446453866349015
602,0.1505802514977005
603,-0.6373653788448138
604,0.003138629598466336
605,0.24357796433313084
606,-0.016679993125826464
607,-0.20053867413686788
608,-0.010787757888286342
609,0.5363705332911662
610,-0.23689332137276853
611,0.4686012124978895
612,0.23404102660992582
613,0.15369651459514522
614,0.21021853862610373
615,-0.1210766117981309
616,0.5099630815105726
617,-0.5830077978215867
618,0.14992475961624274
619,-0.5480485317225351
620,-0.7575337064635482
621,0.38517843590227424
622,0.40464130091623834
623,0.1817846291498717
624,-0.03313183938131481
625,-0.23330829992419644
626,-0.3614308757930117
627,0.5468968008780654
628,0.07914913113859079
629,0.006325098697104736
630,0.023261588345872997
631,0.028091240996637068
632,-0.012151743856266384
633,-0.2632220317845365
634,0.15352568089075702
635,-0.19532410972371694
636,-0.20255197038663575
637,0.1673260785187035
638,-0.9687668881729611
639,0.15990771491863864
640,0.28233630567999934
641,-0.1480971045857844
642,0.36637459928190313
643,-0.05823856208376743
644,0.2792241296462924
645,0.4342590110711277
646,0.002363993304159262
647,0.3258870165850552
648,-0.049715142687705716
649,-0.5494510973006613
650,-0.1726793262295918
651,0.5261837447354354
652,0.018019137966806764
653,0.02771409357575827
654,-0.10259877281127827
655,0.336458412299635
656,0.24934491827265953
657,0.575500132076247
658,0.4123058345361267
659,-0.03470769107280425
660,0.22216873653493702
661,0.1518242122514354
662,0.5442707768242754
663,0.11991513817707744
664,0.5138624072792141
665,-0.2955689655942033
666,0.14586591908624302
667,0.5416811757301273
668,-0.351746671989443
669,0.34482916537184843
670,0.3630751369080838
671,0.5237473584115031
672,0.1685497850051353
673,0.4951216518718224
674,0.15459941490127604
675,-0.12056640750905756
676,0.19044484983292043
677,0.4678148497194033
678,0.05756064044208964
679,0.5066879442240138
680,-0.8008767908093889
681,0.04796794185316744
682,-0.18779970040517036
683,0.4658338476127462
684,-0.3223619221938381
685,-0.24045550209319477
686,0.2834844295537654
687,0.01135570497830396
688,-0.5458502397434727
689,0.04754537691159544
690,0.07073620888409526
691,-0.2987825853521243
692,0.38056371770634667
693,-0.26203535450704885
694,0.23314214115811088
695,0.634853090481993
696,0.008165751265655552
697,-0.34035901762854925
698,-0.10630463102735999
699,0.0951812258405964
700,0.09377816831442876
701,-0.06481549834716349
702,0.341741720271486
703,-0.16749873724621422
704,0.10506672484984736
705,0.123733384401438
706,-0.05091128712546078
707,0.17812810071066565
708,0.20092282492346691
709,-0.17408961795016153
710,0.19669819799502164
711,0.03238834099458676
712,-0.298308905793075
713,0.354021718778976
714,-0.054464390811138075
715,0.386003643718575
716,0.32294346657528006
717,-0.026746693235219166
718,0.2802242155394108
719,0.21883106563048277
720,0.40402763239243744
721,0.4686370191090547
722,0.01730635426937077
723,-0.5083597629436566
724,0.24313102181874735
725,0.05735533138322535
726,-0.049496656945661965
727,0.11597170204645124
728,0.26509277462667075
729,0.39521320368368534
730,0.47848275619627134
731,-0.012215879577001432
732,0.4691371849995998
733,0.3854428493724234
734,0.0379026174649475
735,-0.1424214649354122
736,0.08513183569016347
737,-0.18500222297760194
738,0.12848692115911808
739,-0.1139415889830816
740,0.054678308071991255
741,-0.03097389313076193
742,0.16805480061283956
743,-0.13451731430746405
744,-0.9283296629538583
745,-0.03579369211996497
746,0.5709818208187868
747,0.09279029478528844
748,0.2822850411530243
749,0.07632678512247226
750,-0.32920828859393814
751,-0.3508041329831625
752,0.25900535576341616
753,0.06412303279228138
754,-0.3122400281651202
755,0.2359562635727493
756,0.13567005333741267
757,0.08276092748328479
758,0.23931783831374925
759,0.28703617700155765
760,-0.7223011705101635
761,0.4717905920322927
762,0.029086044216357188
763,0.34512811153219697
764,0.09827523607012667
765,0.1754987925394499
766,0.03425500483325572
767,0.3235160470925062
768,0.39957210794200093
769,0.3166587545926903
770,-0.7863301820998766
771,-0.28133487975741567
772,0.29463172019071104
773,-0.11089324468037476
774,0.10510958658087632
775,0.5135179826370999
776,-0.02485470337390061
777,0.34413483398865313
778,-0.013793032471600908
779,-0.2877438127662696
780,0.17241530065420935
781,-0.9026961418415812
782,0.03177762027183084
783,-0.0839182511016282
784,-0.1860974091973655
785,0.08758128979715385
786,0.299048915651791
787,-0.15654211117154582
788,0.15659235581425024
789,0.518504943759099
790,-0.142618996422765
791,0.1712745694963167
792,0.2947201566909676
793,0.1347152914289208
794,-0.385252578832303
795,0.5528886182583497
796,-0.7629184076264858
797,0.16928009183089687
798,0.3097358127028981
799,0.4790306828643594
800,0.007530243578783735
801,0.02779674358564921
802,-0.22141288763297984
803,-0.10256551182216522
804,-0.060167991343104466
805,-0.5008990260429388
806,0.47700623886137716
807,0.02125084838452662
808,-0.13511078202987092
809,0.0312829132407445
810,0.11097057274831312
811,0.15902350712150026
812,0.09703897631108782
813,0.3357199307407831
814,0.3377365937986956
815,0.35545957531314415
816,0.4137345140096422
817,0.1762685840117007
818,0.13292899074922038
819,0.13783868211155836
820,-0.042463386360053645
821,0.12525898301143878
822,0.019213007936460302
823,0.3610755802210083
824,0.22222921106190746
825,-0.12261611228887215
826,0.14408181983071866
827,0.3556041323154944
828,0.231895482544536
829,0.25194609697404907
830,-0.3769386849558104
831,0.47141609152026875
832,0.07194402161256774
833,-0.7700500076580189
834,0.0787772250386991
835,0.16041631393841793
836,0.09686914153648263
837,0.4340439125682102
838,-0.32939622668865154
839,0.08303281048968891
840,0.06157901717953862
841,0.24004814636246263
842,-0.9992328589550908
843,0.3320333722202047
844,0.42808494990857904
845,0.22990906943601036
846,0.12216064472256916
847,0.2593588568235134
848,0.3752841830760184
849,0.20722941325103084
850,-0.026870338605468724
851,-0.10630463102735999
852,-0.7770530793847793
853,-1.1160478093914152
854,0.5700220276112424
855,0.05814493778349139
856,0.4525791142751068
857,0.5376987039152317
858,0.3049212037350813
859,-0.4395139834591305
860,0.12871882416502323
861,-0.7795069120612094
862,0.037543855675398974
863,0.4407677240073062
864,-0.07248022472577687
865,0.052527027499430945
866,0.2222680084012985
867,-0.32120891410549135
868,-0.1502651876638551
869,0.40745468956752356
870,0.1536619550685805
871,0.3912801804680881
872,0.06780323941159239
873,-0.23046316870318484
874,-0.20297127074686427
875,-0.4129943778681312
876,-0.3071930752478912
877,0.37332388772294384
878,-0.15778928334362152
879,0.015872916159180406
880,-0.35827386256493476
881,-0.02698126298640835
882,0.13073395208663408
883,-0.2115942166813285
884,0.231895482544536
885,0.43131809545568617
886,-0.4891448805660149
887,0.077929647781658
888,0.34841119543904936
889,0.19522537347157576
890,-0.2793831583968416
891,0.5731956773658546
892,0.1044105799315862
893,0.3980898687802775
894,0.20420478814802157
895,0.07109586634826814
896,-0.050422958890221525
897,0.00938991077324347
898,0.48501380541302425
899,0.007643396701598415
900,0.09629495510395547
901,0.15191118252877212
902,-0.11682950028428707
903,0.4460724954381441
904,0.4840882610817605
905,-0.7324374011057019
906,0.20125920786613272
907,0.0394153517211181
908,0.12478189593593259
909,-0.0763180091742125
910,-0.22756553432356885
911,0.22973358612646116
912,0.25966934797899893
913,0.32651600623804056
914,0.4261347961182381
915,-0.402495028032959
916,0.15287887120743893
917,-0.7134606952712294
918,-0.28179123292268204
919,0.2732215804159074
920,0.2625826933830115
921,0.3994040868845526
922,-0.6995408385806555
923,-0.678140113496769
924,-0.06515755192679507
925,-0.05957416140688143
926,0.1756526708131595
927,0.15792033085812995
928,-0.01784468492233593
929,0.2347680676676604
930,0.32328317951759683
931,0.391882514676854
932,-0.29427541014572356
933,-0.02954063550622632
934,0.36340716449577054
935,0.181812650384164
936,0.012087646413050601
937,0.5977799067453986
938,-0.005323910526345288
939,0.385862621217296
940,-0.35827386256493476
941,0.19180235949326707
942,0.13341149750037096
943,0.30574248925820763
944,-0.3163466761188114
945,-1.4218742397329716
946,0.04573620235232312
947,0.3239094100658033
948,0.09507829122893974
949,0.28220951307770054
950,0.32607556965161244
951,0.07863017252378424
952,-0.2001090527208811
953,0.1665929777197821
954,0.32302304327667025
955,-0.6472488879932087
956,0.5807061547133546
957,-0.1049396183582827
958,0.2201762924438997
959,0.3689750109087896
960,-0.5367778918099556
961,-0.16380368111953292
962,0.3894164134934497
963,0.10232186816713396
964,0.3141278895080967
965,0.5825845381725184
966,-0.020589384800147936
967,-0.10434612751176542
968,0.03424151050749791
969,-0.251284972055124
970,0.507919328704489
971,0.1948609452118264
972,-0.031778474923558675
973,0.38516838341085563
974,0.5067359277578534
975,0.4069671820820436
976,0.05332472294833035
977,0.28643215430270574
978,-0.5358718417791902
979,0.18612155964020588
980,0.19057976738332216
981,0.374171082699331
982,0.12137694663835219
983,-0.5440383733146236
984,-0.8822343059674768
985,0.060947039504638756
986,-0.1579846386103675
987,-0.13813327490439276
988,-0.22141288763297984
989,-0.04210582626969106
990,0.14629195401570438
991,0.2798386176563909
992,0.4686012124978895
993,0.33831661728613494
994,0.08235153217620084
995,-0.799758470025015
996,-0.46250827149044504
997,0.5980418530486905
998,0.18209815051814393
999,-0.0015864012518718162
1000,0.09865828118386732
1001,-0.05311543644711636
1002,0.5363455308681886
1003,0.1775950998300858
1004,0.20897021110628827
1005,-0.3243268251962085
1006,0.4801096520280629
1007,0.32326392462062337
1008,0.46705011820036696
1009,0.09957249195596418
1010,-0.34904945356339
1011,-0.6394616116054416
1012,0.43696311691089174
1013,-0.053865803179804606
1014,-0.2513162584501172
1015,0.08380412026544526
1016,-0.7350574712709
1017,0.2110818383305555
1018,-0.24356461367271187
1019,0.2660111790888152
1020,0.5448396750820492
1021,-0.309356567719307
1022,-0.022409340480518902
1023,0.17935337436268461
1024,0.4833710715934372
1025,0.28898615523096943
1026,0.14980132980650196
1027,0.3487726621062699
1028,0.47700623886137716
1029,0.2314845683233147
1030,-0.2046604861276844
1031,0.34780533308902184
1032,-0.1562347511809833
1033,-0.15014091483212266
1034,-0.369855500099893
1035,-0.5441568540326925
1036,0.42970951512599964
1037,0.08738744460388814
1038,-0.4894163765595537
1039,0.018172039884067237
1040,0.13145647641055225
1041,0.3189919488267679
1042,0.3089950833594275
1043,-0.38294836349921024
1044,-0.6758695493377008
1045,0.20824954372501747
1046,0.5545964581815161
1047,-0.12246517737748541
1048,0.1857652867986047
1049,0.4843716614808279
1050,-0.09017157914801444
1051,0.20826503768528248
1052,-0.09103357444491555
1053,0.16057743432252647
1054,0.20388204942668348
1055,0.41098855436552056
1056,0.4655030159587484
1057,-0.16445451449216764
1058,0.3157911397921012
1059,0.09278845258207924
1060,0.09182357291657106
1061,0.09754479776455571
1062,-0.09630982867340965
1063,0.4183921491950164
1064,0.2413289780352283
1065,0.49837042372984663
1066,0.2491259529981673
1067,0.07209249519545813
1068,0.21496690071812458
1069,-0.07899809982518191
1070,-0.1404092153233817
1071,0.12536654448356266
1072,-0.05896413918904708
1073,-0.008484938740246695
1074,0.5580509699955624
1075,0.22800504568191238
1076,0.20880374560412063
1077,0.26031352911521344
1078,-0.39484683757803063
1079,0.2306959155152712
1080,0.4040004707328499
1081,-0.1347231611663977
1082,0.10394662507117947
1083,0.012452339461948236
1084,0.5362766433643417
1085,-0.8308453194118074
1086,0.2380642109896411
1087,0.5506855823112875
1088,0.4228958072276314
1089,-0.34443708881747115
1090,0.07992580962623352
1091,0.4686012124978895
1092,0.3019137416577763
1093,-0.06421114612650436
1094,-0.5798869705417456
1095,-0.051213868891505254
1096,0.5283629843816668
1097,0.24922631200139722
1098,0.36821165375437626
1099,-0.12075436624805747
1100,0.39877960346964325
1101,0.11666857936144359
1102,-0.8198533826019657
1103,-0.1852103612725322
1104,0.2023229965336899
1105,0.3372309177057505
1106,-0.44276969621062345
1107,0.17701892438247546
1108,0.40509749274826545
1109,0.18004312634072583
1110,-0.5149828160983932
1111,0.18085500320764114
1112,0.4001920915879378
1113,-0.4013764672259291
1114,-0.47121787323780595
1115,0.4526509810992598
1116,0.1943840954740923
1117,-0.49754666621530064
1118,0.04619051970095356
1119,-0.7793103084436376
1120,0.43458577110352664
1121,0.22608579393284367
1122,0.4146695702621981
1123,-0.1591641773810899
1124,0.2050472462404782
1125,0.21503143942063263
1126,-0.23397122930560754
1127,0.1277646723556608
1128,0.3474486037312849
1129,0.3908307898031213
1130,-0.14461928425321036
1131,-0.26140288491149666
1132,-0.08586147978638259
1133,0.16411121003650897
1134,0.2314845683233147
1135,0.2915952124974424
1136,0.27650840033614466
1137,0.3786355040050673
1138,0.48179001200235183
1139,0.40073009906639917
1140,0.37903583495144916
1141,0.020427802859919186
1142,0.09623608012905971
1143,0.1793965882155807
1144,0.27770855172514547
1145,0.18281050029572865
1146,0.1486013162359252
1147,-0.04690046354721933
1148,0.07308770320623048
1149,0.06007438638085538
1150,-0.12374746076113285
1151,0.36639696892101004
1152,0.015225654171350689
1153,0.13787061906080023
1154,-0.619885184240632
1155,-0.586045890073417
1156,-0.14720834042870745
1157,-0.40152584072730824
1158,0.11572184356880333
1159,0.515402383365654
1160,0.07603025110163997
1161,0.24922631200139722
1162,0.4635740281288683
1163,0.42062556842901566
1164,0.3664328637408334
1165,0.09714603784639031
1166,0.13446231484357896
1167,-0.9955524018160055
1168,0.1914604943988772
1169,-0.34931184836844664
1170,0.3827421166524536
1171,-0.06421687803178389
1172,-1.0689750322925127
1173,0.2158808104677269
1174,0.013013543389834181
1175,0.05095718548368766
1176,0.08467567704833212
1177,-0.6835408912411903
1178,-0.38455342453649066
1179,-0.26187735327418604
1180,0.31017543843853795
1181,-0.6271807441289957
1182,0.05509020534722697
1183,0.3756760198873742
1184,0.4080534227358535
1185,-0.13231814594832536
1186,-0.3703353441372915
1187,-0.8584456454357422
1188,0.2501651806901577
1189,-0.4683553510735018
1190,-0.5841743456162763
1191,0.30045002003105803
1192,0.20888668113018327
1193,-0.3331904643246564
1194,0.30200271597897627
1195,0.23591468489719175
1196,0.17499837348806735
1197,0.17414898484022373
1198,0.3369108726282734
1199,0.2593588568235134
1200,0.5209034091300095
1201,0.08982760280823054
1202,-0.10630463102735999
1203,-0.41958900893102247
1204,-0.059994920578265276
1205,0.27980264153754303
1206,-0.3407441360784801
1207,-0.17256903703155346
1208,0.5068433550592228
1209,0.23759453136149383
1210,0.09142608361006155
1211,0.2526113433997769
1212,-0.5457449827466362
1213,0.32789910613185674
1214,0.04579454290093543
1215,0.4635894791063295
1216,0.07065341911371992
1217,0.2757385262786668
1218,0.27778951412512104
1219,-0.1354278578895729
1220,-0.11679961762085223
1221,0.0080981047049411
1222,0.27773723581601417
1223,-0.5480980026507175
1224,0.38279483621326893
1225,0.02701718865969649
1226,-0.16535914007555796
1227,-0.1864943511649365
1228,-0.09829810816072071
1229,0.27828130178779
1230,0.34243453069673646
1231,0.23249972787418471
1232,0.6181428341553746
1233,0.3008164582704935
1234,-0.3995061212332448
1235,-0.41356719724320035
1236,0.2644612900323981
1237,-0.04401881505794214
1238,-0.03562427015387104
1239,0.30441887881906865
1240,-0.29595556015292146
1241,-0.10322663051828762
1242,0.4553852910782357
1243,-0.07056411883151192
1244,-0.029546961026582275
1245,-0.7858517829471706
1246,-0.0825888784653388
1247,0.23159963450089055
1248,0.4464834001795891
1249,0.4345400208090142
1250,-0.0753541471400434
1251,0.18217662084969222
1252,0.05538675007973537
1253,-0.18323020371433774
1254,-0.1100933651556889
1255,0.16757697218499212
1256,-0.5320136971607689
1257,-0.4440190882709997
1258,-0.1978148846833795
1259,0.031582194399745744
1260,0.36277757161703234
1261,0.21956114499199053
1262,0.24927489275903297
1263,-0.05213109012049255
1264,0.5355819136282292
1265,0.12653174574944936
1266,-0.1100933651556889
1267,-0.10753038712583696
1268,0.14637202440825547
1269,0.2440711951240938
1270,-0.1350627250530585
1271,0.49831628660011223
1272,-0.028092884233539395
1273,-0.18512158385232957
1274,0.12064293535498949
1275,0.2974577934659972
1276,-0.28133487975741567
1277,0.5442944270247962
1278,0.16955394154547054
1279,-0.8591424979038819
1280,0.21465579291323478
1281,0.4567082794537853
1282,-0.05311543644711636
1283,0.05713493569235806
1284,0.09274803481805594
1285,-0.39086994861207225
1286,0.31193611520545744
1287,0.20418561421976722
1288,-0.1970543630412045
1289,0.12129181022842372
1290,0.24307606093264045
1291,-0.739943912594588
1292,-0.20107842521170038
1293,0.5172228879170506
1294,-0.0012963728560470011
1295,-0.3402533717137376
1296,0.1251434043523767
1297,0.25887202637238116
1298,0.2987001261895037
1299,0.20302014465258333
1300,0.22216873653493702
1301,0.5234464777150322
1302,-0.08494286056353906
1303,0.3401623074308517
1304,-0.5459516854126266
1305,-0.615977497313203
1306,-0.18536068534877315
1307,-0.04217424341093867
1308,0.2334643992537262
1309,0.35670045505756454
1310,0.3590578204909717
1311,0.23402584098022078
1312,0.40511106311450307
1313,-0.10431993894482616
1314,0.1183636922562914
1315,0.26977923473626136
1316,0.1425950915824027
1317,-1.4360744041581914
1318,0.20106455701035914
1319,0.4631552914925843
1320,0.27773723581601417
1321,0.25714582256356877
1322,0.523807366003834
1323,-1.3897409494105903
1324,0.09651990645308639
1325,0.07073620888409526
1326,0.18487517212091326
1327,0.2377578414026837
1328,0.05781022223636345
1329,-0.03283282404461285
1330,-0.30194960092383794
1331,-0.3653471421861604
1332,0.24771745977356563
1333,0.07123976252105013
1334,0.2717897946935103
1335,0.49948935604711786
1336,-0.5092997975299994
1337,-0.03713701153578919
1338,0.01080769166188611
1339,0.4568569046432291
1340,-0.6514077414920331
1341,-0.3646537989169273
1342,0.095998356172736
1343,0.3195169927876895
1344,-0.08049806915331759
1345,0.23795880321135432
1346,0.10879419062835616
1347,-0.6317423049773926
1348,-0.41958900893102247
1349,-0.7739834903081803
1350,-0.0154278030112307
1351,0.4670487560852239
1352,-0.4126430413838905
1353,0.07520664390322673
1354,-0.4888196650554325
1355,0.3523705137012511
1356,-0.1574644603716976
1357,0.21466881499149915
1358,0.4168098619447373
1359,0.1594034814610794
1360,0.3530551662352616
1361,-0.34153957482076647
1362,0.5496557668431834
1363,0.08738744460388814
1364,-0.06210117439500229
1365,-0.2135259234352591
1366,-0.23338785315244792
1367,-0.14067338986960076
1368,-0.07060646598490172
1369,0.3035441811478931
1370,0.3102257130821161
1371,-0.013685627204046757
1372,0.24353223147097597
1373,0.17934293204832186
1374,0.11203802830391496
1375,0.29863873894499754
1376,-0.10978790489702306
1377,0.44203826808500013
1378,0.34731018731616053
1379,-0.32664684845192915
1380,0.10152062589694699
1381,-0.3183827376402878
1382,0.4017468237428742
1383,0.12853761998220803
1384,0.6182287758347513
1385,0.2745723384567313
1386,-0.681027995798768
1387,-0.2393984037587572
1388,0.3480797131535097
1389,0.4703594932414127
1390,-0.13425269671563544
1391,-0.007110878564421053
1392,0.5047276441811527
1393,0.00938991077324347
1394,0.45357251440111523
1395,0.11557992116285276
1396,-0.6409840252385913
1397,-0.17561692868334966
1398,-0.16487638804738491
1399,0.01299509383842834
1400,0.23043014444785742
1401,-0.2805913698939555
1402,-0.11744485974712782
1403,-0.4400990097405345
1404,0.04413705779481658
1405,-0.34346134657638616
1406,-0.6576049726607137
1407,0.5225545021791975
1408,-0.2992735201391129
1409,0.09529087129919978
1410,0.499092716124808
1411,0.2665868688270811
1412,0.22068410771359426
1413,0.11811429736235457
1414,0.12478189593593259
1415,0.40761991434711903
1416,0.10165086129004264
1417,-1.3429048777333787
1418,0.4353377663069359
1419,-0.23375169439146204
1420,0.4479219853021185
1421,0.04043066659565342
1422,0.07603025110163997
1423,0.06371282664822597
1424,0.12599249606092888
1425,0.01135570497830396
1426,-0.4379028970897426
1427,0.07280313807502503
1428,0.4743541207247576
1429,0.4754323866701832
1430,0.11014857172349268
1431,0.0481559477913287
1432,-0.10841654008223567
1433,0.2676129855451628
1434,-0.0755742246769936
1435,0.42284656944375926
1436,0.02701718865969649
1437,0.46472464674457714
1438,0.08179914596460591
1439,0.07428800695011151
1440,0.07889065443991039
1441,0.08951396783910603
1442,0.20420478814802157
1443,-0.38894929544678136
1444,0.4314144559072889
1445,0.2058911466252633
1446,0.09993739936529422
1447,0.4973449794596864
1448,0.060947039504638756
1449,-0.2515645481563942
1450,-0.2822393277067978
1451,0.04667229736966061
1452,0.4453340555345063
1453,-0.2427383437027677
1454,0.3222562812585054
1455,0.5111716528672299
1456,0.08072157303623595
1457,0.05027675208597393
1458,0.5476049406411816
1459,-0.6023733181039875
1460,-0.21056060712466274
1461,0.4045550073697451
1462,0.29402559110981175
1463,-0.2587429990850395
1464,-0.0037703072295377504
1465,0.4168098619447373
1466,0.039920503339521574
1467,-0.09195556673247929
1468,0.41747524414806914
1469,-0.5587717482115367
1470,0.00938991077324347
1471,0.41578400322352066
1472,0.12534402540159928
1473,-0.011272743225098858
1474,0.31190934025352196
1475,0.17697911437757524
1476,0.4425889019825767
1477,0.07895314732606207
1478,0.523807366003834
1479,0.02932251410802067
1480,0.21460111284319844
1481,-0.2174829229588685
1482,0.17556800170887
1483,0.08634113184441783
1484,-0.18279735182796397
1485,0.10772730524114593
1486,-0.6110144895753052
1487,-0.3909661550178748
1488,-0.06378760943253092
1489,0.012452339461948236
1490,-0.009598626458003134
1491,0.21581414675368216
1492,-0.20541902943630597
1493,0.27980264153754303
1494,0.21857494706092084
1495,-0.31065165854753585
1496,0.2924186577438507
1497,-0.9573734796248069
1498,-0.27993167366554217
1499,0.2954942815103553
1500,0.3658085769729675
1501,0.4611279969095933
1502,-0.6663639445407931
1503,0.5138624072792141
1504,-0.03470769107280425
1505,0.4694310265502143
1506,0.11666872223895086
1507,-0.08171517134224227
1508,0.053543064643468474
1509,0.12949600442151055
1510,0.2625826933830115
1511,-0.9246366181845375
1512,-0.4660206902244183
1513,0.09495875806984211
1514,0.13191117532333163
1515,0.34330162191199926
1516,0.42056490283952386
1517,0.06123388080745984
1518,-0.015381639133798308
1519,-0.09451405927673662
1520,-0.23410195552967938
1521,-0.026746693235219166
1522,-0.09591051640753112
1523,-0.11011812695685563
1524,-0.44006564084642685
1525,0.1712745694963167
1526,0.2980461964325156
1527,-0.11381157041570589
1528,0.22965990763932426
1529,0.14996653831455042
1530,-0.25956970083725484
1531,0.31035229823835425
1532,-0.16489780789206154
1533,0.32893378601794343
1534,0.04043066659565342
1535,0.1490248629663874
1536,0.1385163085170258
1537,0.25158059037037855
1538,0.43537087692887577
1539,-0.08826556472830138
1540,0.0355755972824493
1541,0.45086908032884576
1542,-0.2955689655942033
1543,0.1697959700416622
1544,0.08419315402711314
1545,0.44916707139411155
1546,0.3650949081054469
1547,0.12478189593593259
1548,0.08775386202838653
1549,-0.43977585911740047
1550,0.06301932820500189
1551,0.232023613956943
1552,0.20462776315365128
1553,-0.18251718079385715
1554,0.11676868055223832
1555,0.5172019180477219
1556,0.4558766196691313
1557,0.2702115714919827
1558,-0.35827386256493476
1559,0.35145850850017857
1560,0.2115565366348371
1561,0.16177430268221715
1562,0.05095718548368766
1563,0.3167182430193062
1564,-0.666469711489131
1565,0.5334055215277774
1566,0.23292691078227307
1567,0.21377592701839437
1568,0.4002876105699286
1569,0.22574581435058938
1570,-0.6563311149323409
1571,0.3661261409944259
1572,-0.08926920420991546
1573,0.06987196436362075
1574,-0.13281672838356673
1575,0.011622314464797445
1576,-0.01956316004200731
1577,0.2945061843859671
1578,0.057171363519942675
1579,0.25065650016190616
1580,-0.08409125939869888
1581,0.025962147687395576
1582,0.26334199838324523
1583,0.4840882610817605
1584,0.5396147378634364
1585,-0.01745673596850872
1586,0.3996761325320364
1587,-0.028228457793838757
1588,-0.7325998796642327
1589,-0.4497886099871581
1590,0.17308132210784033
1591,0.033936673684571206
1592,0.4312096355252488
1593,0.1259921950407381
1594,-0.3715459872147221
1595,0.06104864922610742
1596,0.47136935455663936
1597,-0.1424214649354122
1598,0.09869889565029155
1599,0.27824696764011475
1600,0.16011028809618688
1601,0.26662457891863595
1602,-0.22378451952047795
1603,0.34731018731616053
1604,0.3123451070362099
1605,-0.052376152425185785
1606,0.2433489356723481
1607,0.4349032316042599
1608,-0.17197916228868115
1609,0.08213976119417066
1610,0.18038779835577312
1611,-0.42482650304427916
1612,-0.49257758338357094
1613,0.3216402283335694
1614,-0.10658382563462787
1615,0.20120309985972107
1616,0.09122089272416589
1617,0.050079814914981924
1618,0.11894545275897606
1619,-0.14004189316689597
1620,-0.5472298796875307
1621,0.06177598310657517
1622,-0.37925772387078427
1623,-0.011256324666515383
1624,-0.3821203494864397
1625,-0.4600034524824411
1626,-0.16337781577183375
1627,0.4232209054146782
1628,-0.26603389906463537
1629,0.23292691078227307
1630,0.06371282664822597
1631,-0.07042358164890972
1632,0.37156942515013613
1633,0.015337012000123496
1634,0.07640595151027918
1635,0.24418064165768794
1636,-0.09220383386850373
1637,-0.2908488251071256
1638,0.3963602944639125
1639,0.48223351010451543
1640,0.15451590361240863
1641,-0.14417167928674024
1642,0.17749572120062723
1643,0.2492432533326676
1644,0.5012974081563437
1645,0.25779914608977617
1646,0.019092076110409195
1647,0.4421799864492308
1648,0.06104864922610742
1649,0.13623799815272308
1650,0.1367398995866641
1651,-0.019156833157955244
1652,-1.0810297712498227
1653,0.08686318287877492
1654,-0.13813327490439276
1655,0.006398375040410742
1656,-0.369855500099893
1657,-0.010080490629383432
1658,0.13059236807274577
1659,0.3025203277254789
1660,-0.08438831785321743
1661,0.39009061086319924
1662,-0.5280648993007283
1663,-0.29986166257832514
1664,-0.03382035303179032
1665,0.3446430882757218
1666,-0.03373445739934511
1667,-0.047353287859628335
1668,-0.09220383386850373
1669,-0.44391951858519463
1670,0.02335703882517015
1671,-0.05622169502737662
1672,-0.3114272074778961
1673,0.2979431148860958
1674,0.35545957531314415
1675,-1.0925170495178578
1676,0.032537198452463056
1677,0.3411775264588578
1678,-0.8254609680213724
1679,-0.25857771288214126
1680,0.27765258280074834
1681,0.12330863202249587
1682,0.46592793622581247
1683,0.2633614077799438
1684,0.15314627274953552
1685,0.2492428236546313
1686,-0.9018833288328328
1687,0.2886956760849814
1688,0.10767567395533617
1689,-0.08981043458772553
1690,-0.09675220858535816
1691,0.4009595776225904
1692,-0.01266322560532851
1693,0.42640853485592484
1694,-0.5878497811158244
1695,0.3964376533961591
1696,0.2408282764108663
1697,-0.61919044746668
1698,-0.05987322766988323
1699,-0.03992335631207555
1700,-0.019142058371861448
1701,0.04063272228084258
1702,-0.009368217658249911
1703,-0.4991015819904029
1704,-0.029546961026582275
1705,-0.050422958890221525
1706,0.3932530873136052
1707,-0.0755742246769936
1708,-0.4490868358964314
1709,-0.2485378862825378
1710,0.09149718671507945
1711,0.09790110435998467
1712,0.28317822263823017
1713,0.40223223530035845
1714,-0.4166186834962621
1715,-0.05517762014818861
1716,-0.25109810932840215
1717,0.24397336734099484
1718,0.2572177764384519
1719,0.27057505271259263
1720,0.08021038745075315
1721,-0.549449259796177
1722,0.04121745010654243
1723,0.020004212679694433
1724,-0.26334940539060026
1725,0.09604476291409791
1726,-0.855522521833271
1727,-0.2359025699652284
1728,0.4084234472014718
1729,-0.07637857614897914
1730,-0.10264786523120151
1731,-0.3071930752478912
1732,0.5614258900589927
1733,0.39806246876426654
1734,0.4832789810148524
1735,0.28456293384938136
1736,0.273461811378027
1737,-0.32271247581890516
1738,0.07287525467417544
1739,-0.1100933651556889
1740,0.16912233674112676
1741,0.05097644980390925
1742,0.17418993946699918
1743,-0.21305188429511157
1744,0.28962115746819395
1745,-0.1595196020243682
1746,0.29206668636888616
1747,0.09623479479822772
1748,-0.05292096372021571
1749,0.24362997735186281
1750,0.4068534491012166
1751,0.16537226133815747
1752,-0.23964586688409928
1753,0.18094243527111153
1754,0.2069236684445892
1755,0.130511808382634
1756,-0.072137735924384
1757,0.15790969537004773
1758,0.027451622174972323
1759,0.02701718865969649
1760,-0.9229871372345154
1761,0.17259358655435292
1762,-0.041203286888024104
1763,-0.6754713875683375
1764,-0.2512507041377916
1765,0.012452339461948236
1766,0.4168098619447373
1767,0.4342152359646177
1768,-0.3833204315489368
1769,-0.3396861050372947
1770,-0.16903239925968538
1771,0.36215860291129975
1772,0.5074766675183839
1773,-0.07539943120988413
1774,0.5209034091300095
1775,0.10760918467534475
1776,-0.339546578498125
1777,0.10506672484984736
1778,-0.4379250624075489
1779,-0.2046604861276844
1780,-0.0992883699341971
1781,0.12166700594427993
1782,0.3189597294100127
1783,0.031213993815803365
1784,0.07268592447023892
1785,0.07091856844539124
1786,-0.17109692979903002
1787,0.06105767102291315
1788,-0.012018914578497464
1789,0.5094938158053147
1790,0.34040254830015704
1791,-0.20505953369536956
1792,0.0602437312022186
1793,-0.12275771387525791
1794,-0.3235326211078613
1795,0.10116598391638754
1796,-0.07908652744184175
1797,0.04868735362716292
1798,0.35004412708467475
1799,0.36528568367733255
1800,-0.14792136825337054
1801,-0.08049492983020501
1802,0.05135655725743138
1803,0.1793965882155807
1804,-0.043681315396753684
1805,-0.03562427015387104
1806,0.40724986840813465
1807,0.2939342777895084
1808,-0.5207291777312953
1809,-0.3016463707042726
1810,0.25037217270921014
1811,-0.10540386738751151
1812,0.1832298452634884
1813,-0.6427900939265053
1814,0.42051059519010053
1815,0.10116598391638754
1816,0.4737264625439952
1817,0.43882734846529026
1818,0.37384167814922026
1819,0.46040879978454446
1820,0.4814438320555203
1821,-0.08009648829313909
1822,0.24918295413211816
1823,-0.5738700149370654
1824,-0.16797238709544138
1825,0.15710112184388014
1826,0.019555188999891504
1827,0.2699900518902868
1828,-0.1354278578895729
1829,-0.02239518778208638
1830,-0.17086287005363376
1831,0.4153142085495879
1832,-0.37925772387078427
1833,-0.0018479810190494828
1834,-0.008190625368493798
1835,0.007796168287185989
1836,0.3779879112546733
1837,0.09225429624542503
1838,0.34805311996348487
1839,0.2538862724768399
1840,-0.45919791048246805
1841,0.05312752443597968
1842,-0.20571661743741143
1843,0.32836869228953186
1844,0.4235502282898222
1845,0.3101907201661538
1846,-0.135403358429807
1847,0.022637458780750963
1848,-0.09157579901129442
1849,0.27773723581601417
1850,-0.07838284384196192
1851,0.03629553879292624
1852,-0.09675220858535816
1853,-0.41741393833027207
1854,0.2559846775659004
1855,-0.13275788426190482
1856,0.5439286319275938
1857,0.26026096103976354
1858,0.1597370147284043
1859,0.44595888064560174
1860,0.03023881668068329
1861,0.05649887599294723
1862,0.10846179104945763
1863,0.0022515460080871907
1864,-0.037068343025415396
1865,0.23708491752712002
1866,-0.1385482060405262
1867,0.3032603175053321
1868,-0.2605431011630063
1869,-0.6445048913904788
1870,0.51716940951514
1871,0.2255054717020566
1872,0.3118667134444341
1873,0.09692904772991973
1874,0.5232612855112002
1875,-0.00789639217055349
1876,0.012561637530363323
1877,0.16757697218499212
1878,-0.15524042512481007
1879,0.3133139495142362
1880,0.4819575884251057
1881,-0.7350948761579886
1882,-0.1354278578895729
1883,-0.42223464420874357
1884,-0.554077685266862
1885,-0.18323020371433774
1886,-0.07344283857873402
1887,0.43661246848983853
1888,0.3585113462825467
1889,-0.07183251025554682
1890,0.08973405088100794
1891,-0.011855972751800725
1892,-0.25506503712011863
1893,-0.26280414500667026
1894,-0.1489424359269519
1895,-0.3209946603127526
1896,0.3910774355538619
1897,0.462458184691428
1898,0.3815686057252673
1899,0.01419501792832456
1900,-1.2060228030600721
1901,-0.34670612001939427
1902,0.3830470978253543
1903,0.11572184356880333
1904,-0.49363010870575874
1905,0.4988218944411861
1906,-0.3640678550102755
1907,0.4349032316042599
1908,0.34378983464285223
1909,0.3534378505470024
1910,0.00938991077324347
1911,0.28978099889339237
1912,0.23112703097497556
1913,-0.07439438059890446
1914,0.04667229736966061
1915,0.30867642463987716
1916,0.18361968014300267
1917,-0.19197234648462624
1918,-0.7853701506497629
1919,0.3831970380506279
1920,0.2663301880677683
1921,-0.7796664443257199
1922,0.04667229736966061
1923,0.2281542379927457
1924,-0.37997823635908656
1925,-0.24487875041087215
1926,0.07892345232097076
1927,-0.318560339949829
1928,0.40732351961468544
1929,-0.05896413918904708
1930,-0.34657348394770915
1931,-0.029709384835630015
1932,0.21240064064322317
1933,-0.13223021242849908
1934,0.06488513905140925
1935,0.4233624023934846
1936,0.10116598391638754
1937,-0.060980461840734135
1938,0.25996449744899297
1939,0.33411113760080924
1940,0.36184424779712426
1941,0.17250397013934288
1942,-0.3582830106894789
1943,0.10013337223237206
1944,0.13068326479490633
1945,0.13578803167325681
1946,-0.007618902402917849
1947,0.4273009730104576
1948,0.18633083212095253
1949,0.5717405064747685
1950,0.27824696764011475
1951,-0.3025408136381328
1952,0.07816549080466906
1953,0.3069486933972929
1954,-0.43141023378429966
1955,0.05807962456611637
1956,-0.30845867574038643
1957,0.5261837447354354
1958,-0.3477297385382291
1959,0.2727266850812141
1960,0.27824696764011475
1961,-0.1252664569030102
1962,-0.02683834649569994
1963,0.10928360335658072
1964,0.06993102648020566
1965,-0.9282501833491298
1966,-0.30928015348158555
1967,0.39350837002512323
1968,0.37782146610220524
1969,0.2909701175826495
1970,0.34731018731616053
1971,0.14186382574085044
1972,-0.3071930752478912
1973,-0.31739574362264744
1974,0.14931966700306698
1975,-0.06885321521422894
1976,0.5119969925626737
1977,0.3913840198880659
1978,0.3533129019112287
1979,-1.0199774262839223
1980,0.04376717327404567
1981,-0.07328087780613035
1982,0.41240847249284934
1983,-0.2649087499744457
1984,-0.41958900893102247
1985,-0.2603480165901658
1986,0.26766710331754034
1987,-0.09675220858535816
1988,0.31359803007752723
1989,0.30966137474672406
1990,-0.5291407289736966
1991,0.027764539741718663
1992,-0.09245215565671339
1993,-0.2174829229588685
1994,0.015451930722982232
1995,-1.1222551103894878
1996,-0.24562864060033818
1997,-0.1594195530934428
1998,0.34632601516684736
1999,0.4596520366879047
2000,0.3327711282060949
2001,0.37001392894800905
2002,0.07603025110163997
2003,-0.6512259439464426
2004,0.018278291243686517
2005,0.5318438691493018
2006,0.050079814914981924
2007,0.308566685312292
2008,0.05509020534722697
2009,0.30505788906307724
2010,0.40029283142843564
2011,-0.27192429859155864
2012,-0.06243652967806235
2013,0.021165834457218757
2014,0.5264099248129679
2015,0.27857284023875534
2016,-1.0298763232849062
2017,0.21577969520055673
2018,-0.13633542779475283
2019,-0.47115189170570415
2020,0.25868134553782535
2021,-0.2975885347122792
2022,-0.1034385198813198
2023,0.0009561074369638378
2024,0.3406629312357535
2025,0.2601151993770128
2026,-0.11369148070603208
2027,0.4897131141596358
2028,-0.39484683757803063
2029,-0.4535912751520995
2030,0.04043066659565342
2031,-0.9992328589550908
2032,0.15503141677916
2033,-0.14324462473022648
2034,0.24107060703181143
2035,0.5250606158340065
2036,0.45660435843681046
2037,0.4425889019825767
2038,0.44372584945726634
2039,0.2255054717020566
2040,-0.2010596178678744
2041,0.17955909180432644
2042,-0.030423486061272098
2043,-0.3578832533097259
2044,0.2439063910653556
2045,0.4635894791063295
2046,-0.34402338770988095
2047,0.1745358722177206
2048,0.17750217674569613
2049,0.27319872364103714
2050,0.3359686881704089
2051,0.09278845258207924
2052,0.05599742410542552
2053,0.4199121768054819
2054,0.2004666835050085
2055,0.027764539741718663
2056,-0.07182657719994823
2057,0.5178008039678919
2058,0.5007825411492353
2059,0.15441970957243578
2060,0.5216559352143048
2061,-0.2504103221984322
2062,-0.29347346676496466
2063,-1.5169765565284843
2064,-0.9269056550573563
2065,0.26807906690240224
2066,0.014653067562727995
2067,0.29341306474187645
2068,0.3251197050692992
2069,0.4270475818818861
2070,-0.4159940036400679
2071,-0.17878247316969498
2072,-0.10928197855265442
2073,-0.047806525665657795
2074,0.3812923441575136
2075,0.1085565547610815
2076,-0.23242056039456915
2077,-0.8897884541883717
2078,0.18927936637355158
2079,-1.028758787638143
2080,-0.2785092564940542
2081,0.5394481733076165
2082,-0.2606280819647503
2083,0.26292426021740994
2084,0.19464569459121417
2085,-0.17812028427073223
2086,0.5213453164981475
2087,-0.0923836273527816
2088,-1.0521599024122406
2089,-0.02670967603322194
2090,0.24086714825322786
2091,0.1629068042900622
2092,-0.5601780795493915
2093,0.4943887617718987
2094,0.3354972037602173
2095,0.5329026662167454
2096,0.07311321752859445
2097,-0.1594125794578124
2098,0.24863967019499716
2099,0.4674925468873362
2100,0.07886259040071941
2101,0.3303016308930492
2102,0.17008306302609966
2103,0.4571685943081749
2104,0.15439052777017093
2105,-0.396375343294496
2106,0.2716653994088732
2107,0.4349032316042599
2108,-0.8210905780152363
2109,0.44841497766024807
2110,-0.38455342453649066
2111,-0.2523706907639798
2112,0.017745160492107614
2113,-0.08545584651982208
2114,-0.010080490629383432
2115,-0.4096124384849623
2116,0.5244183231498529
2117,-0.22334630692268853
2118,0.2638258735673723
2119,0.231895482544536
2120,-0.024133726352852602
2121,0.20407555631462843
2122,-0.43867799957397613
2123,0.23375372591374433
2124,0.20333820048214163
2125,0.417609548317771
2126,-0.5374005151584044
2127,-0.1502761438680884
2128,0.2520681024940447
2129,0.440870096120263
2130,0.19153160667544206
2131,0.07069385622656366
2132,-0.2887753400756726
2133,0.5116387617786868
2134,0.314880402814757
2135,0.48720488473758694
2136,0.11430524997674374
2137,-0.6504282528803288
2138,0.10506672484984736
2139,0.03197104151075303
2140,0.07327411007909301
2141,0.4459562585847212
2142,-0.05165264405011272
2143,0.2852193852415957
2144,0.12962740592288113
2145,0.4658338476127462
2146,0.48242183659274435
2147,0.15461163535838407
2148,-0.5451009031005906
2149,-0.7863301820998766
2150,-0.05336610481900783
2151,0.46230141506094785
2152,0.26975807600129476
2153,0.2257095722946677
2154,0.4529904389890982
2155,0.1742658276618272
2156,-0.4668135781479642
2157,0.3255861284696541
2158,-0.502026368098435
2159,0.11641521596925264
2160,-0.10208195920709984
2161,-0.5555120194162931
2162,-0.3880172629849342
2163,-0.10208195920709984
2164,-0.027017535379728175
