,pve
0,-0.124952888260075
1,0.11839191792524406
2,0.11839191792524406
3,-0.16969770255606842
4,0.136162135256793
5,-0.16969770255606842
6,-0.124952888260075
7,0.11839191792524406
8,0.136162135256793
9,0.136162135256793
10,-0.124952888260075
11,0.136162135256793
12,-0.124952888260075
13,-0.16969770255606842
14,0.11839191792524406
15,0.136162135256793
16,0.136162135256793
17,-0.124952888260075
18,-0.124952888260075
19,-0.16969770255606842
20,0.11839191792524406
21,-0.124952888260075
22,0.11839191792524406
23,0.11839191792524406
24,-0.124952888260075
25,0.136162135256793
26,-0.16969770255606842
27,0.136162135256793
28,0.11839191792524406
29,-0.124952888260075
30,-0.124952888260075
31,-0.16969770255606842
32,-0.16969770255606842
33,0.11839191792524406
34,0.136162135256793
35,0.136162135256793
36,-0.16969770255606842
37,0.11839191792524406
38,0.11839191792524406
39,-0.124952888260075
40,-0.16969770255606842
41,-0.16969770255606842
42,0.11839191792524406
43,0.136162135256793
44,0.11839191792524406
45,0.11839191792524406
46,0.136162135256793
47,0.11839191792524406
48,-0.16969770255606842
49,0.136162135256793
50,0.136162135256793
51,0.136162135256793
52,-0.124952888260075
53,0.136162135256793
54,0.11839191792524406
55,0.136162135256793
56,0.136162135256793
57,0.11839191792524406
58,0.136162135256793
59,-0.124952888260075
60,-0.16969770255606842
61,-0.16969770255606842
62,-0.124952888260075
63,-0.124952888260075
64,-0.16969770255606842
65,0.11839191792524406
66,0.11839191792524406
67,-0.124952888260075
68,0.11839191792524406
69,0.11839191792524406
70,-0.124952888260075
71,0.11839191792524406
72,-0.16969770255606842
73,0.11839191792524406
74,0.11839191792524406
75,0.136162135256793
76,0.11839191792524406
77,0.136162135256793
78,0.136162135256793
79,-0.124952888260075
80,-0.16969770255606842
81,-0.16969770255606842
82,-0.16969770255606842
83,0.11839191792524406
84,-0.16969770255606842
85,-0.124952888260075
86,0.136162135256793
87,0.11839191792524406
88,-0.124952888260075
89,-0.16969770255606842
90,0.136162135256793
91,-0.124952888260075
92,0.11839191792524406
93,0.136162135256793
94,0.136162135256793
95,-0.124952888260075
96,0.11839191792524406
97,0.11839191792524406
98,0.136162135256793
99,0.11839191792524406
100,0.136162135256793
101,-0.124952888260075
102,-0.124952888260075
103,0.11839191792524406
104,0.11839191792524406
105,-0.124952888260075
106,-0.124952888260075
107,0.136162135256793
108,0.136162135256793
109,0.136162135256793
110,0.136162135256793
111,-0.124952888260075
112,-0.124952888260075
113,0.136162135256793
114,0.136162135256793
115,-0.124952888260075
116,-0.124952888260075
117,0.11839191792524406
118,0.11839191792524406
119,-0.124952888260075
120,0.11839191792524406
121,0.136162135256793
122,0.136162135256793
123,-0.124952888260075
124,0.11839191792524406
125,0.136162135256793
126,0.136162135256793
127,-0.16969770255606842
128,-0.16969770255606842
129,-0.124952888260075
130,0.136162135256793
131,0.136162135256793
132,0.11839191792524406
133,0.11839191792524406
134,0.136162135256793
135,0.136162135256793
136,-0.16969770255606842
137,-0.124952888260075
138,0.11839191792524406
139,0.136162135256793
140,0.136162135256793
141,-0.124952888260075
142,0.11839191792524406
143,-0.124952888260075
144,0.11839191792524406
145,-0.124952888260075
146,0.11839191792524406
147,-0.16969770255606842
148,-0.124952888260075
149,-0.124952888260075
150,-0.16969770255606842
151,0.136162135256793
152,0.136162135256793
153,0.11839191792524406
154,-0.124952888260075
155,0.136162135256793
156,0.11839191792524406
157,0.136162135256793
158,0.11839191792524406
159,0.136162135256793
160,-0.124952888260075
161,-0.124952888260075
162,0.11839191792524406
163,0.11839191792524406
164,0.11839191792524406
165,0.136162135256793
166,0.11839191792524406
167,0.11839191792524406
168,0.136162135256793
169,0.11839191792524406
170,0.11839191792524406
171,0.136162135256793
172,-0.124952888260075
173,0.136162135256793
174,0.11839191792524406
175,-0.16969770255606842
176,-0.16969770255606842
177,-0.124952888260075
178,-0.124952888260075
179,0.136162135256793
180,0.11839191792524406
181,0.11839191792524406
182,0.136162135256793
183,0.136162135256793
184,-0.16969770255606842
185,0.136162135256793
186,0.11839191792524406
187,-0.124952888260075
188,-0.124952888260075
189,0.136162135256793
190,-0.124952888260075
191,-0.124952888260075
192,-0.124952888260075
193,0.11839191792524406
194,-0.16969770255606842
195,-0.124952888260075
196,-0.16969770255606842
197,0.11839191792524406
198,0.11839191792524406
199,0.136162135256793
200,0.11839191792524406
201,-0.16969770255606842
202,-0.124952888260075
203,-0.124952888260075
204,-0.16969770255606842
205,-0.124952888260075
206,0.11839191792524406
207,-0.124952888260075
208,0.136162135256793
209,-0.16969770255606842
210,-0.16969770255606842
211,0.11839191792524406
212,0.136162135256793
213,-0.16969770255606842
214,0.11839191792524406
215,-0.16969770255606842
216,-0.16969770255606842
217,0.136162135256793
218,0.136162135256793
219,0.136162135256793
220,0.136162135256793
221,0.136162135256793
222,0.136162135256793
223,-0.16969770255606842
224,0.11839191792524406
225,0.136162135256793
226,-0.16969770255606842
227,-0.16969770255606842
228,0.136162135256793
229,0.136162135256793
230,0.11839191792524406
231,-0.16969770255606842
232,-0.16969770255606842
233,-0.16969770255606842
234,0.136162135256793
235,-0.124952888260075
236,0.136162135256793
237,-0.124952888260075
238,0.136162135256793
239,-0.16969770255606842
240,0.136162135256793
241,-0.16969770255606842
242,0.11839191792524406
243,0.11839191792524406
244,-0.16969770255606842
245,-0.16969770255606842
246,-0.16969770255606842
247,-0.16969770255606842
248,-0.124952888260075
249,0.11839191792524406
250,-0.124952888260075
251,-0.16969770255606842
252,0.11839191792524406
253,0.11839191792524406
254,0.11839191792524406
255,0.11839191792524406
256,-0.16969770255606842
257,0.136162135256793
258,-0.124952888260075
259,0.136162135256793
260,0.11839191792524406
261,0.11839191792524406
262,0.136162135256793
263,0.11839191792524406
264,-0.124952888260075
265,0.11839191792524406
266,0.11839191792524406
267,-0.16969770255606842
268,0.136162135256793
269,0.11839191792524406
270,-0.124952888260075
271,-0.124952888260075
272,0.11839191792524406
273,0.136162135256793
274,0.11839191792524406
275,0.11839191792524406
276,-0.16969770255606842
277,0.11839191792524406
278,0.11839191792524406
279,-0.16969770255606842
280,-0.16969770255606842
281,-0.124952888260075
282,0.11839191792524406
283,-0.124952888260075
284,-0.16969770255606842
285,0.11839191792524406
286,0.11839191792524406
287,-0.124952888260075
288,0.136162135256793
289,0.11839191792524406
290,-0.124952888260075
291,0.136162135256793
292,0.136162135256793
293,0.11839191792524406
294,0.11839191792524406
295,-0.124952888260075
296,-0.16969770255606842
297,0.11839191792524406
298,0.11839191792524406
299,0.11839191792524406
300,0.11839191792524406
301,0.136162135256793
302,0.136162135256793
303,0.136162135256793
304,0.11839191792524406
305,-0.16969770255606842
306,0.136162135256793
307,-0.124952888260075
308,0.11839191792524406
309,0.11839191792524406
310,0.11839191792524406
311,0.136162135256793
312,0.11839191792524406
313,0.136162135256793
314,-0.124952888260075
315,0.11839191792524406
316,0.11839191792524406
317,-0.124952888260075
318,0.11839191792524406
319,-0.16969770255606842
320,0.11839191792524406
321,0.136162135256793
322,0.11839191792524406
323,-0.124952888260075
324,0.136162135256793
325,0.11839191792524406
326,-0.16969770255606842
327,0.136162135256793
328,0.11839191792524406
329,-0.16969770255606842
330,0.136162135256793
331,-0.124952888260075
332,0.136162135256793
333,0.11839191792524406
334,0.136162135256793
335,0.11839191792524406
336,-0.16969770255606842
337,0.11839191792524406
338,0.136162135256793
339,0.11839191792524406
340,-0.124952888260075
341,0.11839191792524406
342,0.136162135256793
343,0.11839191792524406
344,0.136162135256793
345,0.136162135256793
346,-0.16969770255606842
347,0.11839191792524406
348,0.11839191792524406
349,-0.124952888260075
350,0.136162135256793
351,0.136162135256793
352,0.11839191792524406
353,0.136162135256793
354,0.11839191792524406
355,-0.124952888260075
356,0.11839191792524406
357,0.11839191792524406
358,0.136162135256793
359,0.136162135256793
360,-0.16969770255606842
361,-0.16969770255606842
362,-0.124952888260075
363,0.136162135256793
364,-0.16969770255606842
365,-0.124952888260075
366,0.136162135256793
367,0.136162135256793
368,-0.16969770255606842
369,0.11839191792524406
370,0.11839191792524406
371,0.136162135256793
372,0.136162135256793
373,-0.16969770255606842
374,0.11839191792524406
375,-0.124952888260075
376,-0.124952888260075
377,0.136162135256793
378,0.11839191792524406
379,-0.124952888260075
380,0.11839191792524406
381,0.136162135256793
382,0.11839191792524406
383,0.136162135256793
384,0.136162135256793
385,0.11839191792524406
386,0.136162135256793
387,-0.124952888260075
388,-0.16969770255606842
389,0.136162135256793
390,-0.124952888260075
391,-0.124952888260075
392,0.136162135256793
393,-0.124952888260075
394,0.11839191792524406
395,-0.124952888260075
396,0.136162135256793
397,-0.124952888260075
398,-0.124952888260075
399,0.136162135256793
400,0.11839191792524406
401,-0.16969770255606842
402,0.11839191792524406
403,0.136162135256793
404,-0.16969770255606842
405,0.11839191792524406
406,0.136162135256793
407,-0.16969770255606842
408,-0.124952888260075
409,0.11839191792524406
410,0.11839191792524406
411,0.11839191792524406
412,-0.124952888260075
413,-0.124952888260075
414,-0.16969770255606842
415,-0.16969770255606842
416,0.136162135256793
417,-0.16969770255606842
418,0.136162135256793
419,0.136162135256793
420,0.11839191792524406
421,-0.16969770255606842
422,0.11839191792524406
423,0.11839191792524406
424,0.11839191792524406
425,0.136162135256793
426,0.11839191792524406
427,0.11839191792524406
428,-0.16969770255606842
429,0.11839191792524406
430,-0.124952888260075
431,-0.16969770255606842
432,-0.16969770255606842
433,-0.16969770255606842
434,-0.16969770255606842
435,0.136162135256793
436,0.11839191792524406
437,-0.16969770255606842
438,0.136162135256793
439,-0.16969770255606842
440,-0.124952888260075
441,0.11839191792524406
442,0.136162135256793
443,0.11839191792524406
444,0.11839191792524406
445,-0.124952888260075
446,0.11839191792524406
447,0.11839191792524406
448,0.11839191792524406
449,-0.124952888260075
450,0.11839191792524406
451,0.11839191792524406
452,0.136162135256793
453,-0.16969770255606842
454,0.136162135256793
455,-0.124952888260075
456,0.136162135256793
457,-0.16969770255606842
458,-0.124952888260075
459,-0.124952888260075
460,-0.124952888260075
461,-0.16969770255606842
462,0.11839191792524406
463,0.11839191792524406
464,-0.124952888260075
465,-0.124952888260075
466,0.11839191792524406
467,0.136162135256793
468,0.11839191792524406
469,-0.124952888260075
470,-0.16969770255606842
471,0.11839191792524406
472,0.11839191792524406
473,0.11839191792524406
474,0.11839191792524406
475,0.11839191792524406
476,0.11839191792524406
477,-0.16969770255606842
478,-0.16969770255606842
479,-0.16969770255606842
480,0.11839191792524406
481,0.11839191792524406
482,0.11839191792524406
483,-0.16969770255606842
484,-0.124952888260075
485,-0.124952888260075
486,0.136162135256793
487,0.136162135256793
488,0.11839191792524406
489,-0.124952888260075
490,-0.16969770255606842
491,-0.124952888260075
492,-0.124952888260075
493,-0.124952888260075
494,0.136162135256793
495,0.11839191792524406
496,-0.16969770255606842
497,-0.124952888260075
498,0.11839191792524406
499,0.11839191792524406
500,0.11839191792524406
501,0.136162135256793
502,0.11839191792524406
503,-0.16969770255606842
504,0.11839191792524406
505,0.11839191792524406
506,0.136162135256793
507,0.136162135256793
508,-0.16969770255606842
509,-0.124952888260075
510,0.11839191792524406
511,0.136162135256793
512,-0.124952888260075
513,0.11839191792524406
514,0.136162135256793
515,0.11839191792524406
516,0.11839191792524406
517,0.11839191792524406
518,0.11839191792524406
519,0.11839191792524406
520,-0.124952888260075
521,0.11839191792524406
522,-0.16969770255606842
523,0.11839191792524406
524,-0.124952888260075
525,-0.124952888260075
526,0.11839191792524406
527,-0.124952888260075
528,-0.124952888260075
529,-0.16969770255606842
530,0.136162135256793
531,0.11839191792524406
532,-0.16969770255606842
533,-0.124952888260075
534,-0.124952888260075
535,-0.124952888260075
536,-0.16969770255606842
537,0.136162135256793
538,0.11839191792524406
539,0.11839191792524406
540,0.136162135256793
541,-0.16969770255606842
542,-0.16969770255606842
543,-0.16969770255606842
544,-0.124952888260075
545,0.11839191792524406
546,0.11839191792524406
547,0.136162135256793
548,0.136162135256793
549,0.11839191792524406
550,0.136162135256793
551,0.11839191792524406
552,-0.16969770255606842
553,-0.16969770255606842
554,0.11839191792524406
555,-0.16969770255606842
556,0.11839191792524406
557,-0.124952888260075
558,0.136162135256793
559,0.136162135256793
560,-0.16969770255606842
561,-0.16969770255606842
562,-0.16969770255606842
563,0.11839191792524406
564,0.136162135256793
565,0.11839191792524406
566,0.11839191792524406
567,0.136162135256793
568,0.136162135256793
569,0.11839191792524406
570,0.136162135256793
571,-0.124952888260075
572,0.11839191792524406
573,-0.124952888260075
574,-0.16969770255606842
575,0.136162135256793
576,0.136162135256793
577,0.11839191792524406
578,-0.124952888260075
579,0.136162135256793
580,-0.124952888260075
581,0.136162135256793
582,-0.124952888260075
583,0.136162135256793
584,0.11839191792524406
585,-0.16969770255606842
586,0.136162135256793
587,-0.124952888260075
588,0.136162135256793
589,-0.124952888260075
590,0.136162135256793
591,-0.16969770255606842
592,-0.16969770255606842
593,0.11839191792524406
594,-0.16969770255606842
595,-0.124952888260075
596,-0.124952888260075
597,-0.124952888260075
598,-0.16969770255606842
599,-0.16969770255606842
600,-0.124952888260075
601,-0.124952888260075
602,0.11839191792524406
603,-0.16969770255606842
604,0.11839191792524406
605,0.11839191792524406
606,-0.124952888260075
607,-0.124952888260075
608,0.11839191792524406
609,0.11839191792524406
610,0.136162135256793
611,0.11839191792524406
612,-0.16969770255606842
613,0.11839191792524406
614,0.136162135256793
615,0.11839191792524406
616,0.11839191792524406
617,-0.124952888260075
618,0.11839191792524406
619,0.11839191792524406
620,-0.16969770255606842
621,0.136162135256793
622,0.11839191792524406
623,0.11839191792524406
624,-0.124952888260075
625,0.11839191792524406
626,-0.16969770255606842
627,0.11839191792524406
628,-0.16969770255606842
629,-0.16969770255606842
630,0.136162135256793
631,-0.16969770255606842
632,-0.124952888260075
633,-0.16969770255606842
634,0.136162135256793
635,-0.124952888260075
636,0.136162135256793
637,0.136162135256793
638,-0.16969770255606842
639,0.11839191792524406
640,0.136162135256793
641,-0.16969770255606842
642,0.136162135256793
643,0.11839191792524406
644,0.136162135256793
645,0.136162135256793
646,0.11839191792524406
647,0.136162135256793
648,-0.124952888260075
649,-0.16969770255606842
650,0.136162135256793
651,0.11839191792524406
652,-0.124952888260075
653,0.11839191792524406
654,-0.16969770255606842
655,-0.16969770255606842
656,-0.16969770255606842
657,0.136162135256793
658,-0.16969770255606842
659,0.11839191792524406
660,0.136162135256793
661,-0.16969770255606842
662,0.136162135256793
663,0.11839191792524406
664,0.11839191792524406
665,-0.124952888260075
666,-0.16969770255606842
667,0.136162135256793
668,-0.16969770255606842
669,0.136162135256793
670,0.11839191792524406
671,0.136162135256793
672,0.11839191792524406
673,0.11839191792524406
674,0.11839191792524406
675,-0.16969770255606842
676,-0.124952888260075
677,-0.16969770255606842
678,0.136162135256793
679,0.11839191792524406
680,-0.124952888260075
681,-0.124952888260075
682,-0.16969770255606842
683,0.11839191792524406
684,-0.124952888260075
685,0.136162135256793
686,-0.124952888260075
687,-0.124952888260075
688,-0.16969770255606842
689,-0.16969770255606842
690,-0.124952888260075
691,-0.124952888260075
692,0.11839191792524406
693,0.11839191792524406
694,0.136162135256793
695,0.136162135256793
696,0.136162135256793
697,-0.16969770255606842
698,0.11839191792524406
699,-0.124952888260075
700,-0.16969770255606842
701,0.11839191792524406
702,-0.124952888260075
703,-0.124952888260075
704,0.11839191792524406
705,0.11839191792524406
706,0.11839191792524406
707,-0.16969770255606842
708,0.11839191792524406
709,-0.16969770255606842
710,0.11839191792524406
711,-0.124952888260075
712,-0.124952888260075
713,0.136162135256793
714,0.11839191792524406
715,-0.124952888260075
716,-0.16969770255606842
717,-0.124952888260075
718,0.136162135256793
719,0.136162135256793
720,-0.16969770255606842
721,0.136162135256793
722,0.136162135256793
723,-0.16969770255606842
724,-0.124952888260075
725,-0.124952888260075
726,0.11839191792524406
727,-0.124952888260075
728,-0.124952888260075
729,-0.124952888260075
730,0.136162135256793
731,0.11839191792524406
732,0.136162135256793
733,0.11839191792524406
734,0.136162135256793
735,-0.124952888260075
736,-0.124952888260075
737,-0.16969770255606842
738,-0.124952888260075
739,-0.124952888260075
740,0.11839191792524406
741,0.136162135256793
742,0.136162135256793
743,-0.124952888260075
744,0.11839191792524406
745,0.11839191792524406
746,0.11839191792524406
747,-0.124952888260075
748,0.136162135256793
749,-0.16969770255606842
750,-0.124952888260075
751,-0.16969770255606842
752,-0.16969770255606842
753,0.11839191792524406
754,-0.16969770255606842
755,0.136162135256793
756,0.136162135256793
757,-0.124952888260075
758,0.136162135256793
759,0.136162135256793
760,-0.124952888260075
761,0.136162135256793
762,0.136162135256793
763,-0.16969770255606842
764,0.136162135256793
765,0.136162135256793
766,-0.16969770255606842
767,0.136162135256793
768,-0.124952888260075
769,0.11839191792524406
770,-0.124952888260075
771,-0.124952888260075
772,-0.16969770255606842
773,0.136162135256793
774,0.11839191792524406
775,0.136162135256793
776,-0.16969770255606842
777,0.11839191792524406
778,-0.16969770255606842
779,-0.124952888260075
780,-0.124952888260075
781,-0.124952888260075
782,-0.124952888260075
783,0.11839191792524406
784,0.11839191792524406
785,-0.124952888260075
786,0.136162135256793
787,0.136162135256793
788,-0.124952888260075
789,0.136162135256793
790,-0.16969770255606842
791,0.11839191792524406
792,-0.16969770255606842
793,-0.124952888260075
794,-0.16969770255606842
795,0.11839191792524406
796,0.11839191792524406
797,-0.16969770255606842
798,-0.16969770255606842
799,0.136162135256793
800,-0.124952888260075
801,-0.16969770255606842
802,-0.16969770255606842
803,-0.16969770255606842
804,-0.124952888260075
805,-0.16969770255606842
806,0.11839191792524406
807,-0.124952888260075
808,-0.124952888260075
809,-0.124952888260075
810,0.136162135256793
811,-0.124952888260075
812,0.136162135256793
813,-0.124952888260075
814,0.11839191792524406
815,-0.16969770255606842
816,0.136162135256793
817,-0.124952888260075
818,-0.16969770255606842
819,-0.16969770255606842
820,0.11839191792524406
821,-0.16969770255606842
822,-0.16969770255606842
823,0.136162135256793
824,-0.124952888260075
825,-0.124952888260075
826,0.11839191792524406
827,-0.124952888260075
828,0.11839191792524406
829,-0.124952888260075
830,-0.124952888260075
831,0.136162135256793
832,0.136162135256793
833,-0.16969770255606842
834,0.136162135256793
835,0.11839191792524406
836,0.11839191792524406
837,-0.124952888260075
838,0.11839191792524406
839,0.11839191792524406
840,-0.124952888260075
841,0.136162135256793
842,-0.124952888260075
843,-0.124952888260075
844,-0.124952888260075
845,0.136162135256793
846,-0.124952888260075
847,0.11839191792524406
848,0.136162135256793
849,0.11839191792524406
850,0.136162135256793
851,0.11839191792524406
852,-0.16969770255606842
853,-0.124952888260075
854,0.136162135256793
855,-0.16969770255606842
856,0.136162135256793
857,0.136162135256793
858,0.136162135256793
859,-0.16969770255606842
860,-0.124952888260075
861,-0.16969770255606842
862,0.136162135256793
863,0.11839191792524406
864,0.136162135256793
865,-0.16969770255606842
866,0.136162135256793
867,-0.16969770255606842
868,-0.16969770255606842
869,0.136162135256793
870,-0.16969770255606842
871,0.11839191792524406
872,0.11839191792524406
873,-0.16969770255606842
874,-0.16969770255606842
875,-0.124952888260075
876,-0.16969770255606842
877,-0.124952888260075
878,-0.16969770255606842
879,-0.124952888260075
880,-0.16969770255606842
881,0.11839191792524406
882,-0.124952888260075
883,-0.16969770255606842
884,0.11839191792524406
885,0.11839191792524406
886,-0.16969770255606842
887,-0.16969770255606842
888,0.136162135256793
889,-0.124952888260075
890,-0.124952888260075
891,0.136162135256793
892,-0.124952888260075
893,0.136162135256793
894,0.11839191792524406
895,0.11839191792524406
896,-0.124952888260075
897,-0.124952888260075
898,0.11839191792524406
899,-0.124952888260075
900,-0.124952888260075
901,0.136162135256793
902,0.136162135256793
903,0.136162135256793
904,0.11839191792524406
905,-0.124952888260075
906,0.136162135256793
907,-0.124952888260075
908,0.136162135256793
909,0.11839191792524406
910,-0.124952888260075
911,0.136162135256793
912,0.11839191792524406
913,0.136162135256793
914,0.11839191792524406
915,-0.16969770255606842
916,0.11839191792524406
917,-0.16969770255606842
918,-0.124952888260075
919,0.136162135256793
920,0.136162135256793
921,0.136162135256793
922,-0.124952888260075
923,0.11839191792524406
924,0.11839191792524406
925,-0.16969770255606842
926,-0.124952888260075
927,-0.16969770255606842
928,-0.124952888260075
929,0.136162135256793
930,0.136162135256793
931,0.136162135256793
932,-0.124952888260075
933,0.11839191792524406
934,0.11839191792524406
935,0.136162135256793
936,0.136162135256793
937,0.136162135256793
938,-0.16969770255606842
939,0.11839191792524406
940,-0.16969770255606842
941,0.11839191792524406
942,-0.124952888260075
943,0.136162135256793
944,0.136162135256793
945,-0.16969770255606842
946,-0.124952888260075
947,0.136162135256793
948,-0.124952888260075
949,0.136162135256793
950,0.136162135256793
951,-0.124952888260075
952,0.136162135256793
953,-0.16969770255606842
954,0.136162135256793
955,-0.16969770255606842
956,0.136162135256793
957,-0.16969770255606842
958,0.11839191792524406
959,-0.16969770255606842
960,-0.124952888260075
961,-0.16969770255606842
962,-0.16969770255606842
963,0.11839191792524406
964,0.136162135256793
965,0.136162135256793
966,0.11839191792524406
967,-0.124952888260075
968,-0.124952888260075
969,-0.16969770255606842
970,0.136162135256793
971,-0.16969770255606842
972,-0.124952888260075
973,0.11839191792524406
974,0.11839191792524406
975,0.11839191792524406
976,-0.124952888260075
977,0.11839191792524406
978,-0.16969770255606842
979,0.136162135256793
980,0.11839191792524406
981,0.136162135256793
982,0.136162135256793
983,-0.16969770255606842
984,-0.124952888260075
985,0.136162135256793
986,-0.124952888260075
987,-0.124952888260075
988,-0.16969770255606842
989,-0.16969770255606842
990,-0.124952888260075
991,-0.124952888260075
992,0.11839191792524406
993,0.136162135256793
994,0.11839191792524406
995,-0.124952888260075
996,-0.16969770255606842
997,0.136162135256793
998,-0.124952888260075
999,-0.16969770255606842
1000,0.136162135256793
1001,0.11839191792524406
1002,0.11839191792524406
1003,-0.16969770255606842
1004,-0.124952888260075
1005,0.11839191792524406
1006,0.11839191792524406
1007,-0.16969770255606842
1008,-0.124952888260075
1009,0.136162135256793
1010,-0.124952888260075
1011,-0.124952888260075
1012,0.11839191792524406
1013,0.11839191792524406
1014,-0.16969770255606842
1015,-0.16969770255606842
1016,-0.16969770255606842
1017,-0.16969770255606842
1018,-0.124952888260075
1019,0.136162135256793
1020,0.11839191792524406
1021,-0.124952888260075
1022,-0.124952888260075
1023,0.11839191792524406
1024,0.136162135256793
1025,0.136162135256793
1026,-0.16969770255606842
1027,0.136162135256793
1028,0.11839191792524406
1029,0.11839191792524406
1030,-0.124952888260075
1031,0.11839191792524406
1032,0.11839191792524406
1033,0.11839191792524406
1034,-0.124952888260075
1035,-0.16969770255606842
1036,0.136162135256793
1037,0.11839191792524406
1038,-0.16969770255606842
1039,-0.16969770255606842
1040,-0.124952888260075
1041,0.136162135256793
1042,0.136162135256793
1043,-0.16969770255606842
1044,-0.124952888260075
1045,0.136162135256793
1046,0.11839191792524406
1047,-0.16969770255606842
1048,-0.16969770255606842
1049,0.11839191792524406
1050,0.11839191792524406
1051,0.11839191792524406
1052,-0.16969770255606842
1053,0.11839191792524406
1054,-0.124952888260075
1055,0.136162135256793
1056,0.11839191792524406
1057,-0.124952888260075
1058,0.136162135256793
1059,0.11839191792524406
1060,-0.16969770255606842
1061,0.136162135256793
1062,-0.124952888260075
1063,0.11839191792524406
1064,0.136162135256793
1065,0.11839191792524406
1066,0.136162135256793
1067,0.136162135256793
1068,0.136162135256793
1069,0.136162135256793
1070,-0.124952888260075
1071,0.11839191792524406
1072,-0.124952888260075
1073,0.11839191792524406
1074,0.11839191792524406
1075,-0.16969770255606842
1076,0.11839191792524406
1077,0.11839191792524406
1078,-0.16969770255606842
1079,0.11839191792524406
1080,-0.16969770255606842
1081,0.11839191792524406
1082,-0.16969770255606842
1083,0.11839191792524406
1084,0.11839191792524406
1085,-0.124952888260075
1086,0.136162135256793
1087,0.136162135256793
1088,-0.16969770255606842
1089,-0.16969770255606842
1090,-0.16969770255606842
1091,0.11839191792524406
1092,0.136162135256793
1093,0.11839191792524406
1094,-0.16969770255606842
1095,-0.124952888260075
1096,0.11839191792524406
1097,0.11839191792524406
1098,0.136162135256793
1099,-0.16969770255606842
1100,0.136162135256793
1101,0.11839191792524406
1102,-0.16969770255606842
1103,0.11839191792524406
1104,-0.16969770255606842
1105,0.136162135256793
1106,0.136162135256793
1107,-0.16969770255606842
1108,0.11839191792524406
1109,-0.16969770255606842
1110,-0.124952888260075
1111,0.11839191792524406
1112,-0.16969770255606842
1113,0.136162135256793
1114,0.136162135256793
1115,0.11839191792524406
1116,-0.124952888260075
1117,-0.16969770255606842
1118,-0.16969770255606842
1119,-0.124952888260075
1120,0.11839191792524406
1121,-0.16969770255606842
1122,0.11839191792524406
1123,0.11839191792524406
1124,0.11839191792524406
1125,-0.124952888260075
1126,0.136162135256793
1127,-0.124952888260075
1128,0.11839191792524406
1129,0.136162135256793
1130,-0.16969770255606842
1131,0.136162135256793
1132,0.11839191792524406
1133,-0.16969770255606842
1134,0.11839191792524406
1135,0.136162135256793
1136,0.136162135256793
1137,0.11839191792524406
1138,-0.124952888260075
1139,0.11839191792524406
1140,0.11839191792524406
1141,0.136162135256793
1142,0.11839191792524406
1143,0.11839191792524406
1144,0.136162135256793
1145,0.11839191792524406
1146,-0.16969770255606842
1147,-0.124952888260075
1148,0.136162135256793
1149,0.11839191792524406
1150,-0.124952888260075
1151,0.136162135256793
1152,0.11839191792524406
1153,0.136162135256793
1154,-0.16969770255606842
1155,-0.16969770255606842
1156,-0.16969770255606842
1157,-0.16969770255606842
1158,0.11839191792524406
1159,0.136162135256793
1160,-0.124952888260075
1161,0.11839191792524406
1162,0.136162135256793
1163,0.136162135256793
1164,-0.16969770255606842
1165,-0.16969770255606842
1166,0.11839191792524406
1167,-0.16969770255606842
1168,-0.124952888260075
1169,-0.16969770255606842
1170,0.11839191792524406
1171,-0.124952888260075
1172,-0.124952888260075
1173,0.11839191792524406
1174,0.11839191792524406
1175,0.11839191792524406
1176,0.11839191792524406
1177,-0.124952888260075
1178,-0.16969770255606842
1179,-0.16969770255606842
1180,0.11839191792524406
1181,-0.16969770255606842
1182,-0.124952888260075
1183,0.136162135256793
1184,-0.124952888260075
1185,-0.16969770255606842
1186,-0.124952888260075
1187,-0.16969770255606842
1188,0.11839191792524406
1189,0.11839191792524406
1190,0.136162135256793
1191,0.136162135256793
1192,-0.124952888260075
1193,-0.124952888260075
1194,-0.16969770255606842
1195,-0.124952888260075
1196,0.11839191792524406
1197,-0.124952888260075
1198,0.136162135256793
1199,0.11839191792524406
1200,0.11839191792524406
1201,-0.124952888260075
1202,0.11839191792524406
1203,-0.16969770255606842
1204,0.11839191792524406
1205,0.136162135256793
1206,0.11839191792524406
1207,-0.124952888260075
1208,0.136162135256793
1209,0.136162135256793
1210,0.136162135256793
1211,0.136162135256793
1212,0.136162135256793
1213,0.136162135256793
1214,-0.124952888260075
1215,-0.16969770255606842
1216,-0.124952888260075
1217,0.136162135256793
1218,0.136162135256793
1219,-0.16969770255606842
1220,-0.16969770255606842
1221,0.11839191792524406
1222,-0.16969770255606842
1223,0.11839191792524406
1224,0.11839191792524406
1225,-0.124952888260075
1226,-0.16969770255606842
1227,-0.124952888260075
1228,-0.124952888260075
1229,-0.16969770255606842
1230,-0.16969770255606842
1231,0.136162135256793
1232,0.136162135256793
1233,0.11839191792524406
1234,-0.124952888260075
1235,0.136162135256793
1236,0.11839191792524406
1237,-0.124952888260075
1238,0.11839191792524406
1239,0.136162135256793
1240,-0.124952888260075
1241,-0.124952888260075
1242,0.11839191792524406
1243,-0.124952888260075
1244,0.11839191792524406
1245,-0.16969770255606842
1246,-0.16969770255606842
1247,0.136162135256793
1248,0.11839191792524406
1249,0.11839191792524406
1250,0.11839191792524406
1251,0.11839191792524406
1252,0.136162135256793
1253,-0.124952888260075
1254,-0.124952888260075
1255,0.11839191792524406
1256,-0.16969770255606842
1257,0.136162135256793
1258,0.11839191792524406
1259,-0.124952888260075
1260,0.136162135256793
1261,-0.124952888260075
1262,0.136162135256793
1263,0.11839191792524406
1264,-0.16969770255606842
1265,-0.16969770255606842
1266,-0.124952888260075
1267,-0.124952888260075
1268,0.11839191792524406
1269,0.136162135256793
1270,0.11839191792524406
1271,0.136162135256793
1272,0.11839191792524406
1273,0.11839191792524406
1274,0.136162135256793
1275,0.136162135256793
1276,-0.124952888260075
1277,0.136162135256793
1278,0.136162135256793
1279,0.11839191792524406
1280,0.11839191792524406
1281,0.11839191792524406
1282,0.11839191792524406
1283,0.136162135256793
1284,-0.124952888260075
1285,-0.124952888260075
1286,0.136162135256793
1287,-0.16969770255606842
1288,-0.124952888260075
1289,0.11839191792524406
1290,-0.16969770255606842
1291,-0.124952888260075
1292,0.136162135256793
1293,0.11839191792524406
1294,-0.16969770255606842
1295,-0.16969770255606842
1296,0.11839191792524406
1297,0.136162135256793
1298,0.136162135256793
1299,-0.16969770255606842
1300,0.136162135256793
1301,0.11839191792524406
1302,-0.124952888260075
1303,-0.16969770255606842
1304,-0.124952888260075
1305,-0.16969770255606842
1306,-0.16969770255606842
1307,-0.124952888260075
1308,-0.124952888260075
1309,0.136162135256793
1310,-0.16969770255606842
1311,-0.124952888260075
1312,0.136162135256793
1313,-0.124952888260075
1314,0.136162135256793
1315,0.136162135256793
1316,0.136162135256793
1317,-0.16969770255606842
1318,0.136162135256793
1319,0.136162135256793
1320,-0.16969770255606842
1321,0.136162135256793
1322,0.11839191792524406
1323,-0.16969770255606842
1324,0.136162135256793
1325,-0.124952888260075
1326,-0.124952888260075
1327,-0.124952888260075
1328,-0.16969770255606842
1329,0.136162135256793
1330,0.11839191792524406
1331,-0.16969770255606842
1332,0.136162135256793
1333,-0.124952888260075
1334,0.11839191792524406
1335,0.11839191792524406
1336,-0.16969770255606842
1337,-0.124952888260075
1338,-0.124952888260075
1339,0.11839191792524406
1340,0.136162135256793
1341,0.11839191792524406
1342,0.11839191792524406
1343,0.136162135256793
1344,-0.16969770255606842
1345,0.136162135256793
1346,-0.16969770255606842
1347,0.11839191792524406
1348,-0.16969770255606842
1349,-0.16969770255606842
1350,0.11839191792524406
1351,0.136162135256793
1352,0.11839191792524406
1353,0.11839191792524406
1354,-0.16969770255606842
1355,0.136162135256793
1356,-0.124952888260075
1357,0.11839191792524406
1358,0.11839191792524406
1359,0.136162135256793
1360,0.11839191792524406
1361,-0.124952888260075
1362,0.11839191792524406
1363,0.11839191792524406
1364,0.11839191792524406
1365,-0.124952888260075
1366,-0.124952888260075
1367,-0.124952888260075
1368,-0.124952888260075
1369,0.136162135256793
1370,0.136162135256793
1371,0.11839191792524406
1372,-0.16969770255606842
1373,0.11839191792524406
1374,-0.16969770255606842
1375,-0.124952888260075
1376,0.11839191792524406
1377,0.11839191792524406
1378,0.11839191792524406
1379,-0.124952888260075
1380,0.136162135256793
1381,0.11839191792524406
1382,0.11839191792524406
1383,0.11839191792524406
1384,0.136162135256793
1385,0.11839191792524406
1386,-0.124952888260075
1387,-0.124952888260075
1388,-0.124952888260075
1389,0.11839191792524406
1390,-0.124952888260075
1391,-0.124952888260075
1392,0.11839191792524406
1393,-0.124952888260075
1394,0.11839191792524406
1395,-0.16969770255606842
1396,-0.124952888260075
1397,0.11839191792524406
1398,-0.124952888260075
1399,0.11839191792524406
1400,0.11839191792524406
1401,0.136162135256793
1402,0.136162135256793
1403,-0.16969770255606842
1404,0.136162135256793
1405,-0.16969770255606842
1406,-0.16969770255606842
1407,-0.16969770255606842
1408,0.11839191792524406
1409,-0.124952888260075
1410,0.136162135256793
1411,-0.16969770255606842
1412,-0.16969770255606842
1413,-0.124952888260075
1414,0.136162135256793
1415,0.11839191792524406
1416,-0.16969770255606842
1417,-0.16969770255606842
1418,0.136162135256793
1419,0.136162135256793
1420,-0.16969770255606842
1421,0.136162135256793
1422,-0.124952888260075
1423,0.11839191792524406
1424,-0.124952888260075
1425,-0.124952888260075
1426,-0.16969770255606842
1427,0.11839191792524406
1428,0.136162135256793
1429,0.136162135256793
1430,0.136162135256793
1431,0.136162135256793
1432,-0.16969770255606842
1433,0.136162135256793
1434,-0.124952888260075
1435,-0.124952888260075
1436,-0.124952888260075
1437,0.136162135256793
1438,0.136162135256793
1439,0.11839191792524406
1440,-0.124952888260075
1441,0.11839191792524406
1442,0.11839191792524406
1443,-0.124952888260075
1444,0.136162135256793
1445,0.11839191792524406
1446,0.136162135256793
1447,0.136162135256793
1448,0.136162135256793
1449,-0.16969770255606842
1450,-0.124952888260075
1451,-0.124952888260075
1452,0.11839191792524406
1453,-0.124952888260075
1454,0.136162135256793
1455,0.136162135256793
1456,-0.16969770255606842
1457,0.11839191792524406
1458,0.11839191792524406
1459,-0.16969770255606842
1460,0.136162135256793
1461,-0.124952888260075
1462,0.136162135256793
1463,-0.124952888260075
1464,0.11839191792524406
1465,0.11839191792524406
1466,-0.16969770255606842
1467,-0.124952888260075
1468,0.11839191792524406
1469,-0.124952888260075
1470,-0.124952888260075
1471,-0.16969770255606842
1472,0.136162135256793
1473,-0.16969770255606842
1474,0.136162135256793
1475,0.136162135256793
1476,0.11839191792524406
1477,0.136162135256793
1478,0.11839191792524406
1479,0.136162135256793
1480,0.136162135256793
1481,0.136162135256793
1482,-0.124952888260075
1483,-0.124952888260075
1484,0.136162135256793
1485,0.11839191792524406
1486,-0.16969770255606842
1487,-0.124952888260075
1488,0.11839191792524406
1489,0.11839191792524406
1490,0.136162135256793
1491,0.11839191792524406
1492,-0.16969770255606842
1493,0.136162135256793
1494,-0.16969770255606842
1495,-0.124952888260075
1496,0.11839191792524406
1497,-0.16969770255606842
1498,0.136162135256793
1499,0.11839191792524406
1500,0.11839191792524406
1501,0.11839191792524406
1502,-0.124952888260075
1503,0.11839191792524406
1504,0.11839191792524406
1505,0.136162135256793
1506,-0.124952888260075
1507,0.11839191792524406
1508,0.11839191792524406
1509,0.11839191792524406
1510,0.136162135256793
1511,-0.124952888260075
1512,-0.16969770255606842
1513,0.11839191792524406
1514,0.136162135256793
1515,-0.124952888260075
1516,0.136162135256793
1517,0.136162135256793
1518,0.11839191792524406
1519,-0.16969770255606842
1520,0.11839191792524406
1521,-0.124952888260075
1522,-0.124952888260075
1523,0.136162135256793
1524,0.136162135256793
1525,0.11839191792524406
1526,0.136162135256793
1527,0.136162135256793
1528,-0.124952888260075
1529,-0.124952888260075
1530,-0.124952888260075
1531,0.136162135256793
1532,0.136162135256793
1533,0.136162135256793
1534,0.136162135256793
1535,-0.124952888260075
1536,-0.16969770255606842
1537,-0.16969770255606842
1538,0.11839191792524406
1539,0.136162135256793
1540,0.11839191792524406
1541,0.11839191792524406
1542,-0.124952888260075
1543,0.136162135256793
1544,0.136162135256793
1545,0.11839191792524406
1546,0.11839191792524406
1547,0.136162135256793
1548,0.136162135256793
1549,-0.16969770255606842
1550,0.136162135256793
1551,0.11839191792524406
1552,-0.16969770255606842
1553,-0.124952888260075
1554,-0.124952888260075
1555,0.136162135256793
1556,-0.16969770255606842
1557,-0.124952888260075
1558,-0.16969770255606842
1559,-0.124952888260075
1560,-0.124952888260075
1561,-0.16969770255606842
1562,0.11839191792524406
1563,0.11839191792524406
1564,-0.124952888260075
1565,0.11839191792524406
1566,0.11839191792524406
1567,-0.124952888260075
1568,0.136162135256793
1569,0.136162135256793
1570,-0.16969770255606842
1571,0.11839191792524406
1572,0.11839191792524406
1573,0.136162135256793
1574,0.11839191792524406
1575,0.136162135256793
1576,0.11839191792524406
1577,0.11839191792524406
1578,-0.124952888260075
1579,-0.124952888260075
1580,-0.124952888260075
1581,-0.124952888260075
1582,0.136162135256793
1583,0.11839191792524406
1584,0.136162135256793
1585,-0.124952888260075
1586,-0.16969770255606842
1587,0.136162135256793
1588,-0.16969770255606842
1589,0.136162135256793
1590,-0.16969770255606842
1591,-0.124952888260075
1592,0.11839191792524406
1593,-0.16969770255606842
1594,-0.16969770255606842
1595,0.136162135256793
1596,0.11839191792524406
1597,-0.124952888260075
1598,0.11839191792524406
1599,0.11839191792524406
1600,-0.124952888260075
1601,0.136162135256793
1602,-0.124952888260075
1603,0.11839191792524406
1604,0.136162135256793
1605,0.11839191792524406
1606,-0.124952888260075
1607,0.11839191792524406
1608,0.11839191792524406
1609,-0.124952888260075
1610,-0.16969770255606842
1611,-0.16969770255606842
1612,-0.16969770255606842
1613,-0.16969770255606842
1614,0.136162135256793
1615,0.11839191792524406
1616,0.136162135256793
1617,0.11839191792524406
1618,0.136162135256793
1619,0.11839191792524406
1620,-0.16969770255606842
1621,0.136162135256793
1622,-0.16969770255606842
1623,0.136162135256793
1624,-0.16969770255606842
1625,-0.16969770255606842
1626,0.11839191792524406
1627,0.136162135256793
1628,0.11839191792524406
1629,0.11839191792524406
1630,0.11839191792524406
1631,-0.16969770255606842
1632,0.136162135256793
1633,-0.124952888260075
1634,0.11839191792524406
1635,-0.16969770255606842
1636,-0.124952888260075
1637,-0.124952888260075
1638,0.136162135256793
1639,0.11839191792524406
1640,0.11839191792524406
1641,-0.16969770255606842
1642,0.136162135256793
1643,0.136162135256793
1644,0.11839191792524406
1645,-0.124952888260075
1646,0.11839191792524406
1647,0.11839191792524406
1648,0.136162135256793
1649,0.136162135256793
1650,-0.124952888260075
1651,-0.124952888260075
1652,-0.16969770255606842
1653,-0.16969770255606842
1654,-0.124952888260075
1655,-0.16969770255606842
1656,-0.124952888260075
1657,0.11839191792524406
1658,0.11839191792524406
1659,0.136162135256793
1660,0.136162135256793
1661,0.11839191792524406
1662,0.11839191792524406
1663,-0.16969770255606842
1664,-0.124952888260075
1665,0.11839191792524406
1666,0.11839191792524406
1667,-0.124952888260075
1668,-0.124952888260075
1669,-0.16969770255606842
1670,0.136162135256793
1671,-0.16969770255606842
1672,-0.124952888260075
1673,0.136162135256793
1674,-0.16969770255606842
1675,-0.16969770255606842
1676,-0.124952888260075
1677,0.136162135256793
1678,-0.16969770255606842
1679,-0.124952888260075
1680,0.11839191792524406
1681,0.136162135256793
1682,0.136162135256793
1683,0.136162135256793
1684,-0.16969770255606842
1685,-0.124952888260075
1686,-0.16969770255606842
1687,0.136162135256793
1688,-0.124952888260075
1689,-0.124952888260075
1690,0.11839191792524406
1691,-0.124952888260075
1692,0.11839191792524406
1693,0.11839191792524406
1694,-0.124952888260075
1695,0.11839191792524406
1696,0.136162135256793
1697,-0.124952888260075
1698,-0.16969770255606842
1699,0.11839191792524406
1700,-0.124952888260075
1701,-0.124952888260075
1702,-0.16969770255606842
1703,-0.124952888260075
1704,0.11839191792524406
1705,-0.124952888260075
1706,-0.16969770255606842
1707,-0.124952888260075
1708,-0.124952888260075
1709,-0.124952888260075
1710,-0.16969770255606842
1711,-0.124952888260075
1712,0.136162135256793
1713,0.11839191792524406
1714,-0.16969770255606842
1715,0.136162135256793
1716,-0.16969770255606842
1717,-0.16969770255606842
1718,0.136162135256793
1719,0.11839191792524406
1720,-0.16969770255606842
1721,-0.124952888260075
1722,0.11839191792524406
1723,0.11839191792524406
1724,-0.124952888260075
1725,0.136162135256793
1726,-0.124952888260075
1727,-0.124952888260075
1728,0.11839191792524406
1729,0.136162135256793
1730,0.136162135256793
1731,-0.16969770255606842
1732,0.136162135256793
1733,0.136162135256793
1734,0.136162135256793
1735,0.11839191792524406
1736,0.11839191792524406
1737,-0.16969770255606842
1738,-0.16969770255606842
1739,-0.124952888260075
1740,0.11839191792524406
1741,0.11839191792524406
1742,-0.124952888260075
1743,0.11839191792524406
1744,-0.124952888260075
1745,0.11839191792524406
1746,0.11839191792524406
1747,0.11839191792524406
1748,0.136162135256793
1749,0.136162135256793
1750,0.11839191792524406
1751,0.136162135256793
1752,-0.124952888260075
1753,0.136162135256793
1754,0.11839191792524406
1755,0.11839191792524406
1756,0.136162135256793
1757,0.136162135256793
1758,-0.124952888260075
1759,-0.124952888260075
1760,-0.124952888260075
1761,-0.124952888260075
1762,-0.124952888260075
1763,-0.124952888260075
1764,-0.124952888260075
1765,0.11839191792524406
1766,0.11839191792524406
1767,0.136162135256793
1768,0.11839191792524406
1769,-0.124952888260075
1770,-0.124952888260075
1771,-0.124952888260075
1772,0.136162135256793
1773,-0.16969770255606842
1774,0.11839191792524406
1775,-0.124952888260075
1776,-0.16969770255606842
1777,0.11839191792524406
1778,-0.16969770255606842
1779,-0.124952888260075
1780,-0.16969770255606842
1781,-0.16969770255606842
1782,-0.124952888260075
1783,0.11839191792524406
1784,-0.16969770255606842
1785,0.11839191792524406
1786,-0.124952888260075
1787,-0.124952888260075
1788,-0.124952888260075
1789,0.11839191792524406
1790,0.136162135256793
1791,-0.16969770255606842
1792,-0.124952888260075
1793,-0.16969770255606842
1794,-0.124952888260075
1795,0.11839191792524406
1796,0.136162135256793
1797,0.11839191792524406
1798,0.11839191792524406
1799,0.11839191792524406
1800,0.136162135256793
1801,-0.124952888260075
1802,0.136162135256793
1803,0.11839191792524406
1804,0.11839191792524406
1805,0.11839191792524406
1806,0.11839191792524406
1807,0.136162135256793
1808,-0.124952888260075
1809,0.136162135256793
1810,-0.16969770255606842
1811,0.11839191792524406
1812,0.11839191792524406
1813,-0.124952888260075
1814,0.11839191792524406
1815,0.11839191792524406
1816,0.136162135256793
1817,0.11839191792524406
1818,0.136162135256793
1819,0.11839191792524406
1820,0.11839191792524406
1821,-0.124952888260075
1822,0.136162135256793
1823,-0.124952888260075
1824,-0.16969770255606842
1825,0.11839191792524406
1826,0.136162135256793
1827,0.136162135256793
1828,-0.16969770255606842
1829,0.11839191792524406
1830,0.136162135256793
1831,0.136162135256793
1832,-0.16969770255606842
1833,-0.124952888260075
1834,0.11839191792524406
1835,-0.16969770255606842
1836,0.11839191792524406
1837,0.136162135256793
1838,0.136162135256793
1839,0.11839191792524406
1840,-0.124952888260075
1841,-0.124952888260075
1842,0.136162135256793
1843,0.11839191792524406
1844,0.136162135256793
1845,0.136162135256793
1846,0.11839191792524406
1847,-0.124952888260075
1848,-0.124952888260075
1849,-0.16969770255606842
1850,0.11839191792524406
1851,-0.124952888260075
1852,0.11839191792524406
1853,-0.124952888260075
1854,0.11839191792524406
1855,-0.124952888260075
1856,0.136162135256793
1857,0.136162135256793
1858,0.136162135256793
1859,0.11839191792524406
1860,-0.16969770255606842
1861,-0.124952888260075
1862,-0.124952888260075
1863,-0.16969770255606842
1864,-0.124952888260075
1865,0.136162135256793
1866,-0.16969770255606842
1867,0.11839191792524406
1868,-0.16969770255606842
1869,-0.16969770255606842
1870,0.136162135256793
1871,0.11839191792524406
1872,0.136162135256793
1873,-0.124952888260075
1874,0.136162135256793
1875,0.11839191792524406
1876,0.136162135256793
1877,0.11839191792524406
1878,-0.16969770255606842
1879,0.136162135256793
1880,0.11839191792524406
1881,-0.124952888260075
1882,-0.16969770255606842
1883,-0.16969770255606842
1884,0.136162135256793
1885,-0.124952888260075
1886,0.136162135256793
1887,0.136162135256793
1888,-0.124952888260075
1889,0.11839191792524406
1890,0.11839191792524406
1891,-0.124952888260075
1892,-0.124952888260075
1893,0.11839191792524406
1894,-0.124952888260075
1895,-0.16969770255606842
1896,0.11839191792524406
1897,-0.124952888260075
1898,0.136162135256793
1899,-0.124952888260075
1900,-0.16969770255606842
1901,-0.16969770255606842
1902,0.11839191792524406
1903,0.11839191792524406
1904,-0.124952888260075
1905,-0.16969770255606842
1906,0.11839191792524406
1907,0.11839191792524406
1908,-0.124952888260075
1909,0.11839191792524406
1910,-0.124952888260075
1911,-0.124952888260075
1912,0.136162135256793
1913,0.136162135256793
1914,-0.124952888260075
1915,0.136162135256793
1916,-0.16969770255606842
1917,-0.124952888260075
1918,-0.16969770255606842
1919,-0.124952888260075
1920,0.136162135256793
1921,-0.124952888260075
1922,-0.124952888260075
1923,0.136162135256793
1924,0.11839191792524406
1925,0.136162135256793
1926,-0.124952888260075
1927,-0.124952888260075
1928,0.136162135256793
1929,-0.124952888260075
1930,-0.124952888260075
1931,-0.124952888260075
1932,0.136162135256793
1933,0.11839191792524406
1934,-0.124952888260075
1935,0.136162135256793
1936,0.11839191792524406
1937,-0.124952888260075
1938,0.136162135256793
1939,-0.124952888260075
1940,0.11839191792524406
1941,0.136162135256793
1942,0.136162135256793
1943,0.11839191792524406
1944,0.136162135256793
1945,0.136162135256793
1946,0.136162135256793
1947,-0.16969770255606842
1948,-0.124952888260075
1949,0.136162135256793
1950,0.11839191792524406
1951,-0.124952888260075
1952,0.11839191792524406
1953,-0.124952888260075
1954,-0.124952888260075
1955,0.11839191792524406
1956,0.136162135256793
1957,0.11839191792524406
1958,-0.16969770255606842
1959,0.136162135256793
1960,0.11839191792524406
1961,-0.16969770255606842
1962,-0.124952888260075
1963,-0.16969770255606842
1964,0.11839191792524406
1965,0.136162135256793
1966,-0.124952888260075
1967,0.11839191792524406
1968,0.136162135256793
1969,0.136162135256793
1970,0.11839191792524406
1971,-0.124952888260075
1972,-0.16969770255606842
1973,-0.124952888260075
1974,-0.124952888260075
1975,0.11839191792524406
1976,0.11839191792524406
1977,-0.16969770255606842
1978,0.136162135256793
1979,0.136162135256793
1980,0.11839191792524406
1981,-0.16969770255606842
1982,0.136162135256793
1983,-0.16969770255606842
1984,-0.16969770255606842
1985,0.136162135256793
1986,0.136162135256793
1987,0.11839191792524406
1988,-0.124952888260075
1989,0.136162135256793
1990,0.136162135256793
1991,0.11839191792524406
1992,-0.124952888260075
1993,0.136162135256793
1994,0.136162135256793
1995,-0.16969770255606842
1996,-0.124952888260075
1997,0.136162135256793
1998,0.136162135256793
1999,-0.124952888260075
2000,0.136162135256793
2001,0.11839191792524406
2002,-0.124952888260075
2003,-0.16969770255606842
2004,-0.124952888260075
2005,-0.16969770255606842
2006,0.11839191792524406
2007,-0.124952888260075
2008,-0.124952888260075
2009,0.136162135256793
2010,0.11839191792524406
2011,-0.124952888260075
2012,-0.124952888260075
2013,-0.124952888260075
2014,0.11839191792524406
2015,0.136162135256793
2016,-0.124952888260075
2017,-0.124952888260075
2018,-0.124952888260075
2019,0.136162135256793
2020,0.11839191792524406
2021,-0.16969770255606842
2022,-0.16969770255606842
2023,0.11839191792524406
2024,0.136162135256793
2025,-0.16969770255606842
2026,0.11839191792524406
2027,0.11839191792524406
2028,-0.16969770255606842
2029,-0.124952888260075
2030,0.136162135256793
2031,-0.124952888260075
2032,-0.124952888260075
2033,0.136162135256793
2034,0.11839191792524406
2035,0.11839191792524406
2036,0.11839191792524406
2037,0.11839191792524406
2038,0.136162135256793
2039,0.11839191792524406
2040,-0.16969770255606842
2041,0.136162135256793
2042,-0.124952888260075
2043,-0.16969770255606842
2044,0.11839191792524406
2045,-0.16969770255606842
2046,0.11839191792524406
2047,-0.16969770255606842
2048,-0.124952888260075
2049,0.136162135256793
2050,-0.124952888260075
2051,0.11839191792524406
2052,0.11839191792524406
2053,0.136162135256793
2054,0.11839191792524406
2055,0.11839191792524406
2056,-0.124952888260075
2057,0.11839191792524406
2058,-0.16969770255606842
2059,-0.16969770255606842
2060,0.136162135256793
2061,-0.124952888260075
2062,-0.124952888260075
2063,0.11839191792524406
2064,-0.16969770255606842
2065,0.136162135256793
2066,0.11839191792524406
2067,0.136162135256793
2068,0.136162135256793
2069,0.11839191792524406
2070,-0.124952888260075
2071,-0.124952888260075
2072,0.136162135256793
2073,-0.124952888260075
2074,0.136162135256793
2075,0.136162135256793
2076,-0.16969770255606842
2077,-0.124952888260075
2078,0.11839191792524406
2079,-0.16969770255606842
2080,-0.16969770255606842
2081,0.136162135256793
2082,-0.124952888260075
2083,0.136162135256793
2084,0.11839191792524406
2085,-0.16969770255606842
2086,0.11839191792524406
2087,-0.16969770255606842
2088,-0.16969770255606842
2089,0.11839191792524406
2090,0.11839191792524406
2091,0.136162135256793
2092,0.136162135256793
2093,0.11839191792524406
2094,0.136162135256793
2095,0.136162135256793
2096,-0.124952888260075
2097,-0.16969770255606842
2098,0.11839191792524406
2099,0.11839191792524406
2100,0.11839191792524406
2101,-0.16969770255606842
2102,0.136162135256793
2103,0.11839191792524406
2104,0.136162135256793
2105,-0.124952888260075
2106,0.11839191792524406
2107,0.11839191792524406
2108,-0.16969770255606842
2109,-0.16969770255606842
2110,-0.16969770255606842
2111,0.11839191792524406
2112,-0.124952888260075
2113,0.136162135256793
2114,0.11839191792524406
2115,0.136162135256793
2116,0.11839191792524406
2117,0.11839191792524406
2118,0.11839191792524406
2119,0.11839191792524406
2120,-0.124952888260075
2121,0.136162135256793
2122,-0.16969770255606842
2123,0.11839191792524406
2124,0.136162135256793
2125,-0.16969770255606842
2126,-0.124952888260075
2127,0.136162135256793
2128,0.11839191792524406
2129,-0.16969770255606842
2130,0.136162135256793
2131,0.11839191792524406
2132,0.11839191792524406
2133,0.136162135256793
2134,-0.16969770255606842
2135,0.136162135256793
2136,0.11839191792524406
2137,-0.16969770255606842
2138,0.11839191792524406
2139,0.11839191792524406
2140,0.136162135256793
2141,0.11839191792524406
2142,0.11839191792524406
2143,-0.16969770255606842
2144,-0.124952888260075
2145,0.11839191792524406
2146,0.11839191792524406
2147,0.11839191792524406
2148,-0.124952888260075
2149,-0.124952888260075
2150,0.136162135256793
2151,0.11839191792524406
2152,0.136162135256793
2153,0.136162135256793
2154,0.136162135256793
2155,0.11839191792524406
2156,-0.16969770255606842
2157,0.136162135256793
2158,0.136162135256793
2159,0.136162135256793
2160,-0.124952888260075
2161,-0.16969770255606842
2162,0.136162135256793
2163,-0.124952888260075
2164,0.136162135256793
