,pve
0,0.2874958119174366
1,0.11116509784263995
2,-0.6101391484932426
3,0.03310417253616382
4,0.05174911859396192
5,0.21888935886366478
6,-0.1528160848017106
7,0.11983715523608796
8,-0.12469951426893533
9,-0.013115568165651625
10,0.5129107336741539
11,-0.03892371553579044
12,0.23855832616797756
13,-0.16322172951374336
14,0.4284844002255813
15,-0.1902764834948134
16,-0.0033599397627797067
17,-0.5437343335084535
18,0.42105736037823266
19,0.12988823178757392
20,0.061154434847562
21,0.25782402834283324
22,-0.1657662974280536
23,0.1078736077765694
24,-0.010016909281857056
25,-0.41524190904047764
26,-0.8288024581479024
27,0.32469813300983247
28,-0.183251693763125
29,0.04588652859772824
30,0.02348497188727927
31,0.5036666304110338
32,0.34178077938844564
33,0.09141455939788545
34,-0.40763101349003283
35,0.45137883630649794
36,-0.31263754333537064
37,0.19017029506480437
38,-0.025401827574661917
39,0.46654823038488763
40,-0.27899836486957497
41,-0.18061374187606527
42,0.24147866047325284
43,-0.47211460129416094
44,-0.48320624850627714
45,-0.12928338660968874
46,0.12126372577455358
47,0.21086633282887163
48,0.23332529788424294
49,0.38203330251062095
50,-0.2025893965833594
51,0.18678360169344743
52,0.30248398392529896
53,-0.4408671310879848
54,-0.19798332838930577
55,0.1063024369359416
56,-0.046475415942501375
57,0.23409670484965872
58,0.28768627330582786
59,0.0269322638317695
60,0.1338482915670003
61,0.40580418243048266
62,0.3266721406649412
63,0.23846296620927565
64,0.30237989721582215
65,0.3743013241108915
66,0.40418302869450506
67,-0.46032270118475327
68,0.14989747857954588
69,-0.12258870336308902
70,0.13887976441722527
71,0.3284201481615568
72,-0.45382396883264964
73,-0.3836549577514182
74,-0.0860039790530367
75,-0.5473299537853691
76,0.13306399660792279
77,-0.4425608502559555
78,0.3101594160538925
79,0.16303367609571273
80,0.4795822260276861
81,-0.7349770022517709
82,0.5857842160640825
83,-0.002441893337710943
84,-0.09549479210365452
85,0.27126019025258485
86,0.2545040620286925
87,0.3277053960938349
88,0.39713126693126094
89,0.32167261251695933
90,0.19219274534907616
91,0.38483845825407403
92,0.031303166472892774
93,0.14979173668908763
94,-0.05145886268694022
95,-0.08025448717266748
96,-0.677401455027544
97,0.20823710582302685
98,0.34379594633187793
99,0.3284201481615568
100,-0.0029606606557875947
101,0.1921801917148569
102,-0.006231328443308093
103,0.3814136469722381
104,0.389972682586188
105,0.1089134692939433
106,0.13488012132119198
107,0.06222506758201074
108,0.03365398189788604
109,0.10470413250408472
110,-0.06551875346624414
111,0.05267898446910979
112,0.2629873421356006
113,0.45461295461361223
114,0.21366478694331215
115,-0.5672296474774925
116,0.6177848369417177
117,0.19167240557799758
118,-0.16614534538483383
119,-0.35713604056273285
120,0.19424097152471498
121,-0.09341614152453948
122,0.1073339699512264
123,-0.2740960269440329
124,-0.11462672015228348
125,0.08766927690719878
126,-0.02127576429621969
127,0.4145850544905335
128,0.39559715107448834
129,-0.9164394810393404
130,-0.4691594016071614
131,-0.7729797917894141
132,0.08252465894828565
133,0.10491036741294046
134,-0.3178475823390823
135,0.34436916411398477
136,0.25766197827511605
137,-0.18789379396074313
138,-0.1608820641969868
139,0.1570252021408512
140,-0.7373317150503038
141,-0.04180156620389641
142,-0.06929785836890578
143,0.6446778697929465
144,-0.12275410838110157
145,0.2937313782469486
146,0.18167053632320762
147,-0.19833689699419288
148,0.29143424227321324
149,-0.1360214608139717
150,0.057344956699478256
151,-0.03892371553579044
152,-0.7358578564051157
153,-0.04055552222075698
154,-0.24116287851794382
155,-0.03441796724389112
156,-0.28564167637432025
157,0.02034642657215402
158,0.1080069699059012
159,0.17030539382502752
160,0.32280988877190514
161,0.23855832616797756
162,0.2677480930405036
163,0.1379459514290199
164,0.10558507482908341
165,-0.37853795963741366
166,0.03223482789824117
167,0.21729457950151493
168,0.4032128878983121
169,-0.33673226519990673
170,0.02385939963223427
171,0.1054310446201438
172,-0.7369483505984014
173,0.1208450164931727
174,0.34870059708145534
175,-0.3204940632799066
176,-0.42753463243429424
177,0.4517363027131433
178,0.19341487324135054
179,-0.3586313470087069
180,0.3995771118132917
181,-0.03992115094088888
182,0.14463645536992542
183,0.15309610891373626
184,0.7329283087186325
185,0.05902188255556284
186,0.37487900591629963
187,-0.2311167153757796
188,-0.7244012362917307
189,0.2773111251421242
190,0.06392433137056297
191,0.14153741684333332
192,-0.4877329026962556
193,-0.2272176360428817
194,-0.22025028163340787
195,0.1900219734277715
196,0.19823743621295287
197,0.3025151301078043
198,0.2506820424624417
199,0.025930634802892483
200,-0.0675736590724989
201,0.5977388097827936
202,-0.6975609524210249
203,-1.046255620262807
204,0.5103884139188404
205,0.05026397028183782
206,-0.06684158532369655
207,-0.4714713865487976
208,0.3192868752275402
209,0.23392569040960687
210,0.46313097153084565
211,0.23360699062309492
212,0.1378896296604627
213,-0.061309897845976846
214,-0.0385950035999435
215,0.5187786029090083
216,0.15890281320085176
217,0.1508991232688458
218,0.1356581287885083
219,-0.20393955320209778
220,0.05228722667006985
221,0.1970382738724249
222,0.1420113242252392
223,-0.036910936703568265
224,-0.45739480945842215
225,0.16569932607916937
226,-0.3361160330617977
227,0.34178077938844564
228,-0.28309174240494284
229,-0.3491740970254019
230,-0.0945194634250518
231,-0.13552893696664692
232,-0.2406021424108481
233,-0.035945150095254785
234,0.3773962760956371
235,0.03617370722972646
236,0.21874496323370246
237,-0.6759806902563728
238,0.1438967507355503
239,0.10778859905860028
240,0.2700998999291597
241,-0.33189749123030376
242,-0.030891588155039118
243,-0.6190037066927183
244,0.18177418300757586
245,-0.1769220960732113
246,0.05398049359888746
247,0.661797938824809
248,-0.6210288656673579
249,0.04040719471482901
250,-0.4335781465214068
251,-0.6674417906763445
252,0.28567377880629075
253,-0.5912881341222087
254,0.4219476527479718
255,0.1376223225230403
256,0.008278048956124051
257,0.15775969778570798
258,-0.025414294720090713
259,0.3986621610549429
260,-0.10625778650415119
261,0.17921954550794594
262,-0.018829472771580202
263,0.30509460660556514
264,-0.28816645019449405
265,-0.1299736655982897
266,0.21460343552521188
267,-0.17453045751283913
268,0.13418635994592687
269,0.2519635202734729
270,-0.025414294720090713
271,-0.7078043088502313
272,-0.12372637676531739
273,0.1757382261000453
274,-0.19078578865761742
275,0.24004271017199158
276,0.3061603097917278
277,-0.05654147104712792
278,-0.04763121365021261
279,0.7112406689993704
280,-0.14422584891571233
281,0.015366847914381143
282,0.13539309929430088
283,-0.228959878092021
284,0.27286726830478747
285,0.1655241138238005
286,-0.03658084717796295
287,0.2359183910305538
288,0.22262371560157856
289,-0.07245726074206604
290,-0.024255196656896127
291,-0.11765130792757628
292,0.39323119643160065
293,0.01721069349596438
294,-0.281675629672136
295,-0.09935638582718953
296,-0.6803936729853967
297,-0.025793324894281877
298,0.33124657119747725
299,0.1444188023607461
300,0.2667501905933684
301,0.14536054447219043
302,0.37904124093106384
303,0.1921900590925053
304,-0.1001500228735629
305,0.3631956089183229
306,0.2842808478018185
307,0.46062671237817965
308,0.3839455554433331
309,-0.19061359982307013
310,0.13430918013350246
311,0.026126469504781258
312,0.37280654041469824
313,0.27889006451872267
314,-0.08602452121232751
315,-0.13075900063319312
316,0.4129670179241088
317,0.07941352925842904
318,0.21336659310450312
319,0.4134740593045297
320,0.35156663449015585
321,0.32420598531606326
322,0.10275538146297059
323,-0.01776427552903803
324,-0.4654753408225214
325,0.04097195602853254
326,-0.4416386438500445
327,0.2054840529688003
328,0.33124657119747725
329,-0.2074001618175868
330,0.17861455472458843
331,0.08002836951593939
332,0.07228733976934043
333,-0.03071655615236124
334,-0.02368672658682469
335,-0.15399000273709162
336,0.5330766246560328
337,0.3307582868792055
338,0.1618396157256849
339,-0.05633595497069621
340,-0.22918988259432238
341,-0.046916077861352545
342,0.30963971567074744
343,0.31892370529284286
344,0.1694222211017019
345,0.1347182449210253
346,0.2993307190996791
347,0.3056507503738063
348,0.3069650148252734
349,0.3063955056351887
350,0.1328564721350729
351,0.08766927690719878
352,0.3522738739837135
353,-0.022932297425565018
354,-0.12713332885154427
355,-0.530837325306573
356,0.16967521684844306
357,0.2031400311906667
358,0.3161206474914613
359,0.1506364277145501
360,-0.2928728810147837
361,0.24169701158051937
362,0.5625763768289727
363,0.25522356811351427
364,0.0432106092103377
365,-0.26203273401435645
366,0.12059757925152048
367,-0.6536493210446366
368,-0.30715516333444726
369,0.33157555967134644
370,-0.18494678629441452
371,-0.6183072954338871
372,-0.12504973180987777
373,-0.2994141233630935
374,-0.10562822135184269
375,-0.31266125040664594
376,0.28381340676301314
377,0.05285103148860454
378,0.016584272914119014
379,0.1810252662903502
380,0.3996030943784229
381,0.29354914517156977
382,0.08635607220738262
383,0.036477993066499736
384,-0.3795501254806297
385,-0.12333445102060225
386,0.24932557110646147
387,0.1491678855033114
388,0.5895686733633851
389,0.14697193541629328
390,-0.5995362121240135
391,0.09856600748024258
392,0.27054548017917773
393,0.21393280811202398
394,0.3930405768230949
395,0.24831867803754404
396,0.3059309600309482
397,-0.1381179886128301
398,-0.1640752234816134
399,0.12417997523458729
400,0.05239346457398364
401,-0.23363186572484207
402,0.0429984680568567
403,0.0955312577088403
404,-1.223581817330285
405,-0.10194032569512712
406,-0.07336164588831451
407,0.11706232512891435
408,0.3847366366429348
409,0.15697462376135585
410,0.3663878126277825
411,-0.3314571689220902
412,0.3995295000244851
413,-0.29242831322124996
414,-0.3571200878004791
415,0.08168774064828077
416,0.11379943047312074
417,-0.010921254136764702
418,-0.05675440030089607
419,0.006602935257626674
420,-0.07581317478423044
421,0.24227893503424447
422,-0.3406813204159509
423,-0.2036832275118181
424,-0.1042465524606705
425,-0.3482857230718517
426,-0.18829814144072987
427,-0.15516264770586963
428,-0.46556393471498525
429,-0.22213905044750637
430,-0.1271995022701653
431,0.5319219082219033
432,0.4103443002027109
433,-0.11630440676466691
434,-0.5304840593173127
435,-0.5704780566315277
436,-0.01592658980757866
437,0.24483129718049568
438,0.04827236901403831
439,0.5283859626545615
440,-0.02684298010866848
441,-0.1327683546391305
442,0.33695918537383324
443,-0.5455877257802837
444,0.014884124653168573
445,-0.1681246535672234
446,0.28135474171669256
447,0.0032165418155183367
448,-0.245806102148583
449,0.21418330075081227
450,0.11782825833744254
451,0.4087273234192157
452,-0.24655817814412617
453,0.17695648177582735
454,0.31716577308418326
455,0.1490057318714325
456,0.3319989264382893
457,-0.37651979090026166
458,0.3289770518711711
459,0.4172829258476181
460,0.10995138169166585
461,-0.3295945294061807
462,0.40226814737355704
463,-0.11747295512993317
464,-0.07100013284980977
465,0.09626639045272511
466,0.015059538576683518
467,-0.04845908594685788
468,0.10889241678716688
469,-0.01803702626335124
470,-0.2441875762261848
471,-0.35905052455602093
472,-0.10785437069952308
473,0.37487900591629963
474,0.07466377873849872
475,0.32850201535136614
476,-0.1314104075360536
477,-0.14113657410714764
478,-0.09186325111641702
479,-0.3352847700469389
480,-0.2466227402109631
481,0.03707892146434799
482,-0.1940727493001695
483,0.5561717388068639
484,0.36977476986604013
485,0.028631207794340696
486,0.049298153814466006
487,0.20974428759629532
488,0.23331980531368723
489,-0.26482278381320623
490,0.18766367857238175
491,-0.28036038996623347
492,0.18803702404157685
493,0.027372702669017368
494,0.10428636517431661
495,0.38992329677834237
496,0.28218429092051167
497,0.39959042371949605
498,0.044043905980131304
499,0.051201543766133506
500,-0.11474668496473261
501,-0.2290675130861416
502,0.013991565412586504
503,-0.25623117576280585
504,-0.14631643705031983
505,0.0954908556269578
506,0.05038136470158355
507,-0.9090011480357107
508,0.08103717486493489
509,0.22880750200821987
510,0.30993856944253534
511,0.24305036600529367
512,0.2256858539986759
513,-0.31868659979499225
514,0.26239707987250727
515,0.015842378203740126
516,0.3279200819388376
517,-0.22535317390390963
518,0.347734477989638
519,-0.02356663260227121
520,0.14676711586649271
521,0.1080069699059012
522,0.09763129132795789
523,0.3456311771946149
524,0.18248198311221675
525,0.18034631201344464
526,-0.032743475895850915
527,-0.7588317343102049
528,0.04797636413554929
529,0.5405236556964284
530,-0.038075025901206816
531,-0.09360780213298603
532,0.1560197679804678
533,-0.09641797359099602
534,-0.19454462138953899
535,0.11070085620035153
536,0.2131855973264798
537,-0.01426684471045081
538,-0.3591335360710085
539,-0.06153995832589787
540,0.21742187840020577
541,0.0650873989110552
542,-0.503445343259116
543,0.19400546580447653
544,0.4505677568041284
545,0.016584272914119014
546,-0.08594129713027199
547,0.08132884411199315
548,0.3688482692953147
549,0.16366198995151438
550,-0.11821350918322704
551,0.035098119465935884
552,0.10473716636743846
553,-0.7062126332039292
554,0.38417796057600895
555,0.38948839750778175
556,-0.019937764150202986
557,-0.9405684369909058
558,-0.2508472242527098
559,0.1226994011950151
560,0.4028612127912665
561,-0.2987599320431772
562,-0.4200759138175144
563,0.24791312653031183
564,0.2479664056456738
565,-0.06840694803466996
566,0.01981591776002989
567,0.03738049692650658
568,-0.6720410709528897
569,0.2955903890441257
570,0.2801725782367164
571,-0.9828090703656474
572,0.35953081864491765
573,0.24797534092808737
574,0.18094334149588476
575,0.10906534442054383
576,0.2895927113172381
577,-0.31983868232610313
578,0.3348229825875825
579,-0.0880173010560481
580,0.12971477749030746
581,-0.6028133278061942
582,0.042222920865923164
583,0.049906256893396006
584,-0.5695347306645615
585,-0.2156760514387096
586,-0.040159433045309445
587,0.12756898470546763
588,0.00783555216156362
589,-0.22284236834824278
590,0.1915598812153158
591,0.5105730070732989
592,-0.028877915900079043
593,0.32208788483433975
594,-0.2780409594430612
595,-0.008194092788385565
596,0.07424810552844974
597,0.16105177114386737
598,0.18179402925510235
599,0.41043330759861074
600,0.16143900040680914
601,0.12993240403389816
602,0.10230606858776281
603,-0.5393976198512721
604,-0.07189905764467464
605,0.14916865955820713
606,0.09626639045272511
607,-0.04110041863517233
608,-0.08008043685076494
609,0.428643154469906
610,-0.3769805615507671
611,0.36275707559556153
612,0.4235403844700345
613,0.00021262023742041336
614,-0.0020679894629240803
615,-0.250174971437257
616,0.3996117545900314
617,-0.4926715567538129
618,8.327736575197697e-05
619,-0.575364417557535
620,-0.5169042616197622
621,0.24305036600529367
622,0.3206278519140261
623,0.03415055757913943
624,0.08749037664942794
625,-0.3997123160714777
626,-0.29756241368152414
627,0.4574088604366974
628,0.24253323970369678
629,0.16108231253575156
630,-0.04449138214483073
631,0.19823769623704024
632,0.12915026389879458
633,-0.02699780904289817
634,0.0018827349062787713
635,-0.07510987002344693
636,-0.32912831682831245
637,0.049761646510962376
638,-0.7532559824827599
639,0.04075515237756888
640,0.09758297638209051
641,0.10650863788663423
642,0.3123107640531092
643,-0.2276711013894427
644,0.13914290013418334
645,0.2719017312142954
646,-0.1176687164594542
647,0.18520532173390208
648,0.11287523704675095
649,-0.2733093041234972
650,-0.26743782232707647
651,0.41994604516241735
652,0.07878876145798275
653,-0.09090806407965535
654,0.05398049359888746
655,0.5325176975869179
656,0.43614612898169147
657,0.43803623991364066
658,0.6074130787116638
659,-0.16198334584336482
660,0.05174911859396192
661,0.3061603097917278
662,0.40659086007754275
663,0.02385939963223427
664,0.40423426192817735
665,-0.17450596712597022
666,0.2809721428116324
667,0.4235596138196701
668,-0.2858366796526969
669,0.191962635284179
670,0.26641734290953556
671,0.40527989784157903
672,0.024417161474678428
673,0.3849773537781361
674,0.04056231430674151
675,0.09061493456104308
676,0.29987720354984293
677,0.5991316569099414
678,-0.069353504429012
679,0.37778444119792576
680,-0.6323689523624443
681,0.1491678855033114
682,-0.01132096422441864
683,0.3570333422466574
684,-0.1897470072855847
685,-0.3678372093959118
686,0.40898588987877643
687,0.10548419334696746
688,-0.36552569917207867
689,0.22168620579593734
690,0.1744570043310234
691,-0.14437207475418157
692,0.2974156056657563
693,-0.3427812611617145
694,0.11246728997010497
695,0.5000867398264905
696,-0.15153532384038337
697,-0.261523421954421
698,-0.2000481452258429
699,0.23837442200920045
700,0.2727462796340846
701,-0.17387694088703376
702,0.425964123381534
703,-0.009498478079512096
704,-0.031151606325894643
705,0.04204842812963239
706,-0.03293239521671598
707,0.36944423656781566
708,0.05351227018838667
709,0.10063717271032702
710,0.10197876978803977
711,0.1533283626643458
712,-0.14985388350297102
713,0.19236399636644164
714,-0.13755605648884517
715,0.5491829962235111
716,0.49490728615102275
717,0.09550588568222595
718,0.1162788060738465
719,0.07556153600422255
720,0.5975640272001328
721,0.33147226099719285
722,-0.14655849144041244
723,-0.41741522328648617
724,0.3014459928641188
725,0.17416416323425865
726,-0.16737434996089706
727,0.21051729753218051
728,0.36794983030474726
729,0.4377742467186827
730,0.3337551101614067
731,-0.09797158182926136
732,0.32724466684942444
733,0.2506820424624417
734,-0.1148940693366477
735,0.016160556234979806
736,0.23676629562000362
737,-0.005867010498384007
738,0.2563390317123072
739,0.0367023755005762
740,-0.05633595497069621
741,-0.19625259142826046
742,0.02180506604402821
743,-0.024255196656896127
744,-1.0317575448831051
745,-0.12735908496436754
746,0.4459517500794896
747,0.19745501935841203
748,0.2564557348793241
749,0.2740912085196091
750,-0.173450346961727
751,-0.13770533042427047
752,0.4461647315856244
753,-0.04240961432540291
754,-0.07559525578029891
755,0.09693455071839785
756,0.06861216106070545
757,0.26405139934813593
758,0.09402071155094921
759,0.14276151295676726
760,-0.5400272755641049
761,0.33695519407065355
762,-0.10755970894991362
763,0.5322253485908435
764,0.040266972401157786
765,0.0649509858533287
766,0.22453069249022517
767,0.16901018018390468
768,0.5384343681430724
769,0.22890702425777265
770,-0.7210878207201894
771,-0.18839462897343817
772,0.4843446586866888
773,-0.2500654572594512
774,-0.030891588155039118
775,0.3767118051535378
776,0.17227189660285092
777,0.22310397834372758
778,0.20419477161549793
779,-0.2012803738532668
780,0.2864388714279793
781,-0.7675017536265412
782,0.1634902010958761
783,-0.22698835104912152
784,-0.654968558350401
785,0.21291673732528127
786,0.15492716030302828
787,-0.3018543313350328
788,0.2569386499260913
789,0.38099417355205245
790,-0.01589832661153412
791,0.07041252827901545
792,0.4825370141064676
793,0.3479561670105761
794,-0.2197980943344272
795,0.439177173194133
796,-1.0706699941448952
797,0.31345242470459067
798,0.5026895871285296
799,0.344731495195326
800,0.1012216277054927
801,0.21032601610758273
802,-0.03180653461358007
803,0.032166690490252114
804,0.09924737580170184
805,-0.29451268863563185
806,0.35610061408531957
807,0.1485358814623181
808,-0.0805186748918959
809,0.26183557231758803
810,-0.03784150119548246
811,0.26594959617293834
812,-0.04686408371958162
813,0.41540923213886094
814,0.18905941818537958
815,0.5437899438931149
816,0.20967995685878232
817,0.2631449134656305
818,0.3169307426886896
819,0.2893541257893252
820,-0.12783995308847718
821,0.3242903767923555
822,0.22940462681863716
823,0.2507380839395947
824,0.398993672878899
825,-0.025414294720090713
826,0.05773896831848058
827,0.4727592081644873
828,0.13819016104621695
829,0.3513270615743627
830,-0.18134202200687932
831,0.3121085563527355
832,-0.0289392830066586
833,-0.35908872664421165
834,-0.09225872448098338
835,0.04072781713693174
836,-0.07522692385093976
837,0.5408897255269831
838,-0.478716602813849
839,-0.010704688617831026
840,0.2113014403279212
841,0.08737376257851381
842,-0.9009734675069194
843,0.5172451915948053
844,0.5490901667365126
845,0.1336315248695128
846,0.2839086264247337
847,0.16666879129429568
848,0.28717834078128734
849,0.06973307064711132
850,-0.17568482025417143
851,-0.2000481452258429
852,-0.7964810769737652
853,-1.0251488822674004
854,0.37454122362834846
855,0.23137899580086163
856,0.28591797684998577
857,0.42099966427466334
858,0.16224737706956566
859,-0.2815875033648324
860,0.2478644944673145
861,-0.3684373130350024
862,-0.12401960514133503
863,0.3248771666263385
864,-0.15128121325382016
865,0.22746108667267384
866,0.08431282652866984
867,-0.11264323816072042
868,0.03240731125643992
869,0.2801781959892523
870,0.30730359844652155
871,0.25981784918052386
872,-0.06229143482077759
873,0.14981255694971085
874,-0.014452486152924937
875,-0.3457445934150256
876,-0.0803028999113361
877,0.4843184681164347
878,0.06565759787242476
879,0.16096364228120408
880,-0.17619329006573825
881,-0.11627887630619571
882,0.2408977508354977
883,-0.019293552055657748
884,0.13819016104621695
885,0.3468997736905687
886,-0.2691328275157897
887,0.22251240505790448
888,0.2102078380137387
889,0.3056835540124696
890,-0.13462622912152555
891,0.3904153523433179
892,0.22406429341877887
893,0.2809509756139412
894,0.1080069699059012
895,-0.02264853528078603
896,0.05267898446910979
897,0.1033272515471817
898,0.3677559482099594
899,0.13565690143910247
900,0.21246783669301605
901,-0.05588213638962081
902,-0.32708254984968854
903,0.2910420574674776
904,0.36938000463153003
905,-0.5551375344329612
906,0.07241317740720937
907,0.14631238581774653
908,-0.008098484579639798
909,-0.16702323381151118
910,-0.0981426100700582
911,0.09664008937110186
912,0.1370765772200413
913,0.17407430249173528
914,0.3254918067122468
915,-0.314349128132151
916,0.0707914209054118
917,-0.4838495306579672
918,-0.1889829613025984
919,0.13887271749527125
920,0.1253391694158792
921,0.24959562586702116
922,-0.6060519575731329
923,-0.815967746866743
924,-0.1746373580132239
925,0.18862474377310545
926,0.168718861446578
927,0.29083501269607415
928,0.08050963141669631
929,0.047634144580721016
930,0.10489025109855882
931,0.24827794164794875
932,-0.2062992345962369
933,-0.1215968437005146
934,0.25801597844570767
935,0.07032694323849259
936,-0.08699417776436624
937,0.4612905077678308
938,0.1463331101885832
939,0.29646391737669775
940,-0.17619329006573825
941,0.049707959591900885
942,0.3010055042296518
943,0.1680646775579061
944,-0.43315094946234445
945,-1.0781060922032135
946,0.14731450680578717
947,0.1303295414224323
948,0.16769076446050046
949,0.23779257671473408
950,0.1786079853071179
951,0.18233130362641004
952,-0.3274165908281411
953,0.4234070419945396
954,0.09947087784949116
955,-0.47933024572682636
956,0.46297441950849016
957,0.14032673456594025
958,0.12465240959872897
959,0.4916079279326722
960,-0.4030619328586216
961,0.07784981200511754
962,0.572092300874496
963,-0.0061007836620751155
964,0.22569474422923508
965,0.43898383213746317
966,-0.12658094521819807
967,0.029974245221501494
968,0.15062580520260493
969,-0.05946187427345351
970,0.3425058862552687
971,0.38479389930620644
972,0.11602238705607282
973,0.22429293992514837
974,0.3999705891120415
975,0.33566863588911544
976,0.1592145114455965
977,0.17581175756102568
978,-0.3434907106597199
979,0.15536690316326596
980,0.07198297888217853
981,0.22175768135215734
982,-0.004639653114126396
983,-0.1818788653929856
984,-0.8172707306688607
985,-0.08634329079775238
986,0.010487765858024578
987,-0.01693853414228652
988,-0.03180653461358007
989,0.12997033082015153
990,0.24273595452402286
991,0.2759240529001902
992,0.36275707559556153
993,0.19849981774501502
994,-0.011738176513198084
995,-0.6773182059364455
996,-0.2655267033680019
997,0.4290366494377429
998,0.27850953681324186
999,0.16014124108861483
1000,-0.021526108348422168
1001,-0.15493712419176875
1002,0.428252010589698
1003,0.38333814713063596
1004,0.3194037690129946
1005,-0.3920610195923677
1006,0.37529965730926607
1007,0.45386655164365514
1008,0.5923911481277294
1009,0.004358894364938193
1010,-0.25666154553801923
1011,-0.6452712837170336
1012,0.32683469381130315
1013,-0.15475241322332955
1014,-0.047941466821536105
1015,0.2043126373950519
1016,-0.6377243083096861
1017,0.3951928128038996
1018,-0.11878397351492309
1019,0.13611472738483582
1020,0.4345252211541015
1021,-0.16576447670783412
1022,0.07761877385536609
1023,0.08319005838613946
1024,0.3564851914132383
1025,0.21063292419174756
1026,0.21020759215881002
1027,0.21314762131897996
1028,0.35610061408531957
1029,0.10275538146297059
1030,-0.09874629462245199
1031,0.2517089609295154
1032,-0.2711530511340081
1033,-0.2923211395150299
1034,-0.28580289009533844
1035,-0.16549350099078775
1036,0.3069591603482078
1037,-0.007624691559001917
1038,-0.27133983964463015
1039,0.23166536010732042
1040,0.2338489166533526
1041,0.165732423894018
1042,0.14548753756269361
1043,-0.21115496304444992
1044,-0.5606146968313697
1045,-0.06411283550945335
1046,0.4658823238811151
1047,0.03730002628976159
1048,0.39563110114433375
1049,0.38417796057600895
1050,-0.193266742991815
1051,0.11782825833744254
1052,0.10094760995387186
1053,0.04040719471482901
1054,0.31798189253792675
1055,0.27851000776535995
1056,0.29496112152862447
1057,-0.0544659956219935
1058,0.16328484142445715
1059,-0.04230570327792205
1060,0.2234230023143382
1061,-0.058069691952590485
1062,0.047611310070234
1063,0.306651747937344
1064,0.09937366450203361
1065,0.37357447134674593
1066,0.10581064651771405
1067,0.0017608699826618945
1068,0.10304328809284152
1069,-0.2260133336270339
1070,-0.004614133967219214
1071,0.01951788674257271
1072,0.08887958239910176
1073,-0.1292147837604769
1074,0.44159106958506567
1075,0.4233087402594484
1076,0.10799878256753881
1077,0.12297345547586674
1078,-0.3113666690590141
1079,0.13686789844266406
1080,0.5344509357882239
1081,-0.23631461482989002
1082,0.28093098407958994
1083,-0.1001500228735629
1084,0.44305261194411594
1085,-0.7355096973566091
1086,0.08937319668153432
1087,0.40725673761058234
1088,0.582988463524666
1089,-0.19434017469442522
1090,0.28908606619515
1091,0.36275707559556153
1092,0.13155082725900336
1093,-0.16143763261580157
1094,-0.37059883595694243
1095,0.050612227504539975
1096,0.40553608351548504
1097,0.1104015721227381
1098,0.22322672014043576
1099,0.01916185425809347
1100,0.2701664935354951
1101,-0.03561619395181859
1102,-0.36712664038186704
1103,-0.2748944402670721
1104,0.37589794193593506
1105,0.17409586586930842
1106,-0.6780142112579368
1107,0.3686492914133358
1108,0.3381078368833975
1109,0.30844360111122204
1110,-0.39664287747563054
1111,-0.012551227125698783
1112,0.5822994376481105
1113,-0.5998800833996287
1114,-0.5937176144286926
1115,0.3397507846274441
1116,0.31560851547285307
1117,-0.2825826720699799
1118,0.1786280711518322
1119,-0.7338135043477516
1120,0.32440135446277973
1121,0.4280210407645698
1122,0.3045196097690551
1123,-0.28332750321140965
1124,0.07143344038946409
1125,0.33771408465456443
1126,-0.38557016360496044
1127,0.404675589209728
1128,0.24058237280021127
1129,0.2731270041271241
1130,-0.2419811553234198
1131,-0.3954634109247239
1132,-0.14744391209078622
1133,0.40833983377589433
1134,0.10275538146297059
1135,0.11490305528143041
1136,0.11021696795347452
1137,0.27952797603668345
1138,0.5773820306696656
1139,0.2799922738111115
1140,0.2512315772733445
1141,-0.009625140089442707
1142,-0.01690188594204456
1143,0.07608392547869935
1144,0.10434179162133816
1145,-0.014902714382502569
1146,0.3941452270315827
1147,0.060425876578212634
1148,-0.024937027923826682
1149,-0.060064845232083997
1150,0.04086277258164672
1151,0.21131514985954247
1152,-0.10695266243694201
1153,-0.07769945387607902
1154,-0.5655941688299185
1155,-0.4548322207537657
1156,0.05975594852644783
1157,-0.25234949342934654
1158,0.020832659584569257
1159,0.3363479986178636
1160,0.18803702404157685
1161,0.1104015721227381
1162,0.3078773961232034
1163,0.17530666829282104
1164,0.5535858541291526
1165,0.2354393116756488
1166,0.03405225114050581
1167,-1.0413482615809837
1168,0.3014076886459328
1169,-0.2536280114038202
1170,0.2859683266847602
1171,0.06382604306413908
1172,-0.9893101003143654
1173,0.1055517871483953
1174,-0.09805328246538647
1175,-0.04643835895589199
1176,-0.16188030587623403
1177,-0.5393627436852388
1178,-0.2156760514387096
1179,-0.07781340445783147
1180,0.1668311386382274
1181,-0.4258349720057698
1182,0.16143900040680914
1183,0.23518739796097443
1184,0.555982808615117
1185,-0.04929968632783155
1186,-0.21842603200748667
1187,-0.6527619138910895
1188,0.112931305336618
1189,-0.5712810753026876
1190,-0.7992673491086024
1191,0.1728931813719341
1192,0.2798075601888377
1193,-0.21038538407401774
1194,0.5277738654233892
1195,0.3611597676181092
1196,0.0869882553837622
1197,0.28606441829530477
1198,0.1961936902994148
1199,0.16666879129429568
1200,0.4129895450008233
1201,0.21418330075081227
1202,-0.2000481452258429
1203,-0.2074001618175868
1204,-0.15640078257840584
1205,0.1208450164931727
1206,-0.34055332318993137
1207,-0.04330748409786189
1208,0.38861986202128823
1209,0.12840622045573769
1210,-0.0655315086177436
1211,0.15695359699329509
1212,-0.7654357260093259
1213,0.17412653073393908
1214,0.17817714891936498
1215,0.6443340024625895
1216,0.19359505299483604
1217,0.12817333080798415
1218,0.1498340586220091
1219,0.005322139412905713
1220,0.030471078490852843
1221,-0.07258944816106028
1222,0.4685131744909108
1223,-0.5171092213069284
1224,0.26961899722401944
1225,0.12489046784453173
1226,-0.025179060796884145
1227,-0.028557213370864254
1228,0.05686276753884012
1229,0.480646634577046
1230,0.5271650955026669
1231,0.12178305699465342
1232,0.47471783469605044
1233,0.18596616898609408
1234,-0.2791960134850293
1235,-0.5838104456673403
1236,0.125713763093656
1237,0.07586597714761578
1238,-0.14967307387301843
1239,0.17009675422394271
1240,-0.18973057802549587
1241,0.0029030918520218663
1242,0.34246943955147696
1243,0.05579975697428907
1244,-0.11832513166508696
1245,-0.6931102098790881
1246,0.11268287867958438
1247,0.10108324970373261
1248,0.31934731067363886
1249,0.2966964092886983
1250,-0.19425431635714863
1251,0.0796753067670164
1252,0.04610211692159949
1253,-0.10159216942458293
1254,0.035619403967016794
1255,0.045626389977126314
1256,-0.32729760360658744
1257,-0.5811599764239552
1258,-0.3603365362712416
1259,0.16404285202055302
1260,0.2080799295782202
1261,0.348142157411801
1262,0.10741543414443666
1263,-0.1690760970302847
1264,0.7051294592876637
1265,0.2696852847231056
1266,0.035619403967016794
1267,0.05291561426314695
1268,0.0325584652480847
1269,0.06389797291026988
1270,-0.2298843508825249
1271,0.37716383956877264
1272,-0.2330905995174557
1273,-0.23762499457477593
1274,-0.056080943533218575
1275,0.15875452802140133
1276,-0.18839462897343817
1277,0.3681405774155315
1278,0.042766344124431144
1279,-1.1348053148728736
1280,0.07072005645344703
1281,0.3583752831254505
1282,-0.15493712419176875
1283,-0.07847739722669411
1284,0.23723327254629845
1285,-0.32158681652509435
1286,0.1691913369561116
1287,0.3769622837958825
1288,-0.227476048217913
1289,0.026290368018814236
1290,0.4486737658236325
1291,-0.6043534907974959
1292,-0.3664814763624218
1293,0.42234056651738694
1294,0.16110575428835727
1295,-0.20191953758086945
1296,0.014359601972155911
1297,0.1181947166105431
1298,0.16479249927175016
1299,0.30289046942358633
1300,0.05174911859396192
1301,0.41662992019761236
1302,0.012612603078018148
1303,0.5019197977520611
1304,-0.45462808441917435
1305,-0.419017839749355
1306,-0.044080054830964555
1307,0.1583081770306668
1308,0.39929717108947377
1309,0.21862999369160635
1310,0.5762043034553239
1311,0.3076016024899187
1312,0.23303873434809008
1313,0.015366847914381143
1314,-0.015984327878760918
1315,0.13672013565699703
1316,-0.006990915896453953
1317,-1.3477119184356297
1318,0.03405191304118338
1319,0.3189425541568972
1320,0.4685131744909108
1321,0.16222328491006527
1322,0.4284803397269552
1323,-1.0948670000785472
1324,-0.02367145555417982
1325,0.1744570043310234
1326,0.37611290718036217
1327,0.3329417842877798
1328,0.18178871599294488
1329,-0.14170109202473646
1330,-0.2521490424979692
1331,-0.19497737229132828
1332,0.11666091299681347
1333,0.19283527969877612
1334,0.15964671302701294
1335,0.38992329677834237
1336,-0.3035819273492414
1337,0.10331964017259287
1338,0.18725491962305485
1339,0.32124588157674694
1340,-0.7678752843916348
1341,-0.5654403961185397
1342,-0.023555116320710168
1343,0.16294105295174494
1344,0.10171013856997668
1345,0.12335588041675799
1346,0.23551467246213076
1347,-0.649258181072659
1348,-0.2074001618175868
1349,-0.7052101936544669
1350,-0.16062593154778548
1351,0.3153755880819946
1352,-0.4890967361665026
1353,-0.03671312445627506
1354,-0.34353180021865304
1355,0.21637683848714268
1356,-0.07100013284980977
1357,0.08635607220738262
1358,0.30947342228519564
1359,-0.024993046715780842
1360,0.23512506492094282
1361,-0.15932019077102
1362,0.46047378071003475
1363,-0.007624691559001917
1364,-0.15896553469128305
1365,-0.06877846292684797
1366,-0.10467363972529675
1367,-0.006429735177528539
1368,0.05551243607890788
1369,0.1608345209515178
1370,0.16280730796217502
1371,-0.08214527479053646
1372,0.43233556529412553
1373,0.04595803289575695
1374,0.28098353624452677
1375,0.43704394100204697
1376,-0.22004240422519972
1377,0.3224439720192354
1378,0.2519635202734729
1379,-0.24347007773837426
1380,-0.04868258526263303
1381,-0.3405236831748435
1382,0.28007335448069187
1383,0.013991565412586504
1384,0.44398258749050845
1385,0.1471982475411413
1386,-0.5633315316095537
1387,-0.1460224942831958
1388,0.3515255747875315
1389,0.3616723318054645
1390,-0.02377525728454377
1391,0.1134922016752411
1392,0.37695973460025073
1393,0.1033272515471817
1394,0.35798483826277944
1395,0.24564495009888798
1396,-0.5437343335084535
1397,-0.32152171371381
1398,-0.013507280802875776
1399,-0.12275410838110157
1400,0.10044651252426462
1401,-0.3710207317626677
1402,-0.3453538594351545
1403,-0.2515930874540132
1404,-0.012677320022894234
1405,-0.2693595373056995
1406,-0.3437665829639457
1407,0.6925311215055462
1408,-0.3836549577514182
1409,0.2379378177892264
1410,0.3461144085676704
1411,0.5021479867015135
1412,0.4139703503865425
1413,0.19855836321375808
1414,-0.008098484579639798
1415,0.2991057724158743
1416,0.23130843617411845
1417,-1.4006255164596255
1418,0.28059845961959
1419,-0.3124346841171074
1420,0.5551604158530987
1421,-0.09775079986214419
1422,0.18803702404157685
1423,-0.056968957594424774
1424,0.20829965199038436
1425,0.10548419334696746
1426,-0.26830629526742256
1427,-0.04055552222075698
1428,0.29863740619942564
1429,0.3278468295561285
1430,0.010510722484621149
1431,-0.17338057743631208
1432,0.03381873766780985
1433,0.1690320776780299
1434,0.04952423805847328
1435,0.5530982046584145
1436,0.12489046784453173
1437,0.3057495745449925
1438,0.005606042174200798
1439,-0.03996038354292886
1440,0.18399060517758803
1441,-0.0037729849398462356
1442,0.1080069699059012
1443,-0.31266125040664594
1444,0.26880687454554175
1445,0.1072806450212902
1446,-0.050153205189391925
1447,0.3511426570960109
1448,-0.08634329079775238
1449,0.011810758472197258
1450,-0.1939736831643034
1451,0.17010549110833384
1452,0.35455645675266684
1453,-0.11807732782789004
1454,0.17842951734596096
1455,0.35190166072979173
1456,0.26177304337349205
1457,-0.10562822135184269
1458,0.43623911807693216
1459,-0.45545955625775625
1460,-0.31240006254256725
1461,0.5074479857275545
1462,0.13001321519342446
1463,-0.1382713493038954
1464,-0.09516075223087561
1465,0.30947342228519564
1466,0.15518616002257313
1467,0.0063175646371146366
1468,0.32154901176704226
1469,-0.3773816668517571
1470,0.1033272515471817
1471,0.5774698243285399
1472,-0.04535410751749036
1473,0.1563225836618043
1474,0.16050671436372244
1475,0.05056205170797978
1476,0.33618195573990606
1477,0.0027736752708316104
1478,0.4284803397269552
1479,-0.11821350918322704
1480,0.1206342785234682
1481,-0.4016436514017673
1482,0.27230957522235677
1483,0.17895533683289644
1484,-0.38890695577261747
1485,0.016584272914119014
1486,-0.4072775060337873
1487,-0.25552569928417057
1488,-0.18398679550733799
1489,-0.1001500228735629
1490,-0.1709585471091838
1491,0.11813678047497611
1492,-0.019322766233483057
1493,0.1208450164931727
1494,0.4091065090816668
1495,-0.22326439714625756
1496,0.16707693326228235
1497,-1.070602891694544
1498,-0.4428345127309168
1499,0.10772652245382963
1500,0.2696327651947023
1501,0.33157555967134644
1502,-0.5676100659734531
1503,0.40423426192817735
1504,-0.16198334584336482
1505,0.32277591045140086
1506,0.2676747977437284
1507,-0.21384232230398081
1508,-0.056162286435564646
1509,0.015851428154539215
1510,0.1253391694158792
1511,-0.8261434552918008
1512,-0.23410469522922728
1513,-0.09856337131191029
1514,-0.004092005510632046
1515,0.3950269725999939
1516,0.2711278212335307
1517,-0.10566288503568988
1518,-0.12159986150992685
1519,0.06351098891109175
1520,-0.34777989156710776
1521,0.09550588568222595
1522,0.048198260350770794
1523,-0.20016224164695895
1524,-0.6180049565764179
1525,0.07041252827901545
1526,0.15890449973661824
1527,-0.28350505674619675
1528,0.35649672576924213
1529,0.36925455143006214
1530,-0.1385186030487543
1531,0.14768679406498558
1532,-0.22782326170685063
1533,0.2629751114533865
1534,-0.09775079986214419
1535,0.270584224466087
1536,0.3235418491836669
1537,0.45434782753929664
1538,0.2972811955355857
1539,-0.25641102244926217
1540,-0.15340880472567475
1541,0.30805951012865956
1542,-0.17450596712597022
1543,0.05929001672492307
1544,-0.05831174202938194
1545,0.3340081070480187
1546,0.2435237815204614
1547,-0.008098484579639798
1548,-0.03892371553579044
1549,-0.24197931992564248
1550,-0.11902013118312682
1551,0.13809083989871762
1552,0.39543133253593477
1553,-0.088459058522665
1554,0.2664286054565612
1555,0.40342717515480436
1556,0.6383223162365008
1557,0.2661640253027766
1558,-0.17619329006573825
1559,0.3579271681682972
1560,0.222637453488297
1561,0.364540040736807
1562,-0.04643835895589199
1563,0.29798374823206664
1564,-0.5698548860896329
1565,0.43865071558876423
1566,0.1376223225230403
1567,0.3642148753328332
1568,0.27275752331737174
1569,0.09142937482397939
1570,-0.46556393471498525
1571,0.2692646174124221
1572,-0.21463364018845676
1573,-0.04964357766956118
1574,-0.22923886145558836
1575,-0.06491115569296402
1576,-0.14330717528766357
1577,0.20693122700322425
1578,0.1410597567443297
1579,0.410532549037079
1580,0.06085928796898632
1581,0.10915674518058571
1582,0.14133246066499433
1583,0.36938000463153003
1584,0.40245125252038527
1585,0.11826477998487417
1586,0.5803512832746406
1587,-0.11497578330219815
1588,-0.49517184071415155
1589,-0.6117159711999738
1590,0.35638358669523684
1591,0.15169648163217186
1592,0.3091658928775016
1593,0.31437927416358813
1594,-0.3064550567639336
1595,-0.06653850243583537
1596,0.36755795962058313
1597,0.016160556234979806
1598,-0.014922678321584892
1599,0.18045635591445558
1600,0.25866040912056876
1601,0.0678458774776452
1602,-0.059563022103797936
1603,0.2519635202734729
1604,0.16447421821746266
1605,-0.12833755364554778
1606,0.3647489280568039
1607,0.3279200819388376
1608,-0.2542620187703579
1609,0.21032862827321352
1610,0.3783649972640559
1611,-0.24554514194559396
1612,-0.2494469016526618
1613,0.5152719308120042
1614,-0.19496334080946587
1615,0.09198108503422264
1616,-0.06160283230521513
1617,-0.06539076219652018
1618,-0.007722816023261192
1619,-0.22704668035247066
1620,-0.3479655672500285
1621,-0.09729576572121723
1622,-0.14113657410714764
1623,-0.17187194147561802
1624,-0.2579374974530507
1625,-0.3035195283171507
1626,-0.18045737651826066
1627,0.2969310996006761
1628,-0.4021987804058047
1629,0.1376223225230403
1630,-0.056968957594424774
1631,0.15580078711804457
1632,0.2160414381942496
1633,0.10984756993524203
1634,-0.06744155397303653
1635,0.36868161918794407
1636,0.004479069853957851
1637,-0.20335502920896598
1638,0.28083948228814304
1639,0.36313273552114933
1640,0.05233226218717513
1641,0.04453800972322364
1642,0.0596918937304326
1643,0.11310176689433021
1644,0.3640269473574246
1645,0.3873462721710009
1646,-0.17935126848756422
1647,0.3351155566133813
1648,-0.06653850243583537
1649,-0.05114045659382804
1650,0.23138703720568687
1651,0.10464035112726866
1652,-0.9543451983762209
1653,0.26788384282142585
1654,-0.01693853414228652
1655,0.1911218960520511
1656,-0.28580289009533844
1657,-0.09575871911300227
1658,0.003246943551721948
1659,0.1351190022532595
1660,-0.2157557099225036
1661,0.28954191812279073
1662,-0.7733589537792631
1663,-0.13971715477100888
1664,0.0855979933223665
1665,0.23652462304148447
1666,-0.12486533191898741
1667,0.046033725633410905
1668,0.004479069853957851
1669,-0.19524066417092334
1670,-0.09728398206973754
1671,-0.003724071144069696
1672,-0.060297214600391946
1673,0.1328564721350729
1674,0.5437899438931149
1675,-0.9313360454113603
1676,0.13326125398115118
1677,0.230577691120401
1678,-0.801027923431486
1679,-0.13802810400118493
1680,0.134468830123055
1681,-0.022932297425565018
1682,0.2274817363210046
1683,0.10772046823299114
1684,0.33951002140942454
1685,0.36628913289869036
1686,-1.0544811852223575
1687,0.13796451623434497
1688,0.21522574907490544
1689,0.00901371160467157
1690,-0.21686495778114256
1691,0.5658511721981384
1692,-0.11910708913602441
1693,0.31080180823417136
1694,-0.436089423915726
1695,0.27447128894096723
1696,0.12135756315087853
1697,-0.5380428886525985
1698,0.05059759097266403
1699,-0.1317889715027154
1700,0.0961532742924005
1701,0.41448687013956226
1702,0.11665417296826908
1703,-0.40632596542070765
1704,-0.11832513166508696
1705,0.05267898446910979
1706,0.5314368952328894
1707,0.04952423805847328
1708,-0.1877278291593043
1709,-0.12841784346285467
1710,0.295112770510108
1711,0.23600017330928003
1712,0.15694628444519848
1713,0.3090070100809288
1714,-0.28228321277170976
1715,-0.5696245766808679
1716,-0.07086260050566517
1717,0.43615343161647036
1718,0.1582702816301405
1719,0.1547666858552763
1720,0.200269505467646
1721,-0.34776225272740424
1722,-0.0860039790530367
1723,-0.09377856054868372
1724,-0.12374325436358158
1725,-0.0064232259510876855
1726,-0.713148217154344
1727,-0.08888622524219159
1728,0.3159847140862513
1729,-0.24662631583828187
1730,-0.19464879237292976
1731,-0.0803028999113361
1732,0.4073881800759088
1733,0.314418002560212
1734,0.3917262597027864
1735,0.20010639781125927
1736,0.16103512813382975
1737,-0.11106358602648891
1738,0.25931472619999674
1739,0.035619403967016794
1740,0.06978712545345911
1741,-0.04534568841288611
1742,0.2276090274800031
1743,-0.49675766575194924
1744,0.40201081922571485
1745,-0.2670849361324388
1746,0.1803497176469181
1747,0.01601066251463945
1748,-0.24743432917327468
1749,0.14059118919255925
1750,0.3025151301078043
1751,-0.032558975668502854
1752,-0.14613617727764028
1753,0.07487277975341244
1754,0.11626335016592537
1755,0.004629149966798751
1756,-0.1595253135889907
1757,0.05072871283714908
1758,0.21414859662130903
1759,0.12489046784453173
1760,-0.8538594055062247
1761,0.27781334473613506
1762,0.09999644478326153
1763,-0.48086828823363215
1764,-0.13934323935085846
1765,-0.1001500228735629
1766,0.30947342228519564
1767,0.25739733009563015
1768,-0.5154331280594364
1769,-0.22191684048435212
1770,-0.11712146896834386
1771,0.4131822170988254
1772,0.3910204305054702
1773,0.14431920475851323
1774,0.4129895450008233
1775,0.20397156819231377
1776,-0.14285546098197355
1777,-0.031151606325894643
1778,-0.24390939072582107
1779,-0.09874629462245199
1780,0.08863830146382778
1781,0.3202717020572359
1782,0.48458266521593285
1783,-0.07078506279910057
1784,0.33023717538187525
1785,-0.024101123409837166
1786,-0.050605506854948135
1787,0.17291808032148615
1788,0.10839877448234647
1789,0.3996030943784229
1790,0.19918654208558328
1791,-0.07273980846272654
1792,0.19590346685763016
1793,0.02442637550536564
1794,-0.1934268686540097
1795,-0.02316649334737897
1796,-0.2082323251961774
1797,-0.05445294973119852
1798,0.24002151145669925
1799,0.21549209641002826
1800,-0.2264624791256954
1801,0.16036934269359482
1802,-0.08407876803503
1803,0.07608392547869935
1804,-0.1417636660091165
1805,-0.14967307387301843
1806,0.3347201294628672
1807,0.1533627961440424
1808,-0.3215172422278558
1809,-0.4673239699258852
1810,0.45226409128063494
1811,-0.23686930459562627
1812,0.07138042095658692
1813,-0.5029900151957636
1814,0.32055861454648094
1815,-0.02316649334737897
1816,0.36891498103052695
1817,0.3160385551703132
1818,0.2829878976327922
1819,0.3593177200538916
1820,0.3733454393107376
1821,0.016290391481362798
1822,0.1063024369359416
1823,-0.5022583066954225
1824,-0.056926163193425694
1825,0.046505150495123604
1826,-0.08935563455052031
1827,0.1335984888072198
1828,0.005322139412905713
1829,-0.13028417563538464
1830,-0.3482857230718517
1831,0.24861354949796616
1832,-0.14113657410714764
1833,0.16341457005720583
1834,-0.1299736655982897
1835,0.17982309255705287
1836,0.27776792474042356
1837,-0.023960313476775408
1838,0.2780916765949565
1839,0.1553133321533331
1840,-0.4021419936479329
1841,0.1931680223330432
1842,-0.38475023833497524
1843,0.23331980531368723
1844,0.2713281860476573
1845,0.18241815090467012
1846,-0.18574513284388017
1847,0.11179011979325038
1848,0.02411263753724313
1849,0.4685131744909108
1850,-0.17191211695849873
1851,0.13632962777899216
1852,-0.21686495778114256
1853,-0.2706635758192437
1854,0.1581947480730082
1855,-0.08024802062848502
1856,0.3656461726041153
1857,0.08622962786374794
1858,-0.008453521462976177
1859,0.35538062303409
1860,0.24516723834886778
1861,0.18259482954661843
1862,0.21167894422504108
1863,0.14817052886361692
1864,0.10221463013024712
1865,0.09487762321699938
1866,0.1278706603935561
1867,0.1768913522154017
1868,-0.12520088877921787
1869,-0.21366116740263197
1870,0.3814595514511254
1871,0.104273546876823
1872,0.04669677933106675
1873,0.10181361980245407
1874,0.30517574709360573
1875,-0.13075900063319312
1876,-0.1512109516354745
1877,0.045626389977126314
1878,0.009002953573001737
1879,0.1837612326529276
1880,0.36696366168894834
1881,-0.627716133006927
1882,0.005322139412905713
1883,-0.14800911525040916
1884,-0.7207555679141908
1885,-0.10159216942458293
1886,-0.17996926621588372
1887,0.28778960738980375
1888,0.507495505929622
1889,-0.15346217313332988
1890,-0.0021655736359635913
1891,0.10759840634167284
1892,-0.1528160848017106
1893,-0.3607854129712418
1894,-0.0432296813563231
1895,-0.15947899524598796
1896,0.2719140032341316
1897,0.6150959616707976
1898,0.22663299963513223
1899,0.12756898470546763
1900,-0.8842443008273403
1901,-0.1939263863534949
1902,0.28567377880629075
1903,0.020832659584569257
1904,-0.41878293042735737
1905,0.668860002507953
1906,-0.4983539944196278
1907,0.3279200819388376
1908,0.36357976924037666
1909,0.25185603723963434
1910,0.1033272515471817
1911,0.38395336538879243
1912,0.1649177375269577
1913,-0.1525599456013913
1914,0.17010549110833384
1915,0.180747797125133
1916,0.3693550512884839
1917,-0.08984979107862578
1918,-0.5560602174489403
1919,0.5182138330257449
1920,0.1305042536263672
1921,-0.6594862849333425
1922,0.17010549110833384
1923,0.09486220018329161
1924,-0.7570221610457235
1925,-0.4294654414425385
1926,0.20343023377586023
1927,-0.16877111953194246
1928,0.25111550162213986
1929,0.08887958239910176
1930,-0.22830145603608298
1931,0.16113704331613699
1932,0.10141344218526605
1933,-0.25257801479330544
1934,0.39140808061431753
1935,0.2673053040715069
1936,-0.02316649334737897
1937,0.05262896949680318
1938,0.0867284981895044
1939,0.4323093671764778
1940,0.2731472476602755
1941,0.03025602159199492
1942,-0.5299069438461259
1943,-0.013075774702344556
1944,0.007448399836677777
1945,0.03738049692650658
1946,-0.09996763261978048
1947,0.595938603374798
1948,0.288226546002751
1949,0.39485865748141136
1950,0.18045635591445558
1951,-0.16201894930080307
1952,-0.06684158532369655
1953,0.349994463932086
1954,-0.36618494713394867
1955,-0.041741348040879256
1956,-0.48784869090616123
1957,0.41994604516241735
1958,-0.19783088494980172
1959,0.12223622400896522
1960,0.18045635591445558
1961,0.042952666711107756
1962,0.07461897259084915
1963,0.1708533457530973
1964,-0.04933784319487422
1965,-1.0725935943266003
1966,-0.15094000008969932
1967,0.27871640758728267
1968,0.2217084105788537
1969,0.1508991232688458
1970,0.2519635202734729
1971,0.21871170888324676
1972,-0.0803028999113361
1973,-0.18416821798325866
1974,0.23220544960698486
1975,-0.19431130574314848
1976,0.40843179859297774
1977,0.5732367928670942
1978,0.19168496726610795
1979,-1.1040837157561896
1980,-0.07983105531277779
1981,0.15743904546031517
1982,0.2568980287564698
1983,-0.12203531774888832
1984,-0.2074001618175868
1985,-0.4408682956366665
1986,0.10436623982240684
1987,-0.21686495778114256
1988,0.43148976110267917
1989,0.16778703038981596
1990,-0.717612510642132
1991,-0.06719997567968217
1992,0.002575361623073036
1993,-0.4016436514017673
1994,-0.05624765510024521
1995,-0.8650860307434877
1996,-0.16142188831367
1997,-0.31871615971222234
1998,0.19383202446277709
1999,0.5898051037849105
2000,0.18253169029160204
2001,0.2677480930405036
2002,0.18803702404157685
2003,-0.4608737089526659
2004,0.1490057318714325
2005,0.6977175996950701
2006,-0.06539076219652018
2007,0.34239906490688693
2008,0.16143900040680914
2009,0.16431193199381589
2010,0.27989214840201304
2011,-0.14405001593658207
2012,0.061474043959232394
2013,0.19858851537469613
2014,0.41993309304184867
2015,0.07969645665507508
2016,-0.9404052515769299
2017,0.3361836386244005
2018,-0.029144278407701285
2019,-0.48515170126729323
2020,0.17976728414536364
2021,-0.11691016764646311
2022,0.09371167574306727
2023,-0.10525324525169677
2024,0.23239349849142688
2025,0.44313807039280484
2026,-0.22137941865787603
2027,0.3798504309876144
2028,-0.3113666690590141
2029,-0.32826897819729206
2030,-0.09775079986214419
2031,-0.9009734675069194
2032,0.2659342065510861
2033,-0.31837782803441694
2034,0.23052269549721188
2035,0.4048801135227654
2036,0.3609719528121609
2037,0.33618195573990606
2038,0.2871678797450302
2039,0.104273546876823
2040,-0.006642962121958251
2041,0.061279442122579575
2042,0.07911158239575156
2043,-0.17787074140445502
2044,0.13196389968148542
2045,0.6443340024625895
2046,-0.364611883700114
2047,0.33916790043731204
2048,0.25838503288879355
2049,0.17676106805292963
2050,0.567343655999218
2051,-0.04230570327792205
2052,-0.060481731782296655
2053,0.30753093402450277
2054,0.13073702347087723
2055,-0.06719997567968217
2056,0.026344677300689567
2057,0.4087273234192157
2058,0.6685678578906091
2059,0.35577634251175805
2060,0.42727480315801364
2061,-0.060011714778977154
2062,-0.13842871092701592
2063,-1.8340782027914477
2064,-0.8642155830770176
2065,0.18194829355735764
2066,-0.13902141095978837
2067,0.1662193185294079
2068,0.18944807877880038
2069,0.311720198258518
2070,-0.33339853593559243
2071,-0.05028945382600947
2072,-0.24873599806948665
2073,0.13433689173274288
2074,0.22479261884106494
2075,-0.039774648585733985
2076,-0.09117792463671759
2077,-0.7810232154221739
2078,0.07241087861977469
2079,-1.1499361721215102
2080,-0.09400099989648325
2081,0.44931031578768355
2082,0.022642008503356514
2083,0.1715048080296665
2084,0.09208750536124455
2085,-0.10795178944437567
2086,0.4129210779851008
2087,0.08090779067048182
2088,-0.9851826933259044
2089,-0.1169029103358632
2090,0.14587239501427396
2091,0.051271436993379826
2092,-0.6801257624493593
2093,0.3849240622447351
2094,0.2041440515356709
2095,0.3770678654968011
2096,0.17784221053801397
2097,-0.027320573283095784
2098,0.17115314880335886
2099,0.3637262952272334
2100,-0.0067267762122987795
2101,0.40655821308845513
2102,0.0422490416267749
2103,0.3456243614375354
2104,0.024303300456912313
2105,-0.2601397852736964
2106,0.16722438989461513
2107,0.3279200819388376
2108,-0.6118543194903358
2109,0.5528140298916592
2110,-0.2156760514387096
2111,-0.348062400215881
2112,0.13526153407793262
2113,-0.1757499093566599
2114,-0.09575871911300227
2115,-0.5831752477652643
2116,0.42504039245581815
2117,-0.3213180868235572
2118,0.06285536151874027
2119,0.13819016104621695
2120,0.053965153036659275
2121,0.07104119981428941
2122,-0.2425770518456244
2123,0.12059948247074459
2124,0.10133511673077811
2125,0.6101348968161846
2126,-0.3355230494672041
2127,-0.30392742334604206
2128,0.1549297363842309
2129,0.6134044933292071
2130,0.0797646491945131
2131,-0.025401827574661917
2132,-0.31545514400381336
2133,0.37533442562406205
2134,0.4527136495658678
2135,0.35255347389751024
2136,-0.02297741805174658
2137,-0.4252615847264801
2138,-0.031151606325894643
2139,-0.06431892201624934
2140,-0.07405994589947751
2141,0.32838317981861886
2142,-0.21493388536624713
2143,0.47370589539567465
2144,0.25782402834283324
2145,0.3570333422466574
2146,0.3676237114151808
2147,0.04097195602853254
2148,-0.430903918982122
2149,-0.7210878207201894
2150,-0.1341976071406601
2151,0.3289838428455463
2152,0.17984199268801387
2153,0.030679931906801405
2154,0.2949647303488919
2155,0.016373807071826785
2156,-0.2764026177436184
2157,0.17808169000211865
2158,-0.7045655922977876
2159,-0.038075025901206816
2160,0.016611851758621232
2161,-0.3739825290347344
2162,-0.6600959427288058
2163,0.016611851758621232
2164,-0.16026694612938164
