,pve
0,-0.31758562353189446
1,0.2700933461483842
2,-0.23651836182762187
3,0.2098709317100731
4,0.07679556850113933
5,-0.20737866074698497
6,-0.25485760218751197
7,0.1427648639066702
8,-0.22194767990244046
9,0.16029972835029205
10,-0.39671042299609216
11,0.18087162280160052
12,-0.0163357941973572
13,0.12214290020477081
14,0.41562980739839006
15,-0.20028370355852076
16,0.3314884179770489
17,0.31521244482703265
18,-0.58587121086946
19,-0.030147003531397876
20,-0.01346703887931
21,0.09490405743192631
22,0.20262734261724197
23,0.08161057827851947
24,0.3641397059073672
25,-0.09465973878424527
26,0.2588761182598711
27,0.6117744703240562
28,-0.39754547598317136
29,-0.04313021655135141
30,0.21283713995694425
31,-0.7917328084807032
32,-0.47074303010521734
33,0.3153755585218035
34,-0.2907718624478981
35,0.6460181738639522
36,0.4915752078491969
37,0.07492141193033275
38,0.22755043593309154
39,-0.6339515132937071
40,0.12684396439133616
41,0.3440807424132202
42,0.2844920627613306
43,-0.49699697181479996
44,-0.4222593578064108
45,-0.1376084342551216
46,0.28667940432692796
47,0.3346864929498253
48,-0.03320687611309869
49,0.6106969868505447
50,-0.10624846505840246
51,0.4777125366121553
52,-0.9224449562160687
53,-0.44393692512329364
54,-0.060329887187730025
55,0.18487186921790943
56,0.13445716087444448
57,0.29496933710741224
58,0.25842755868053136
59,0.14721509765688257
60,0.38830429726039883
61,-0.31370653866219467
62,-0.2911644451436689
63,-0.023751900229466605
64,0.018636160139608005
65,0.4084932576642256
66,0.42108226196833176
67,0.36447513480664984
68,0.27311712113053443
69,0.17745639726849
70,0.028284807485901342
71,0.3698727442689088
72,0.02206496417748549
73,-0.3318607325833447
74,0.18289090442142064
75,-0.6415114521708067
76,0.26248851276525237
77,-0.264094361425127
78,0.27870561943310657
79,0.05289421404736694
80,-0.3625242942179121
81,0.5657550494633032
82,-0.9597211215732642
83,0.12805094594673905
84,0.15808838980977136
85,-0.4411623334788458
86,0.5753827983908028
87,0.3691549748862428
88,-0.07349359453539839
89,-0.37937618882257196
90,0.6970772268163292
91,0.14444253584299793
92,0.15937536599784663
93,0.5355072676400128
94,0.27400040202443154
95,0.12358678929361239
96,-0.5795140741550039
97,0.2994342558130511
98,0.6026534810155861
99,0.3698727442689088
100,0.13075622280969956
101,-0.1866505978241798
102,0.009437782595124067
103,0.3808398490587524
104,0.4164069324128284
105,0.2317801776118582
106,-0.41825354561663086
107,0.26705366707901446
108,0.35682299372405596
109,0.26400310180500375
110,0.4354723775439641
111,0.2018541899101925
112,-0.15104954012605687
113,0.7115390229890528
114,0.4864165125154754
115,0.3176686353036749
116,-0.10994216243929966
117,0.30627228217418295
118,0.08269612883339361
119,-0.24549657681919468
120,0.31739650430451377
121,-0.022678226094922538
122,0.3945602795319057
123,0.12472629282912123
124,-0.03444080893697021
125,0.14221538096402142
126,0.6811483078998948
127,-0.35189847751235104
128,-0.37139151428247397
129,-0.7013238729740582
130,-0.1489886345806517
131,-0.8507080915018193
132,0.23542084687226417
133,0.0748186013848936
134,-0.4159983702342205
135,0.5230283889771974
136,-0.35839836623957755
137,0.2776548326718731
138,0.16960777589393178
139,0.3746936161964346
140,-0.8068728731619907
141,0.30790484425856174
142,-0.1115761418624105
143,-0.8365912880602288
144,0.171654327740979
145,-0.1898283909359043
146,0.23102120079947402
147,0.2127427258602813
148,-0.49722895466302586
149,0.10166955614104534
150,0.16848702901234935
151,0.18087162280160052
152,-0.49034933497019617
153,0.36439007979820426
154,0.40758953110164564
155,0.26227178968789244
156,-0.3133685742028004
157,0.5587909205472856
158,0.28076030967490323
159,0.48572869683132636
160,-0.09796408551336466
161,-0.0163357941973572
162,0.3188236182986573
163,0.2885563077454922
164,0.26450738454301587
165,-0.478731686802649
166,0.25964753049591915
167,0.3818475814433101
168,0.5595152091869116
169,-0.3324163059554127
170,0.17713707652669025
171,0.27853063390549004
172,0.37991533980956904
173,0.2795363447046728
174,0.34916412394472407
175,-0.07239893915600193
176,0.43747224413815206
177,-0.4667620969972367
178,0.11050059726530931
179,-0.27713136471954636
180,0.4084699145963805
181,-0.06551748891412323
182,0.24187986244482806
183,0.5809709331060676
184,-1.170207858415817
185,0.4425609596616001
186,0.41161171508516425
187,0.39952774277071806
188,0.37126314494182056
189,0.6971281557983157
190,0.3441324110173188
191,-0.031052904193477504
192,0.3632674799115375
193,-0.16233396773574138
194,0.558910148420652
195,0.214810491597429
196,-0.1199644718123537
197,0.346679609013283
198,0.32364181795234565
199,0.47037266734039246
200,0.223521894310177
201,-0.8050792454368549
202,0.3536424282729763
203,0.44157803803100215
204,-0.2685890227916128
205,0.20053782580698665
206,0.2338641947940961
207,0.26678312610598415
208,0.48566914562897046
209,0.1954560842555828
210,-0.5112827103469926
211,0.3141420526792575
212,0.4474024626578278
213,0.5704400239225642
214,0.1724053134496602
215,-0.45999418481486787
216,-0.20184098974718534
217,0.11215995055259187
218,-0.2511989698241084
219,0.20256303872097747
220,0.08767210371329848
221,0.6413724323054293
222,0.49259179034684086
223,0.235079016583974
224,-0.5111906898709587
225,0.4985898378998433
226,0.3560234565151129
227,-0.47074303010521734
228,-0.3876200966000207
229,-0.27984655104393585
230,0.13615475600199678
231,0.19111677140855055
232,0.3085279008659154
233,0.15948539461163302
234,0.7253855772222559
235,0.20003583652262846
236,0.49710645024352296
237,0.35325595758508765
238,0.45945424699846316
239,0.16102047913600415
240,0.44296870113114906
241,0.5028406956870075
242,0.24369659523295706
243,-0.5150205950374255
244,0.23656829082306807
245,-0.10311907169219814
246,-0.1731205352447195
247,-1.0640223974057628
248,0.40048876707256087
249,0.3012443844576812
250,0.3122466372444645
251,0.673796595725632
252,0.34471506302292854
253,-0.3129194682742581
254,0.4570262865265605
255,0.2321407498783266
256,-0.0956151360423485
257,-0.014958730416828603
258,-0.09849971691306736
259,0.7382205307692735
260,0.21321388545008219
261,0.41205197398020277
262,0.5238417938203609
263,0.35141014947847526
264,0.25451849104865676
265,0.18658659640628478
266,0.412243610508098
267,0.3964317349067782
268,0.09194056149227026
269,0.3299283560816808
270,-0.09849971691306736
271,0.35893807040321823
272,0.02476311719935409
273,0.6253373920857652
274,-0.1055896769589959
275,0.2440898199651132
276,-0.44674704204191795
277,-0.08945921441414006
278,0.08998547825496062
279,-1.274832835572813
280,0.001535608158653723
281,0.1756696502553834
282,0.26191804535974705
283,-0.32928005158120965
284,-0.10058360345318773
285,0.2963818737248888
286,0.044344997532559494
287,0.11870302427084928
288,0.23207822933850608
289,0.3458081040710509
290,0.20870142171556005
291,0.20330896350066352
292,0.5989957547042529
293,0.19114168020252736
294,-0.32896434828968124
295,0.029570326467089125
296,0.39898387810707553
297,0.0538688135544001
298,0.36750943538367853
299,0.3713800192377561
300,0.10006584450060341
301,0.5304102935049071
302,0.594902366623224
303,0.6227855786616197
304,0.1974938748623461
305,-0.2318293120736894
306,0.5811628251764969
307,-0.3660689915047636
308,0.4568803714099693
309,0.07547231276460942
310,0.23056657782466766
311,0.5788957041291106
312,0.3846803898974371
313,0.5280174534028566
314,0.11887883304630731
315,0.1922190794574909
316,0.4003562092700358
317,0.22136490110892815
318,0.31435917311392103
319,-0.30666814428013267
320,0.3934184693301723
321,0.6109106621716747
322,0.2391128451130337
323,-0.11595155738953311
324,-0.796356501280731
325,0.2674034643249864
326,0.07903329004902926
327,0.5370524931997676
328,0.36750943538367853
329,0.04146024865289144
330,0.4159593833249438
331,0.13179712151238343
332,0.44679930404532925
333,0.12203727214684024
334,0.29027683688433237
335,-0.22283729759797866
336,-0.92664182273156
337,0.22381196441090473
338,0.08403417091222254
339,0.1593355701851893
340,-0.26800910319579163
341,0.06999935837445259
342,0.6056375175129329
343,0.3644769036094234
344,0.5752224249989547
345,0.4240951680327072
346,-0.2214611156422699
347,0.36341074364097825
348,0.34113150627751176
349,-0.1668293045896192
350,0.41674561350191036
351,0.14221538096402142
352,0.39252963934905005
353,0.15180143823749914
354,-0.2621876708786095
355,0.3078371268641496
356,0.2467317784005884
357,0.3283403143310545
358,0.31915840264783757
359,-0.09588756220075567
360,-0.6702361008046416
361,0.06921407219639897
362,-0.180537262012455
363,0.6610876153886585
364,0.32951170265187946
365,0.2205537898498381
366,-0.29241848036956797
367,-0.3355893857144554
368,0.3927690709957352
369,0.36464994581486765
370,-0.15645270211095508
371,-0.6831661125354211
372,-0.21438286871754353
373,0.36500000941368616
374,0.2237987734664112
375,0.32998559145433287
376,-0.6489767418441875
377,-0.12581201358548866
378,0.23736192622008956
379,0.027979544168650228
380,0.41683047862258127
381,0.45228489841439345
382,0.29110047155870644
383,0.30949456298212064
384,-0.38718844044498835
385,0.013326273976457359
386,0.6140176266661513
387,-0.266675973039634
388,-1.00580133415775
389,0.40358701938158426
390,0.3746131358880073
391,0.3307627415804035
392,0.432675026151756
393,-0.2826764311208758
394,0.37461796951705906
395,-0.030435706768441984
396,0.638600182448414
397,0.261161080544608
398,0.3858807324166823
399,0.42937856756924325
400,0.16923142931781676
401,0.3736223669841095
402,0.15289840170816144
403,0.4580712476295114
404,0.6930592499834494
405,-0.06372632509937715
406,0.030738074574746865
407,-0.2853893457221677
408,-0.38413080587219695
409,0.2989666243442355
410,0.25931199054076337
411,-0.323004087342193
412,0.16733435446100797
413,0.37604034662733665
414,0.43152557710326006
415,-0.03625467753121214
416,-0.015214849804467967
417,0.05540336533962231
418,0.14651656850555494
419,0.11148025521078475
420,0.07140297652944472
421,-0.14352208927580423
422,-0.3848972375778569
423,-0.18421586254583466
424,0.05502406976734686
425,-0.29360716346052995
426,-0.09640014228893423
427,0.26801048932998767
428,0.4651421282356493
429,0.10607668927354458
430,0.2387723926533854
431,-0.6896353988940997
432,-0.3020387689702
433,0.5570987694929768
434,0.7116717009977221
435,-0.8707486058486194
436,-0.013605380530592681
437,-0.134705198594968
438,0.5156945544342262
439,-0.39235677823547643
440,0.21055223583735372
441,0.07724174152104146
442,0.5775630617406935
443,-0.3751297753670263
444,0.24159107084473386
445,0.38153564520711986
446,0.315553437694022
447,0.18343716638999336
448,-0.41165819592018826
449,0.14159195417663578
450,0.2778258066022101
451,0.41995343181885647
452,-0.04606534122432504
453,-0.06553725970346835
454,0.4332931954136562
455,0.07518201646235234
456,0.6493376030113007
457,0.37971869938789654
458,0.2813792021577217
459,-0.7159746647052779
460,0.07497465228249789
461,0.4127312580954288
462,0.4237827950035834
463,0.1175002013416705
464,0.2634218590040012
465,0.10222601100551232
466,0.17343223733119173
467,0.14895220101691253
468,0.08924072123592319
469,0.24010230173933894
470,0.4618999303336524
471,-0.04968784579340135
472,-0.10882416581097942
473,0.41161171508516425
474,0.21178372100405368
475,0.3640294857927916
476,-0.07185767008603905
477,-0.04010334783602343
478,-0.09788093946218401
479,-0.5471792889562306
480,-0.08729428781238113
481,0.24427894439238462
482,0.18383891170102357
483,-0.696756431710372
484,-0.9780763901981596
485,-0.2818469546892224
486,0.6169531044781532
487,0.4496312031795552
488,0.32224335212468513
489,0.21735488324661978
490,0.24700079378788442
491,0.42647856253266253
492,-0.16802156124491885
493,0.3563852455679557
494,0.2566284795134799
495,0.4136543406093818
496,-0.04739602608394389
497,-0.43259221431298867
498,0.18076408743070543
499,0.35412442042891507
500,0.005236603495245129
501,0.5681986113709769
502,0.3881401576862106
503,-0.712754893412952
504,0.10484786892319675
505,0.2062871658678601
506,0.5260411454677836
507,-0.9934056258666863
508,0.20222726588437645
509,-0.19844040586345124
510,0.35676023474692575
511,0.5780411937461029
512,-0.019710268030565192
513,-0.037248441500270846
514,0.5399301751033116
515,0.2620313245720124
516,0.36631456386721695
517,0.31335544055094433
518,0.3894473613206532
519,0.2929685132015231
520,0.05201011939289912
521,0.28076030967490323
522,0.16444311683357382
523,0.37144299642920175
524,0.0694981817185254
525,-0.19481284392178355
526,0.15753310431031825
527,0.37488731928271923
528,0.15417640111630082
529,-0.9491838607897807
530,0.17589515633622876
531,0.1631391250965204
532,0.1871562015269872
533,0.22256781743663756
534,0.28488033415264746
535,-0.7129541028294152
536,0.08078549077531672
537,0.5506739378150075
538,-0.2835575780509486
539,0.2474679117816624
540,0.5827942195540218
541,-0.0015425213259716575
542,0.5108785189839609
543,-0.33032458709338175
544,-0.40350590642206197
545,0.23736192622008956
546,0.08683642453098639
547,0.27438611013993086
548,0.6086073561014348
549,0.24081517701239763
550,0.5141211935779315
551,0.07880740852996204
552,-0.10202477474229243
553,0.5310713367925659
554,0.45507891817282947
555,-0.18818112519680685
556,-0.11248715408736887
557,0.40856544162535047
558,-0.2816882392503459
559,0.23887732045851773
560,-0.1799294130657212
561,0.41338789800537984
562,0.4608756349439421
563,0.15012775160510317
564,0.4482836097095548
565,0.2908739909523663
566,0.10435494421792091
567,0.2568712914619762
568,-0.5623955168080741
569,0.33696695749687355
570,0.5726289291836255
571,0.49674536447632633
572,0.40889846168125404
573,-0.667991247922939
574,-0.10611604434031419
575,0.5542436596839875
576,0.639632854028389
577,-0.8198635329323863
578,-0.699462369456494
579,-0.08256550375485094
580,0.31675415669701046
581,-0.6294344695370984
582,0.24876260888096413
583,0.2863825282073549
584,0.05874833651965994
585,-0.059742561220549106
586,0.5783311575847783
587,0.20910538237499282
588,0.41073163026328724
589,0.2842926079395222
590,0.13406021003398572
591,0.1524190500496979
592,0.37865354416569014
593,0.32627793613609446
594,0.1176564378671765
595,0.28695621102373237
596,0.19041474070732306
597,-0.6646786490929383
598,0.032674748130923525
599,-0.2031501722385587
600,-0.13042080972136683
601,0.3199187627613368
602,0.01894920641563258
603,0.4672058921805536
604,0.0181953218008043
605,0.285356392245036
606,0.10222601100551232
607,0.31045375471833186
608,-0.1255905869876094
609,0.4122868331685655
610,-0.4650811486150115
611,0.4510807508615478
612,-0.42299546193415427
613,0.08929743823778746
614,0.5286955636177691
615,0.0285595879949343
616,0.4195369875431425
617,0.1575363651602676
618,0.008458275333804277
619,-0.44525080915668014
620,0.13850707580849486
621,0.5780411937461029
622,0.3194392993470292
623,0.11982402830919475
624,-0.11694219259557248
625,-0.20633790247252404
626,0.48723891042028533
627,0.4554628579343963
628,-0.3002480447265754
629,-0.04429388841463899
630,0.3794924056411038
631,-0.04678185919248601
632,0.11544952035568856
633,0.0021992364367300343
634,0.254931608184496
635,0.33153612413087696
636,-0.4260438381223828
637,0.2601757680783645
638,0.5238118355503392
639,0.286601659330606
640,0.13096855866236023
641,0.6661373060060858
642,0.4167046182184538
643,-0.11560362366894583
644,0.09542188664116613
645,0.6974662316011411
646,0.011559542628954755
647,0.04663606225257899
648,0.16455714020548795
649,0.5494084787387479
650,-0.1984472797181509
651,0.41872066099490957
652,-0.07125765680223095
653,0.2768838247308939
654,-0.1731205352447195
655,-0.633710960648318
656,-0.4504937681534873
657,0.6928298145347643
658,-0.8356175364864369
659,0.18119228622875977
660,0.07679556850113933
661,-0.44674704204191795
662,0.7614181095252247
663,0.17713707652669025
664,0.41839855769349554
665,0.37386096885681186
666,-0.24713643729435497
667,0.7736454404989581
668,0.3347894638629244
669,0.5243361558679251
670,0.28140922146371783
671,0.7932881646296196
672,0.01262670814255562
673,0.41482196945671845
674,0.26267508202198114
675,0.4446186147568871
676,-0.11366637690561088
677,-0.7021508885170917
678,-0.02588509778122794
679,0.2778870331185554
680,0.4456734126916687
681,-0.266675973039634
682,0.4679920865569659
683,0.37531041672887683
684,0.28026067217032724
685,-0.3595468320119426
686,-0.8262178381246478
687,-0.07613891394058603
688,-0.521967565855332
689,0.07273727546463371
690,-0.3190892874103858
691,0.12191091779879182
692,0.3115424700165818
693,-0.05614585722270493
694,0.46767549753551607
695,0.7960005450703226
696,-0.07562201340205665
697,0.2004967639451587
698,-0.06917732238170116
699,-0.031233798859359063
700,0.39072106300794435
701,0.03429323769874848
702,-0.7553432268952035
703,0.25573725331967845
704,0.23867567493648106
705,-0.45378833009053
706,0.022219729066250027
707,-0.424396763630271
708,0.2671214486301267
709,0.08822095625319237
710,0.1425502611922404
711,0.05683076127893816
712,0.109785108250125
713,0.49280621035300115
714,-0.052053590717949016
715,-0.4514182385401805
716,-0.6307363312726615
717,0.10627776599134303
718,0.36866561164679634
719,0.36717786228328386
720,-0.8166161909382148
721,0.4811398618721237
722,-0.007628634774905607
723,0.46411869651379134
724,-0.7088715386206411
725,-0.04657551251486847
726,0.3398356483718563
727,-0.13408012935417968
728,-0.8882846660313767
729,-0.29095289849856676
730,0.585947038554709
731,0.15163848099166405
732,0.7130218367066032
733,0.32364181795234565
734,0.05444640636529274
735,0.14224422011395843
736,-0.658574608272127
737,0.11351751060952986
738,-0.6915554032869987
739,0.12197939845144884
740,0.1593355701851893
741,-0.11106437834299121
742,0.10527686963007188
743,0.20870142171556005
744,-0.548966937598779
745,0.1318353153198395
746,0.4178887465019043
747,-0.36270980301969047
748,0.21590551304631556
749,-0.15629325858869259
750,0.2695297390301268
751,0.31778000990933897
752,-0.4357065765996797
753,0.09022232477961867
754,0.04926667579726696
755,0.3355083495000883
756,0.31464127244980694
757,-0.125423138162296
758,0.611943476121374
759,0.3799636679558152
760,0.42338883792523685
761,0.6231816270153394
762,0.29331911501546215
763,-0.8018961266559901
764,0.10080750069136757
765,0.5969069161626085
766,-0.22789903279706514
767,0.36644915668917943
768,-0.09745008261154553
769,0.34643984882527146
770,0.36823879437506246
771,0.27258279294828586
772,0.017127315784534525
773,-0.269174667066596
774,0.24369659523295706
775,0.5981555467203705
776,-0.00658379369689166
777,0.19699516449714038
778,0.13259625591761715
779,0.26905386091266487
780,-0.5024755789535461
781,0.39015226840328276
782,0.12687510883697473
783,-0.21702110930377694
784,-0.4962300991584506
785,0.14684337129074715
786,0.34950491514632054
787,0.29843243919176476
788,0.020642658217198906
789,0.5899628703837344
790,0.20982489344902844
791,0.19558056214126357
792,-0.541415865430722
793,-0.025640801315336192
794,-0.027925851580411498
795,0.41761578551147094
796,-1.043500217700688
797,-0.24376869265607182
798,-0.5687956218245585
799,0.519391144240954
800,-0.05596123545086806
801,-0.29320379890398396
802,0.26001217547853384
803,0.1202522143615069
804,0.006623698236210562
805,0.3965480030870568
806,0.4037994691050132
807,0.14422511278000877
808,-0.5818585092275651
809,-0.10615367353505545
810,0.2677178036428921
811,-0.3815506629337876
812,0.08377238145911337
813,-0.7717340618753689
814,0.2720976833995746
815,-0.6336184207285747
816,0.506717498208019
817,-0.5230625272274775
818,-0.24703117961455412
819,-0.09791028684570546
820,-0.009489604166332821
821,-0.23334394991294682
822,-0.02279890237986404
823,0.44344975065746484
824,-0.371561984529566
825,-0.09849971691306736
826,0.2510811907650517
827,-0.011183067525603385
828,0.28947632580767657
829,-0.32753459548176045
830,0.23280796935174308
831,0.651715942928226
832,0.13920153720299522
833,0.7442115029868999
834,0.5677046974737971
835,0.29032132185301723
836,-0.12910213761878042
837,-0.39264722968260524
838,-0.3793762950143552
839,0.1398216839183068
840,0.0002534398212571398
841,0.1336838811447646
842,0.40422912052369275
843,-1.4451090903116577
844,-1.0568155680898061
845,0.3541615798746689
846,0.08329605624134262
847,0.29797916324832335
848,0.6684947316205363
849,0.28121313869232084
850,-0.385782729852842
851,-0.06917732238170116
852,0.6078373208847593
853,0.43836364326022265
854,0.6848619987697805
855,-0.04920735526871023
856,0.5637844245244529
857,0.7822026561848509
858,0.281976926803551
859,0.34332850187996644
860,-0.1505803452241078
861,0.4928411246920095
862,0.05232367229560164
863,0.4202740410158861
864,-0.2424070245657064
865,-0.34140032500027706
866,0.7305678184396506
867,-0.17050232858997716
868,0.08519307898066975
869,0.565195625265666
870,-0.45904306352426616
871,0.32059067326724794
872,0.23914027869885152
873,0.24024036568281493
874,0.27135707444698576
875,0.33544191508373805
876,-0.24019725319807095
877,0.08127851958634735
878,0.5687139679022191
879,-0.11429889657354475
880,-0.11421834711971579
881,0.03880742637045986
882,-0.2509268180985148
883,0.533316059919285
884,0.28947632580767657
885,0.3903488793867105
886,0.32624682002384015
887,0.3670866007802882
888,0.46174191210923116
889,-0.5632296270776677
890,0.2631841364957465
891,0.4370517790970485
892,-0.1111208835253309
893,0.4988051285279497
894,0.28076030967490323
895,0.21876388035814642
896,0.2018541899101925
897,-0.06599493174072824
898,0.40884758650830877
899,0.14356885533054842
900,-0.20691736958217943
901,0.20498963067941522
902,0.052948778026966514
903,0.5199679786886799
904,0.40713957483517405
905,0.15033601891141873
906,0.442692293694309
907,0.18967568436214205
908,0.31891914464676213
909,0.17941355935995512
910,0.33925539166143154
911,0.36480106644594623
912,0.3260755698586718
913,0.6048645864718227
914,0.2985566730008194
915,-0.538402641095066
916,0.05084517242197084
917,0.46997222084831086
918,0.26744037550228905
919,-0.2226502156029062
920,0.20994854131382956
921,0.46054958489569353
922,0.3330584136535191
923,-0.7217632387366245
924,0.14438909128022365
925,0.01998778491186748
926,-0.05181282894346895
927,0.053293100006153726
928,-0.23110308483142628
929,0.6516421789902429
930,0.6571772873860712
931,0.2476974943967657
932,0.2875534236952608
933,-0.029283275256455576
934,0.3062276236096208
935,-0.17147318987207805
936,-0.07297926226061668
937,0.7604043362857575
938,0.013516878257754383
939,0.2533105946131473
940,-0.11421834711971579
941,0.08585200545334393
942,-0.07186455312648621
943,0.5420178050549402
944,-0.48162154689351766
945,0.6798080410360068
946,-0.2567056135761735
947,0.7425362856439731
948,-0.6698865875754462
949,0.4287360161776216
950,0.5218927024070886
951,-0.23306689133676894
952,-0.41267584190090334
953,-0.1969328311380445
954,0.5920691279593833
955,0.5140144352693441
956,0.7632931709598552
957,0.49332317702718836
958,0.3740643865451969
959,-0.6546981213189664
960,0.016433427694193092
961,0.04426328321242323
962,-0.8281998512982494
963,-0.019944472352838583
964,0.15351402655843915
965,0.624439461142269
966,-0.02538051157318466
967,0.14852392229254002
968,-0.1324309162338997
969,0.24273638445063495
970,0.7390077826717518
971,-0.2916696437642905
972,-0.10194096146267095
973,0.26778497730213274
974,0.3563500170333399
975,0.37421141662651203
976,-0.12153315648374963
977,0.2945341388494705
978,0.5201360677440112
979,0.40115815253490184
980,0.26406001527724865
981,0.6697683195747055
982,0.13772076000995825
983,0.5387688970545025
984,0.4954673650107219
985,0.012320244075571085
986,0.22265392096732334
987,0.19629383970123043
988,0.26001217547853384
989,-0.14868699166895638
990,-0.6018735719793306
991,-1.3962306620185214
992,0.4510807508615478
993,0.6986249269334596
994,0.18503642196259718
995,0.2541419992077375
996,0.5736744669021747
997,0.6820004661063356
998,-0.5500357965918751
999,-0.026096786292530316
1000,0.21393234081603718
1001,0.26405444812443535
1002,0.4189143531685676
1003,-0.33992903946294684
1004,-0.2067321101556827
1005,-0.6389028126426887
1006,0.38285958127012254
1007,-0.48509959603800334
1008,-0.9979920418440801
1009,0.15548599883856118
1010,0.31181707333125275
1011,0.35409305507326394
1012,0.3378850979969794
1013,0.2600570469192183
1014,0.5273197701550983
1015,0.17331633240861144
1016,0.2772118651790768
1017,-0.41519234471730204
1018,0.3126654022740189
1019,0.40883294257948705
1020,0.4124872675218498
1021,0.269843118565114
1022,-0.22140143156941372
1023,0.007282513350928221
1024,0.525580740045101
1025,0.16334929952260102
1026,-0.3793989783965974
1027,0.43030181647057963
1028,0.4037994691050132
1029,0.2391128451130337
1030,0.2604909165720894
1031,0.33379904491194706
1032,-0.03334393413482761
1033,-0.022971260644751523
1034,0.3210362427496168
1035,0.7456684552289433
1036,0.5515810395617871
1037,0.14607689312487615
1038,0.28382681048680847
1039,-0.058341385327566386
1040,0.05744577858477562
1041,0.4960735208863474
1042,0.31027044033045037
1043,0.2858781728963742
1044,0.333094308611834
1045,0.4914005318930389
1046,0.46004019086425185
1047,0.2207178181307774
1048,-0.10202330646841895
1049,0.45507891817282947
1050,0.06803067024319864
1051,0.2778258066022101
1052,0.019534016502568585
1053,0.3012443844576812
1054,-0.2043948304088098
1055,0.5614824112604495
1056,0.19819960405580284
1057,0.20535491124470018
1058,0.42950940924811465
1059,0.24184407547124276
1060,-0.3518139061781975
1061,-0.28724053161423213
1062,0.2625638007348905
1063,0.36555357848464864
1064,0.3998941267579956
1065,0.4094529041700732
1066,0.17672948954577983
1067,0.21364440096557424
1068,0.41347664556391334
1069,-0.3278859217668164
1070,0.20540548149042615
1071,0.22042912159370792
1072,0.05110337592982461
1073,0.18088911119659556
1074,0.41716463096924405
1075,-0.3450740734967679
1076,0.1006557549953172
1077,0.23452482962764215
1078,0.04059543056641268
1079,0.3741559369030035
1080,-0.8251160623162881
1081,-0.29139610610788147
1082,0.13613513694170098
1083,0.1974938748623461
1084,0.4553448333639992
1085,0.3646676598097248
1086,0.17558373115051862
1087,0.7181385346071296
1088,-0.6929561361814485
1089,0.2916275933464284
1090,-0.04383430130675903
1091,0.4510807508615478
1092,0.38148849878945423
1093,0.09717447241012783
1094,0.2754884162651938
1095,0.15118675506528773
1096,0.37885587032689794
1097,0.22218656526150798
1098,0.566390564522633
1099,0.02007155973215935
1100,0.5503553563798549
1101,0.06695030441789562
1102,0.6373924641949344
1103,-0.24854151323420026
1104,-0.49496234558997676
1105,0.24638247390553103
1106,-0.41648203893870783
1107,-0.4346150555610382
1108,0.3703174748777208
1109,-0.03932163780699727
1110,0.25927503424290976
1111,0.31418129659760924
1112,-0.3834700471957748
1113,-0.5520877260639632
1114,-0.757988284052165
1115,0.369485740523551
1116,-0.18602898161756165
1117,0.47900844640775414
1118,0.07985891365601683
1119,0.33895566237579167
1120,0.3435480151511228
1121,-0.289465551623872
1122,0.3591553800986068
1123,0.29357326140854956
1124,0.16429382817953098
1125,-0.23798648294969182
1126,-0.38754410727235755
1127,-0.1670445332306445
1128,0.26855078165383134
1129,0.6371390934979837
1130,0.706167963438226
1131,-0.39040533881450745
1132,0.007244107427087254
1133,-0.21519040428997482
1134,0.2391128451130337
1135,0.3557191688042087
1136,-0.017829503643763456
1137,0.2148023446472785
1138,-1.4925459418696962
1139,0.3500860407586318
1140,0.29721883097168844
1141,0.4540772902404536
1142,0.17552812506530435
1143,0.27644266823503316
1144,0.323114905943704
1145,0.3153318620369788
1146,-0.22846064554843148
1147,0.048118139964482665
1148,0.1260068549486716
1149,0.08899530805113942
1150,0.08892019115978844
1151,0.4266449056378004
1152,0.1164022477948593
1153,0.16840991292058582
1154,0.29769541028951707
1155,0.4567497536666166
1156,0.5489006540633914
1157,-0.2844450054997709
1158,0.17123609879127077
1159,0.7003435734292619
1160,-0.16802156124491885
1161,0.22218656526150798
1162,0.6109316079099588
1163,0.4298774942529695
1164,-0.7358874463880196
1165,-0.2164887946922054
1166,0.07688393453776121
1167,0.5046529126157309
1168,0.02909098549568301
1169,-0.7264038136657434
1170,0.3409909916431355
1171,0.3470145207867704
1172,0.4236607333138124
1173,0.16477076741403224
1174,0.19182911904537264
1175,0.21591106923170433
1176,-0.19265824767642703
1177,0.4352347660940922
1178,-0.059742561220549106
1179,0.2585135049862073
1180,0.056989680418936595
1181,0.49360584807213675
1182,-0.13042080972136683
1183,0.08571967045974682
1184,-0.44261197581334655
1185,0.14753631015996027
1186,0.38814695115396436
1187,0.5362621744603183
1188,0.22155751293143328
1189,-0.8157165231858258
1190,-0.8583515010216147
1191,0.6832725139317156
1192,-0.6908648682305797
1193,0.2922529676334581
1194,-0.4142958830183856
1195,-0.5199192383423815
1196,0.23519746177826228
1197,-0.32634160569147597
1198,0.5514190774823744
1199,0.29797916324832335
1200,0.4207528583608088
1201,0.14159195417663578
1202,-0.06917732238170116
1203,0.04146024865289144
1204,0.11132925810483896
1205,0.2795363447046728
1206,-0.6189515796325608
1207,0.034985428296116394
1208,0.5811083986030421
1209,0.4705258617430259
1210,-0.5396317035584408
1211,0.3905510079607797
1212,-0.8817621904226878
1213,0.5470920616305643
1214,0.02985148249587566
1215,-1.0729463775382804
1216,0.15849392597387735
1217,0.3818825296562852
1218,0.4132781381308867
1219,-0.0852688972470651
1220,-0.12857574338225397
1221,-0.005583931448265411
1222,-0.4987790066620734
1223,-0.475009583658221
1224,0.28789253589706804
1225,-0.22588304687124716
1226,0.13008566771361796
1227,-0.014740420614161365
1228,-0.09069535882442359
1229,-0.39955415740952005
1230,-0.5887974556127591
1231,0.26139670256515224
1232,0.7679557458534259
1233,0.32936172027303084
1234,0.408608560760783
1235,-0.6544051276720897
1236,0.18875971176205658
1237,0.03862702620140124
1238,0.11784046053877856
1239,0.4541047784225193
1240,0.38011564596908237
1241,0.1657290667558543
1242,0.12166774552181836
1243,0.17933000199394017
1244,0.03096703304602899
1245,0.4860048782697445
1246,0.6293080367302123
1247,0.37372537059546324
1248,0.3730762006709688
1249,0.29088485635225164
1250,0.32958078056687734
1251,0.1752040120913917
1252,0.4129249641324084
1253,0.2740245187698734
1254,0.21202381527138614
1255,0.20143380532476696
1256,0.528483330906171
1257,-0.585514926477211
1258,-0.042863033958098984
1259,0.13120643218259798
1260,0.17613847601503485
1261,-0.4682200703008662
1262,0.20093025609945214
1263,0.33723826477109153
1264,-1.2874069652812896
1265,-0.4351568961344221
1266,0.21202381527138614
1267,0.14017989854998691
1268,0.2556042496736769
1269,0.5580630625908614
1270,-0.10524670272371206
1271,0.5375377823984493
1272,-0.039413090084658986
1273,-0.1936031649402472
1274,-0.18886196389888876
1275,-0.021902463689996376
1276,0.27258279294828586
1277,0.7821293754511803
1278,0.19624845765069665
1279,-0.36525983835722386
1280,0.16390323324860984
1281,0.40681449874961473
1282,0.26405444812443535
1283,0.10803992630299963
1284,-0.12377167767861841
1285,0.4321687383881747
1286,0.5291963597560634
1287,-0.5074868841122315
1288,-0.5927512849784072
1289,0.1416742569532275
1290,-0.513180368954119
1291,0.33906372299898946
1292,-0.44331496606821386
1293,0.4552267103866265
1294,-0.028829459223143505
1295,-0.2930318880983569
1296,0.1792142461092922
1297,0.4331279962188802
1298,0.44231657229661936
1299,-0.32894788712310064
1300,0.07679556850113933
1301,0.4197395797620671
1302,-0.14396270043834536
1303,-0.12354577515241871
1304,0.3710724712955853
1305,0.4809008437717707
1306,0.3375523891819542
1307,-0.6617347410068063
1308,0.12379650475616688
1309,0.5707710004197251
1310,-0.5909615408816202
1311,-0.6029573884610958
1312,0.5982891546464462
1313,0.1756696502553834
1314,0.37710585468959557
1315,-0.24163383465787036
1316,0.3845659489943381
1317,0.5927282026935943
1318,0.4663076765716435
1319,0.6437968362160644
1320,-0.4987790066620734
1321,-0.00935448017559537
1322,0.4552562503604738
1323,0.6962372231794764
1324,0.20606481444276858
1325,-0.3190892874103858
1326,-0.10320905268639491
1327,-0.7013918989456588
1328,0.04744018387434601
1329,0.10021400409351222
1330,-0.9338317619939963
1331,0.32999049028587524
1332,0.2802192854336416
1333,-0.03268319935346353
1334,0.3272554970030714
1335,0.4136543406093818
1336,0.3470270779367649
1337,-0.2844014502590022
1338,-0.5883406412327566
1339,0.21406942443148447
1340,-1.0431401226653647
1341,-0.3354293860187989
1342,0.28927725249123243
1343,0.6129385177483383
1344,-0.2773562788300339
1345,0.6636402861495866
1346,-0.3364877410285383
1347,-0.4205243975157412
1348,0.04146024865289144
1349,0.5156841259232001
1350,0.16016769128495612
1351,0.5501545017064311
1352,-0.9483357290115894
1353,0.1674945731138277
1354,0.38421792624938067
1355,-0.099631119402106
1356,0.2634218590040012
1357,0.29110047155870644
1358,0.3597097241945319
1359,0.12163739729694012
1360,0.3399146296856568
1361,0.19603954491183728
1362,0.458436604181233
1363,0.14607689312487615
1364,0.1042921409878157
1365,0.1467384572100235
1366,0.12335685798259999
1367,0.23446223635413033
1368,0.17295607554777492
1369,-0.12739585846543322
1370,0.32453595313872907
1371,-0.1345129332438414
1372,-0.5717909224067785
1373,0.04226538668372759
1374,-0.16122196470338523
1375,0.07119043572076078
1376,0.29563168631503006
1377,0.3635186339556339
1378,0.3299283560816808
1379,0.30820670777551357
1380,0.13566179339078643
1381,-0.0008870773361181472
1382,0.34393214670784655
1383,0.3881401576862106
1384,0.6779197068297009
1385,0.31975086715096507
1386,0.3365446905376449
1387,0.2804620524271471
1388,-0.33024033833761857
1389,0.4092012759819754
1390,0.2146228954160052
1391,0.07334936220682331
1392,0.4097548612798304
1393,-0.06599493174072824
1394,0.403588394858551
1395,0.006044116935677746
1396,0.31521244482703265
1397,-0.023843534933784327
1398,0.290545957717687
1399,0.171654327740979
1400,0.2397167050569448
1401,-0.07787961449241554
1402,0.0868802919058086
1403,0.36450715948603885
1404,0.37634283186450984
1405,-0.29524176450243944
1406,0.17670453123898744
1407,-0.8173111496446479
1408,-0.3318607325833447
1409,-0.13126107543770227
1410,0.5902846271736084
1411,-0.30260545475482936
1412,-0.3549417076631094
1413,0.03343754640415575
1414,0.31891914464676213
1415,0.3226357829447943
1416,-0.10111243180059215
1417,0.7296818015965053
1418,0.587367251091675
1419,-0.3209898383934997
1420,-0.19070762588736367
1421,-0.07589601693729153
1422,-0.16802156124491885
1423,0.2831344325470927
1424,0.0026946202024894506
1425,-0.07613891394058603
1426,-0.6250643759020353
1427,0.36439007979820426
1428,0.5076192747338577
1429,0.5727001025029091
1430,0.2307455175849702
1431,0.40369112880315344
1432,-0.0619598577950119
1433,0.33604102074487624
1434,0.12712835634137915
1435,-0.5063289762723743
1436,-0.22588304687124716
1437,0.5885406033017215
1438,0.05461383733854397
1439,0.3046438757424654
1440,-0.31233204162855854
1441,0.2303290109424007
1442,0.28076030967490323
1443,0.32998559145433287
1444,0.5295715941951933
1445,0.24263873855796186
1446,0.1139734800952178
1447,0.5999481281736966
1448,0.012320244075571085
1449,0.22760107859225231
1450,0.293370805089897
1451,0.18470077786252748
1452,0.40142491908060235
1453,-0.0005908174771643848
1454,0.5301581956494958
1455,0.4040561348400874
1456,-0.29440638026012556
1457,0.2237987734664112
1458,0.41285518155277157
1459,0.5332498804265332
1460,-0.437213838868429
1461,-0.2923802068205039
1462,0.5325046753833144
1463,0.3830847660936848
1464,0.06334586463154435
1465,0.3597097241945319
1466,0.1317360515177658
1467,0.2279258918820979
1468,0.31454118860259034
1469,0.43474823855010436
1470,-0.06599493174072824
1471,-0.669678134446819
1472,0.3526704433405042
1473,0.11483643836769863
1474,0.5540394888607582
1475,0.04222529670996955
1476,0.37095817412345466
1477,0.07291322723677351
1478,0.4552562503604738
1479,0.5141211935779315
1480,0.20292925316669974
1481,-0.31799055415095134
1482,-0.10480402072153094
1483,-0.5121261153421955
1484,-0.20778118313682858
1485,0.23736192622008956
1486,0.1958672819381415
1487,0.16160125058043856
1488,0.1054804760855545
1489,0.1974938748623461
1490,0.07493838166805689
1491,0.37119475254061784
1492,0.22015314149661935
1493,0.2795363447046728
1494,-0.3363469288267915
1495,0.2801433987474449
1496,0.18335480833945178
1497,0.3130422643112173
1498,-0.6728300283027322
1499,0.11108650459249486
1500,0.3374177380894164
1501,0.36464994581486765
1502,0.3909915100489977
1503,0.41839855769349554
1504,0.18119228622875977
1505,-0.4508101506825446
1506,-0.254992022191571
1507,-0.14091352543810653
1508,0.0809074898983756
1509,0.39075543127303414
1510,0.20994854131382956
1511,0.39900143037877484
1512,0.32637851737503
1513,-0.10084832861687054
1514,0.008123047169431019
1515,-1.120157150882303
1516,0.38733821710867045
1517,0.07682858965855566
1518,0.21777942017807628
1519,0.18518701847716923
1520,-0.4593758037775001
1521,0.10627776599134303
1522,0.26698143111489064
1523,0.07741933336491791
1524,-0.22720850161392425
1525,0.19558056214126357
1526,0.25747865940971704
1527,-0.17179571920503212
1528,-0.669395587445624
1529,-0.13342538290286987
1530,0.36777988874273526
1531,0.4060763192892643
1532,-0.14622951263739414
1533,0.5863166968966473
1534,-0.07589601693729153
1535,0.026985528671152226
1536,-0.17643838174592275
1537,-0.34429932289252485
1538,0.29869251162751576
1539,-0.2628340471083337
1540,0.27921450654975366
1541,0.23830971546667618
1542,0.37386096885681186
1543,0.3460345349900682
1544,0.05531914035631891
1545,0.3709187044021535
1546,0.29848816957826485
1547,0.31891914464676213
1548,0.18087162280160052
1549,0.08023243784095235
1550,0.05869028783137442
1551,0.2938697162578935
1552,-0.4309406099197812
1553,-0.38500667733251215
1554,-0.07529656688264696
1555,0.6070942715554536
1556,-1.0785178398828832
1557,-1.5154245468748142
1558,-0.11421834711971579
1559,-0.5692934960835768
1560,-1.2474384004081815
1561,-0.20371346720328676
1562,0.21591106923170433
1563,-0.053040810116681825
1564,0.38280487305203287
1565,0.45531531184806
1566,0.2321407498783266
1567,-0.27083016339333776
1568,0.47778910457466156
1569,0.5809001925020492
1570,0.4651421282356493
1571,0.34118934230134756
1572,0.03548096670915368
1573,0.6229185894617899
1574,-0.19746479703269537
1575,0.005958010600309982
1576,-0.0857599398402954
1577,0.41220529849773146
1578,0.06872400040447324
1579,-0.3335326447097421
1580,0.2376561446209844
1581,-0.40216406482410905
1582,0.4078957423973571
1583,0.40713957483517405
1584,0.6185988719845525
1585,0.0386447307143678
1586,-0.8503084058460109
1587,-0.12083326424068708
1588,0.5096152392429767
1589,-0.43518532961645917
1590,-0.37578622443364385
1591,0.055869270333027465
1592,0.3629772174636676
1593,-0.40124100872816926
1594,0.3268417379137107
1595,-0.03610835998905093
1596,0.3691041784669369
1597,0.14224422011395843
1598,0.16789553237365334
1599,0.2732424250021435
1600,-0.0333401132994382
1601,0.2906129817548899
1602,0.20249143729675906
1603,0.3299283560816808
1604,0.6398714238988632
1605,0.06008513875724675
1606,-0.7337814012647824
1607,0.36631456386721695
1608,-0.09599683841012796
1609,0.007260746906932014
1610,-0.2366043641936213
1611,0.5856679841549283
1612,0.5261094119450052
1613,-0.6143336597017806
1614,0.11172848648280309
1615,0.09137432187417599
1616,0.4411190046172939
1617,0.2393367439982187
1618,0.14000311188595094
1619,0.16836210951049896
1620,-0.0777483536595267
1621,0.35200998424813124
1622,-0.04010334783602343
1623,0.11798077751314107
1624,0.3871259957243385
1625,0.3593223845971329
1626,-0.5707799556376331
1627,0.4612402423111602
1628,-0.43280922498157837
1629,0.2321407498783266
1630,0.2831344325470927
1631,-0.047420714452730106
1632,0.4508740918754318
1633,-0.096758035015727
1634,-0.1304525311445136
1635,0.3650294752877732
1636,0.22730503883487974
1637,0.40108181191164877
1638,0.5170117591368192
1639,0.40834707611203336
1640,0.23057204196506337
1641,0.49671864303428337
1642,0.7057859954397031
1643,0.239761024498521
1644,0.35133876170610057
1645,-0.4203503920410908
1646,-0.15565443501178267
1647,0.2961443620628785
1648,-0.03610835998905093
1649,-0.06498730339479208
1650,-0.4820513534583243
1651,0.3064449753340273
1652,0.6593157745150404
1653,-0.09197025877740472
1654,0.19629383970123043
1655,-0.2219553661503182
1656,0.3210362427496168
1657,0.1577227093568755
1658,0.19039194767204015
1659,0.4556418074620157
1660,0.17499450216066614
1661,0.3234328785149346
1662,-0.6978919207282189
1663,-0.1639352363240023
1664,0.13539354652334068
1665,0.2624141845137088
1666,0.13855532778376944
1667,0.26057086791360723
1668,0.22730503883487974
1669,0.14355711637417656
1670,0.4018998099183527
1671,0.35631745184193153
1672,-0.11597748238594796
1673,0.41674561350191036
1674,-0.6336184207285747
1675,0.5519048232818902
1676,-0.09411911596578892
1677,0.4694834210678231
1678,0.4273048338703452
1679,0.3860282844701769
1680,0.20539696730386925
1681,0.15180143823749914
1682,0.7341171218145928
1683,0.38981654902681784
1684,-0.25359879077333325
1685,-0.2331167507880152
1686,0.5580311959254514
1687,0.315474487791631
1688,-0.3011975624689146
1689,-0.1349607749019599
1690,0.07804148926928556
1691,-0.06273902963241362
1692,0.1238967135562355
1693,0.3710415273256694
1694,0.27854309873762345
1695,0.3172949828249597
1696,0.3665310602955534
1697,0.3799131371352172
1698,0.02255971783808075
1699,0.1181576579559348
1700,0.08284686460944812
1701,-0.12657875447468958
1702,-0.23420856439756954
1703,0.15879402000885706
1704,0.03096703304602899
1705,0.2018541899101925
1706,-0.8243714349182716
1707,0.12712835634137915
1708,0.07367776300888451
1709,0.3664075502226537
1710,-0.12108967086036737
1711,-0.3126361299083381
1712,0.3332857901295123
1713,0.33904485866120004
1714,0.17351572168267548
1715,-0.10314668778497915
1716,0.24868230007920322
1717,-0.38324754932009575
1718,0.5025104452803117
1719,0.28138936780832846
1720,-0.31072993345802913
1721,0.30731374167978825
1722,0.18289090442142064
1723,0.1510928761058915
1724,0.34606874016997397
1725,0.5512534506063398
1726,0.37528597467722336
1727,0.17818988734704744
1728,0.3292721935160333
1729,-0.18564783541811714
1730,-0.30402674616754166
1731,-0.24019725319807095
1732,0.5763011432031322
1733,0.7080489648588013
1734,0.6089799421547347
1735,0.41216697884099185
1736,0.2845244952532611
1737,-0.19374282987343805
1738,-0.12518760681165086
1739,0.21202381527138614
1740,0.018242775118303634
1741,0.21142335972622373
1742,-0.34139153104579323
1743,-0.3780021560714325
1744,-0.925190192078951
1745,-0.046898087352175266
1746,0.20783833615925007
1747,-0.06442780306118612
1748,0.04948893795921139
1749,0.30567297621536715
1750,0.346679609013283
1751,0.7484535214081611
1752,0.2754291205034476
1753,-0.06001722440727675
1754,0.2783725267327234
1755,0.24839587464236323
1756,-0.06270106500609551
1757,-0.21825282238105803
1758,0.04785208749713432
1759,-0.22588304687124716
1760,0.47861432396974457
1761,-0.02840933877337337
1762,0.2145320278508407
1763,0.3422602583057059
1764,0.18517564298290984
1765,0.1974938748623461
1766,0.3597097241945319
1767,0.7751570216585159
1768,-0.3410966511353557
1769,0.28661968336292054
1770,-0.48376896663769486
1771,-0.7180561364997825
1772,0.6904685167486481
1773,0.24136835709273596
1774,0.4207528583608088
1775,-0.3433626205297795
1776,-0.14779262383722702
1777,0.23867567493648106
1778,0.10855677519030216
1779,0.2604909165720894
1780,0.2877857338419785
1781,-0.09706712773470239
1782,-0.04134499428385008
1783,0.20271103641358335
1784,0.2826322092241097
1785,0.22317908934383013
1786,0.24495339003993205
1787,0.07612294789306973
1788,0.16386220712670474
1789,0.41683047862258127
1790,0.08703462360407765
1791,0.3980885884314332
1792,-0.9024479047110286
1793,-0.10749868765586368
1794,0.27832837276933475
1795,0.11413212891285918
1796,-0.22507615699785233
1797,0.06978623576787246
1798,0.2692422056673023
1799,0.2782440188188888
1800,0.09295027768352881
1801,-0.1322190293962313
1802,0.295160185638487
1803,0.27644266823503316
1804,0.20588067324699472
1805,0.11784046053877856
1806,0.37517508398406596
1807,0.6076694282693522
1808,0.13684152816073064
1809,-0.44648848036507727
1810,-0.3457057638761005
1811,0.24686366561567252
1812,0.1548488667314709
1813,0.4549948169754343
1814,0.2736967828258573
1815,0.11413212891285918
1816,0.3683168650625921
1817,0.3715816778507628
1818,0.33498729771468694
1819,0.4077837657365915
1820,0.42583337756232487
1821,-0.15304037269220494
1822,0.18487186921790943
1823,0.29287254446400546
1824,0.2803738582467292
1825,0.10330878082641959
1826,-0.19265526780970488
1827,0.4054587909362493
1828,-0.0852688972470651
1829,0.07377965828380229
1830,-0.29360716346052995
1831,0.5691099510753979
1832,-0.04010334783602343
1833,-0.06601694035799721
1834,0.18658659640628478
1835,0.3622947373404685
1836,0.3243381572854575
1837,0.06986765582671306
1838,0.35096703169076854
1839,0.29948119581540655
1840,-0.6224494618182227
1841,-0.60915143858354
1842,-0.3030198330959599
1843,0.32224335212468513
1844,0.5922732162890242
1845,0.5033369311843757
1846,-0.08068592415521114
1847,-0.05535526073774688
1848,0.040138903977273155
1849,-0.4987790066620734
1850,-0.03445613120152713
1851,0.22521978117215996
1852,0.07804148926928556
1853,0.2108880294526132
1854,0.2641245244309372
1855,-0.5878626247995528
1856,0.5934572567275633
1857,0.21754881107823265
1858,0.1992853061107417
1859,0.39995341214883706
1860,0.0005769575206746591
1861,0.03423685407367516
1862,-0.28497822212796975
1863,0.049503739219130205
1864,0.15437803123087696
1865,0.4025539097029149
1866,0.3047344651737395
1867,0.2160313433299238
1868,-0.8982722747141076
1869,0.6767772077915588
1870,0.33082862305331795
1871,0.2934582308123074
1872,0.7839976392549897
1873,-0.005831240305160357
1874,0.6708031293298284
1875,0.1922190794574909
1876,-0.12835770612200426
1877,0.20143380532476696
1878,0.026031191608305804
1879,0.5788086319544705
1880,0.40773260131728406
1881,0.2533069484038881
1882,-0.0852688972470651
1883,0.20896273342863936
1884,-0.7634954064147084
1885,0.2740245187698734
1886,0.15302094543753697
1887,0.26688017562865674
1888,-0.2566414482185809
1889,-0.16044823844038325
1890,0.22598564561009826
1891,0.16226961496440995
1892,-0.25485760218751197
1893,-0.3566945747088949
1894,0.2872527378743327
1895,0.2502380841771583
1896,0.3066182893997273
1897,-0.30569171346778556
1898,0.7036118066599483
1899,0.20910538237499282
1900,-0.38372346930908074
1901,0.5228291300942607
1902,0.34471506302292854
1903,0.17123609879127077
1904,0.34529363706267524
1905,-1.254323539434156
1906,-0.42671625988778994
1907,0.36631456386721695
1908,-0.4364261058101745
1909,0.41957517472798744
1910,-0.06599493174072824
1911,-1.4016982022812021
1912,0.3147202369835678
1913,-0.2530396912718125
1914,0.18470077786252748
1915,0.5076215419955835
1916,-0.5260364016314205
1917,0.22812402161518075
1918,0.48518435611804817
1919,-0.6254295802534503
1920,0.4713847464274106
1921,0.37102240029049927
1922,0.18470077786252748
1923,0.36872707987338715
1924,-0.9518004240698851
1925,-0.3557875544764666
1926,0.07011086637090991
1927,0.250556284883076
1928,0.5547909201769983
1929,0.05110337592982461
1930,0.11842567742504662
1931,-0.2789271392432565
1932,-0.2744732068839515
1933,0.3050660336146004
1934,0.07025252073802579
1935,0.54132379117024
1936,0.11413212891285918
1937,0.0528003024774476
1938,0.22530654557655705
1939,-0.6959487333046567
1940,0.2281334310248745
1941,0.30978009264245543
1942,-0.5777882241979482
1943,0.3751055964449288
1944,0.3463261207670617
1945,0.2568712914619762
1946,-0.024981299049679606
1947,-1.0006492186875042
1948,-0.1354300564866785
1949,0.47203627259056075
1950,0.2732424250021435
1951,0.20745934799795296
1952,0.2338641947940961
1953,-0.797778374275612
1954,0.34709715751987613
1955,0.01858513913128268
1956,-0.40290436126523965
1957,0.41872066099490957
1958,0.28571565545894595
1959,0.008226144373445266
1960,0.2732424250021435
1961,-0.012974708096726184
1962,-0.21177472280209808
1963,0.0135591037420697
1964,0.19942886711983332
1965,-1.1771769382443331
1966,0.14148468203034315
1967,0.2936878263195521
1968,0.33705129686514823
1969,0.11215995055259187
1970,0.3299283560816808
1971,-0.8730504531203992
1972,-0.24019725319807095
1973,0.23387994576905585
1974,-0.18706696749058727
1975,-0.19225054563580712
1976,0.39050901993956283
1977,-0.8562477806249333
1978,0.5445810889516097
1979,-1.308245712961251
1980,0.03369263866772265
1981,0.05337689614350216
1982,0.5876070687631405
1983,-0.0903489465054208
1984,0.04146024865289144
1985,-0.3454276227043698
1986,0.47430340261789755
1987,0.07804148926928556
1988,-0.5444921386206621
1989,-0.14413423267578618
1990,-0.7007632468409684
1991,0.0921538786016658
1992,0.2266832965533626
1993,-0.31799055415095134
1994,0.053416110851388865
1995,0.5917269102640673
1996,0.287121829922405
1997,-0.6423713653953904
1998,0.5250684446460698
1999,-0.5453829507980227
2000,0.7249282402508055
2001,0.3188236182986573
2002,-0.16802156124491885
2003,0.46970681385446494
2004,0.07518201646235234
2005,-1.2871982707590754
2006,0.2393367439982187
2007,-0.7024263786037107
2008,-0.13042080972136683
2009,-0.1714127194673789
2010,0.3531111181925638
2011,0.17802249310132862
2012,0.11686299144473267
2013,-0.28387208511524376
2014,0.42195101385832195
2015,0.43138596375623306
2016,0.4102599413277839
2017,-0.24717134345479452
2018,0.3001339554360662
2019,0.30485369798208795
2020,0.40968676993710595
2021,0.28765345951003407
2022,0.116958945628167
2023,0.05216065805463965
2024,0.2377874395199815
2025,-0.6125354502264713
2026,0.04535544286802251
2027,0.4104242850054861
2028,0.04059543056641268
2029,0.4122015017075366
2030,-0.07589601693729153
2031,0.40422912052369275
2032,-0.05461415608770892
2033,-0.0742301166558168
2034,-0.27385331942943314
2035,0.36511909787008384
2036,0.39620334305038973
2037,0.37095817412345466
2038,0.5976415517873395
2039,0.2934582308123074
2040,0.4215908330309681
2041,0.5784133418908171
2042,0.18370340943833152
2043,-0.09210163488992573
2044,0.3184172351911824
2045,-1.0729463775382804
2046,-0.3416595321658722
2047,-0.44609793586426183
2048,-0.6872533625044125
2049,-0.1164858058749354
2050,-0.7174754151956696
2051,0.24184407547124276
2052,0.204096952438184
2053,0.5461623710299567
2054,0.27452683211122036
2055,0.0921538786016658
2056,0.21411904136444015
2057,0.41995343181885647
2058,-0.9869372686795268
2059,-0.20895480655764276
2060,0.7183455257161484
2061,-0.14053878290126176
2062,0.11383462180173631
2063,-0.9790693135136667
2064,0.5182013758452046
2065,0.27965390032501025
2066,0.020807631944097515
2067,0.4091826289555582
2068,0.5048808397132365
2069,0.36989680962355376
2070,0.32948534544862484
2071,0.3747523858392833
2072,-0.2567410981557028
2073,0.0569913390400244
2074,0.4774233163724688
2075,0.2603807522538413
2076,0.37785250625188394
2077,0.38890273284579313
2078,0.27381405994953323
2079,0.5899212282094285
2080,0.4087225861666507
2081,0.7442934626787833
2082,-0.2623312108948066
2083,0.4247250122081511
2084,0.2535366478214471
2085,0.5671105180184484
2086,0.4239474902965131
2087,0.2716418509955656
2088,0.17101243793299792
2089,0.03215725584858775
2090,0.2529969130688862
2091,0.3422429666960757
2092,-0.7636149590178571
2093,0.41204609847089246
2094,0.40276430541292213
2095,0.6640671544758799
2096,-0.20974341888387726
2097,-0.033250892958543776
2098,0.4143505397118073
2099,0.4017302763751154
2100,0.13202947264660658
2101,0.17485151680714262
2102,0.211068306533034
2103,0.374794531667643
2104,0.25182629459486583
2105,0.1725595952267196
2106,0.3657785075237676
2107,0.36631456386721695
2108,0.6069750232147155
2109,-0.8295866408322923
2110,-0.059742561220549106
2111,-0.1233353636327299
2112,-0.14518569703159823
2113,0.1463078956267846
2114,0.1577227093568755
2115,-0.6753929883174672
2116,0.3923257754711998
2117,-0.10025789842985677
2118,0.0549132388544088
2119,0.28947632580767657
2120,0.1251565248639276
2121,0.431901767498397
2122,0.08975901408580389
2123,0.2994215670271807
2124,-0.12434295929523931
2125,-1.0310312142027482
2126,0.29967407672708846
2127,-0.25526740096091394
2128,0.23697178471986058
2129,-0.8605585816560903
2130,0.44688600483751
2131,0.22755043593309154
2132,0.207766564884784
2133,0.6235061839180905
2134,-0.8250046077819939
2135,0.4904450406149497
2136,0.2486868118888802
2137,0.5598230459779954
2138,0.23867567493648106
2139,0.09892600772184224
2140,0.11086276638913739
2141,0.3689572062318278
2142,-0.09752911147752008
2143,-0.4218229569682561
2144,0.09490405743192631
2145,0.37531041672887683
2146,0.4067645124694129
2147,0.2674034643249864
2148,0.14587382786923042
2149,0.36823879437506246
2150,-0.057844080036729695
2151,0.37265836346202774
2152,0.362941282879403
2153,0.21037159753464751
2154,0.5416655362218866
2155,0.08155543054232661
2156,0.3945106665307814
2157,0.5265527829346504
2158,-0.6370838442946192
2159,0.17589515633622876
2160,0.19115668598150543
2161,0.5376237193965764
2162,-0.4889208015880355
2163,0.19115668598150543
2164,-0.24871306433743978
