,pve
0,0.16254292365736162
1,0.229557015767884
2,-0.4917472305679985
3,-0.1365935300199046
4,0.1879112538507549
5,0.049191656307596365
6,-0.2777689730617856
7,0.23822907316133202
8,0.011462620987857663
9,0.12304656709114137
10,0.38795784541407885
11,0.09723841972100256
12,0.11360543790790256
13,-0.3329194320698118
14,0.5468763181508254
15,-0.054114348238020415
16,0.1328021954940133
17,-0.6686872217685285
18,0.29610447211815766
19,-0.039809470768494504
20,0.17954635277280606
21,0.13287114008275824
22,-0.04737437950280954
23,0.22626552570181346
24,-0.13496979754193206
25,-0.27907977378368465
26,-0.9985001607039709
27,0.46086026826662546
28,-0.06485977583788094
29,-0.07906635966234676
30,-0.10146791637279573
31,0.33396892785496535
32,0.17208307683237722
33,0.20980647732312951
34,-0.27146887823323984
35,0.5875409715632909
36,-0.48233524589143906
37,0.30856221299004843
38,0.09299009035058214
39,0.34159534212481263
40,-0.4486960674256434
41,-0.3503114444321337
42,0.3598705783984969
43,-0.33595246603736795
44,-0.3648143305810331
45,-0.010891468684444683
46,0.25742586103134657
47,0.3292582507541157
48,0.06362759532817452
49,0.518195437767414
50,-0.0664272613265664
51,0.3229457369502404
52,0.17753109566522396
53,-0.3047049958311918
54,-0.07959141046406171
55,0.2424645721927346
56,0.08968671931429162
57,0.3524886227749028
58,0.42384840856262085
59,-0.0980206244283055
60,-0.03584941098906813
61,0.23610647987441424
62,0.2017192524048662
63,0.11351007794920065
64,0.13268219465975373
65,0.49269324203613557
66,0.5225749466197491
67,-0.5852755894448283
68,0.26828939650478995
69,-0.004196785437844963
70,0.01392687615715027
71,0.44681206608680085
72,-0.6235216713887181
73,-0.26526303982617416
74,0.03238793887220737
75,-0.4111678185285761
76,0.25145591453316685
77,-0.3063987149991625
78,0.4463215513106855
79,0.03808078783563773
80,0.30988452347161766
81,-0.9046747048078393
82,0.41608651350801407
83,0.11595002458753312
84,-0.26519249465972294
85,0.14630730199250985
86,0.3906661972854855
87,0.446097314019079
88,0.27217837867118594
89,0.1519749099608909
90,0.32835488060586915
91,0.25988556999399903
92,0.14969508439813684
93,0.2859538719458806
94,0.08470327256985277
95,-0.20520737543274248
96,-0.5590095371023
97,0.3266290237482709
98,0.4799580815886709
99,0.44681206608680085
100,0.1332014746010054
101,0.0672273034547819
102,-0.1311842167033831
103,0.4998055648974822
104,0.5083646005114321
105,-0.016039418966131702
106,0.00992723306111698
107,0.19838720283880373
108,0.16981611715467904
109,0.24086626776087772
110,0.07064338179054885
111,-0.07227390379096521
112,0.1380344538755256
113,0.5907750898704053
114,0.34982692220010514
115,-0.6921825357375675
116,0.4928319486816427
117,0.31006432350324165
118,-0.04775342745958977
119,-0.48208892882280785
120,0.31263288944995904
121,0.04274599373225352
122,0.2434961052080194
123,-0.3990489152041079
124,0.0037651977729605823
125,0.22383141216399177
126,0.1148863709605733
127,0.2448873519344651
128,0.22589944851841992
129,-1.0413923692994154
130,-0.3329972663503684
131,-0.6368176565326211
132,0.2009165768735297
133,0.22330228533818453
134,-0.1816854470822893
135,0.48053129937077776
136,0.08796427571904764
137,-0.31284668222081813
138,-0.042490146271742746
139,0.2931873373976442
140,-0.6011695797935108
141,-0.1667544544639714
142,0.049094059556338276
143,0.5197249815328715
144,-0.004362190455857506
145,0.16877848998687361
146,0.3000624542484517
147,-0.3680345995502613
148,0.16648135401313824
149,-0.2609743490740467
150,-0.11235274585659016
151,0.09723841972100256
152,-0.5996957211483227
153,0.07783639570448708
154,-0.3661157667780188
155,0.10174416801290187
156,-0.1672497584490762
157,0.156508561828947
158,0.22639888783114526
159,0.3064675290818205
160,0.19785700051183014
161,0.11360543790790256
162,0.3861400109657477
163,0.25633786935426395
164,0.22397699275432748
165,-0.24237582438062066
166,0.15062674582348523
167,0.335686497426759
168,0.5393750231551051
169,-0.21834034727466267
170,0.14225131755747833
171,0.2415931798769368
172,-0.8619012388584764
173,0.2570071517499657
174,0.4670925150066994
175,-0.490191765835975
176,-0.5972323349903627
177,0.3267834144530683
178,0.06846198498127554
179,-0.22246921175191392
180,0.5179690297385358
181,0.07847076698435518
182,0.2807985906267184
183,0.28925824417052926
184,0.563230606162564
185,0.19518401781235584
186,0.4932709238415437
187,-0.3560696036358546
188,-0.8493541245518057
189,0.4134732603989172
190,-0.06102855688951203
191,0.016584528583258318
192,-0.6126857909563306
193,-0.10882571811763764
194,-0.3899479841894763
195,0.0650690851676965
196,0.028539733656884447
197,0.42090704803304835
198,0.36907396038768575
199,0.16209277005968548
200,0.05081825885274516
201,0.4280411072267252
202,-0.8225138406810999
203,-1.171208508522882
204,0.34069071136277196
205,-0.07468891797823718
206,0.05155033260154751
207,-0.5964242748088726
208,0.45544901048433317
209,0.06422798785353845
210,0.29343326897477723
211,0.351998908548339
212,0.2740517649172557
213,-0.23100760040204527
214,0.07979691432530056
215,0.3490809003529399
216,-0.010794889355216664
217,0.2870612585256388
218,0.2718202640453013
219,-0.06777741794530479
220,0.18844936192686285
221,0.3332004091292179
222,0.2781734594820322
223,-0.20660863925963668
224,-0.3390028915331781
225,0.30186146133596237
226,-0.5058137356178661
227,0.17208307683237722
228,-0.14692960714814984
229,-0.21301196176860893
230,0.023872454500192264
231,-0.30522663952271534
232,-0.4102998449669165
233,-0.2056428526513232
234,0.5135584113524301
235,-0.08877918103034854
236,0.35490709849049545
237,-0.8009335785164478
238,0.2800588859923433
239,-0.06190910349746814
240,0.4062620351859527
241,-0.5015951937863722
242,0.08750032977020494
243,-0.5006117887674743
244,0.012076480451507443
245,-0.3466197986292797
246,-0.11571720895718096
247,0.49210023626874055
248,-0.7459817539274329
249,0.15879911264007307
250,-0.5585310347814818
251,-0.8371394932324129
252,0.4040656967315348
253,-0.47289621619696465
254,0.5403395706732159
255,0.25601424044828436
256,-0.16141965359994437
257,0.29392183304250097
258,-0.15036718298016571
259,0.5348242963117359
260,0.012134131421092875
261,0.29761146343319
262,0.11733266248521279
263,0.4234865245308092
264,-0.41311933845456905
265,-0.01158174767304565
266,0.33299535345045594
267,-0.34422816006890755
268,0.27034849520271986
269,0.37035543819871697
270,-0.15036718298016571
271,-0.8327571971103063
272,-0.005334458840073331
273,0.3119003613568383
274,-0.07239387073237336
275,0.35843462809723564
276,0.1364626072356594
277,0.06185044687811614
278,0.07076070427503145
279,0.541542966443302
280,-0.31392355147178075
281,-0.10958604034569386
282,0.25378501721954494
283,-0.353912766352096
284,0.10316956574871905
285,0.28391603174904456
286,0.08181107074728111
287,0.11096550277047879
288,0.35878585085837156
289,0.04593465718317802
290,-0.14920808491697113
291,0.018510827329216717
292,0.5293933316883936
293,0.13560261142120844
294,-0.16328371174689194
295,-0.22430927408726453
296,-0.8500913755414651
297,0.09259859303096218
298,0.4496384891227213
299,0.2628107202859902
300,0.38514210851861247
301,0.2815226797289834
302,0.5152033761878568
303,0.3283521943492983
304,0.018241895051681167
305,0.1934979063622545
306,0.4204429830586115
307,0.33567382411810465
308,0.5023374733685771
309,-0.07222168189782607
310,0.2527010980587465
311,0.16228860476157425
312,0.4911984583399423
313,0.41505219977551566
314,-0.2109774094724025
315,-0.012367082707949062
316,0.5313589358493529
317,-0.04553935900164596
318,0.3317585110297472
319,0.24377635674846126
320,0.4699585524153999
321,0.46036812057285625
322,0.22114729938821465
323,-0.14271716378911303
324,-0.3293132055657284
325,0.1593638739537766
326,-0.6113363464061129
327,0.3416461882255933
328,0.4496384891227213
329,-0.3770978643736552
330,0.3147766899813814
331,-0.04492451874413561
332,0.20844947502613342
333,0.08767536177288282
334,0.1124754086699683
335,-0.03559808481184756
336,0.36337892209996436
337,0.44915020480444956
338,0.2980017509824779
339,0.06205596295454785
340,-0.3541427708543974
341,0.07147584006389152
342,0.44580185092754043
343,0.4373156232180869
344,0.3055843563584949
345,0.2708803801778183
346,0.1296330165436107
347,0.42404266829905035
348,0.42535693275051745
349,0.1814426173751137
350,0.2690186073918659
351,0.22383141216399177
352,0.4706657919089576
353,0.11322983783122798
354,-0.008741410926300208
355,-0.655790213566648
356,0.2880671347736871
357,0.32153194911591076
358,0.4522827827482543
359,0.2867985629713431
360,-0.4625705835708521
361,0.07199930902445095
362,0.43762348856889766
363,0.39138570337030726
364,-0.12648709334573072
365,-0.38698562227443145
366,0.2567597145083135
367,-0.5174871857878436
368,-0.4768528658905157
369,0.4499674775965905
370,-0.06655486836917046
371,-0.4821451601770941
372,0.01111240344691522
373,-0.4691118259191619
374,0.012763696573401373
375,-0.43761413866672094
376,0.15886051850293814
377,0.18901316674539753
378,0.13497619083936307
379,0.056072378030275205
380,0.517995012303667
381,0.42971128042836276
382,0.20474799013262668
383,0.17264012832329273
384,-0.24338799022383673
385,-0.0049425330953581925
386,0.38548770636325447
387,0.02421499724323639
388,0.41987097080731667
389,0.28313407067308627
390,-0.7244891003840885
391,-0.026386880779832422
392,0.4067076154359707
393,0.08897991985194897
394,0.511432494748339
395,0.12336578977746904
396,0.4420930952877412
397,-0.2630708768729051
398,-0.2890281117416884
399,0.2603421104913803
400,0.1707853824992277
401,-0.4033295682809105
402,0.16139038598210076
403,0.2316933929656333
404,-1.3932795198863537
405,0.01645159223011694
406,0.06280048936847848
407,-0.05263537742715407
408,0.2597837483828598
409,0.2753665416865999
410,0.4847797305530266
411,-0.21306525099684614
412,0.2745766117644101
413,-0.41738120148132496
414,-0.5268177903565475
415,-0.08800996190778765
416,0.24996156572991374
417,-0.18061895669283312
418,0.07940773495589692
419,0.14276507051441967
420,0.04257874314101362
421,0.07258123247817605
422,-0.22228940249070683
423,-0.08529130958657405
424,0.014145365464573567
425,-0.2121235878150587
426,-0.06990622351548581
427,-0.036770729780625566
428,-0.6352616372710537
429,-0.10374713252226231
430,-0.2521523905302403
431,0.36222420566583496
432,0.24064659764664248
433,-0.28600210932073533
434,-0.7001817618733811
435,-0.43431592137473474
436,0.1024653281176654
437,0.07513359462442726
438,0.1844345042708313
439,0.3586882600984931
440,-0.15179586836874348
441,-0.014376436713886442
442,0.47312132063062623
443,-0.42719580785503963
444,0.13327604257841263
445,-0.2930775418272984
446,0.3997466596419366
447,0.1216084597407624
448,-0.12741418422333894
449,0.08923041249073727
450,0.2362201762626866
451,0.5271192413444598
452,-0.11039604288733318
453,0.007258779219758926
454,0.45332790834097625
455,0.02405284361135751
456,0.4681610616950823
457,-0.5462174934563301
458,0.2040241636110961
459,0.2923300375875431
460,-0.01500150656840915
461,-0.49929223196224914
462,0.5206600652988012
463,0.0009189627953108959
464,-0.19595302110988477
465,-0.028686497807349887
466,0.13345145650192758
467,0.08770304930993511
468,0.22728433471241094
469,-0.14298991452342624
470,-0.41388527878225323
471,-0.24065860663077687
472,0.010537547225720978
473,0.4932709238415437
474,0.19305569666374278
475,0.4468939332766102
476,-0.013018489610809536
477,-0.31083427666321606
478,-0.26156095367248544
479,-0.5049824726030073
480,-0.12823082228571903
481,0.15547083938959205
482,-0.07568083137492543
483,0.3864740362507954
484,0.24482188160596513
485,-0.0963216804657343
486,0.185460289071259
487,0.3459064228530883
488,0.3517117232389313
489,-0.38977567207328123
490,0.017965976016313334
491,-0.40531327822630847
492,0.06308413578150185
493,-0.09758018559105763
494,0.2404485004311096
495,0.5083152147035864
496,0.11248658836444325
497,0.27463753545942104
498,0.16243582390537536
499,0.16959346169137757
500,0.0036452329605114464
501,-0.0929053778293486
502,0.13238348333783057
503,-0.42592887831887427
504,-0.027924519125075764
505,0.21388277355220187
506,0.18654349995837655
507,-0.7728390127789178
508,-0.08866052769113353
509,0.10385461374814486
510,0.4283304873677794
511,0.37921250126208667
512,0.10073296573860091
513,-0.2002946818697482
514,0.39855921512930026
515,0.1342342961289842
516,0.44631199986408165
517,-0.10696125597866557
518,0.4661263959148821
519,0.09482528532297285
520,0.021814227606417713
521,0.22639888783114526
522,-0.07206641122811053
523,0.46402309511985895
524,0.05752909485214175
525,0.05539342375336964
526,0.08564844202939315
527,-0.8837846225702799
528,-0.07697652412452571
529,0.3708259531403599
530,0.09808710935558618
531,0.024784115792258032
532,-0.013677934575600625
533,-0.22137086185107102
534,-0.319497509649614
535,-0.014252032059723474
536,0.04348789477041137
537,0.12189529054634218
538,-0.24074161814576445
539,0.05685195959934619
540,0.35358401365699876
541,-0.10461030364501323
542,-0.6731430458151845
543,0.02430776324840811
544,0.3256148685440534
545,0.13497619083936307
546,0.032450620794972074
547,0.21749097936878614
548,0.5050104045521078
549,0.28205390787675844
550,0.017948626073565954
551,0.15349003739117995
552,-0.06496053618862996
553,-0.8759103357599977
554,0.502569878501253
555,0.21979069495171333
556,0.09845415377504108
557,-1.0655213252509808
558,-0.11468508899591678
559,0.2588615364518081
560,0.2331635102351981
561,-0.4684576345992456
562,-0.5897736163735828
563,0.3663050444555559
564,0.3841285409024668
565,0.049984969890574105
566,0.13820783568527395
567,0.17354263218329957
568,-0.5358789356960967
569,0.4139823069693698
570,0.41633471349350937
571,-1.1077619586257224
572,0.4779227365701617
573,0.12302245266801237
574,0.011245638939816338
575,0.24522747967733682
576,0.4257548465740311
577,-0.20144676440085907
578,0.20987009432750747
579,0.04814483420074489
580,0.004761889230232463
581,-0.46665119254940124
582,-0.08272996739415184
583,0.186068392150189
584,-0.45114281273931744
585,-0.385373753994778
586,0.09600270221148355
587,0.002616096445392624
588,0.1439976874183566
589,-0.3477952566083178
590,0.3277220164721088
591,0.34087530451723047
592,-0.19857561845614746
593,0.4404798027595838
594,-0.4477386619991296
595,-0.13314698104846057
596,-0.050704782731625264
597,0.03609888288379237
598,0.012096326699033932
599,0.24073560504254232
600,0.03648611214673414
601,0.004979515773823162
602,0.22069798651300687
603,-0.7090953224073405
604,0.046492860280569426
605,0.2675605774834512
606,-0.028686497807349887
607,-0.16605330689524733
608,0.038311481074479126
609,0.54703507239515
610,-0.2408184262939741
611,0.4811489935208056
612,0.2538426819139661
613,0.11860453816266447
614,0.1340941457938689
615,-0.13178305351201292
616,0.5180036725152755
617,-0.6176244450138879
618,0.11847519529099604
619,-0.4569724996322909
620,-0.6866019641758306
621,0.37921250126208667
622,0.43901976983927016
623,0.1525424755043835
624,-0.037462511610647065
625,-0.28132039814623366
626,-0.46726011623759256
627,0.5758007783619414
628,0.07283553714762836
629,-0.00861539002031686
630,0.09167075311196227
631,0.02853999368097182
632,0.00419737563871958
633,-0.1966955115989666
634,0.13804487016307176
635,-0.20006275828352194
636,-0.19296618157151946
637,0.18592378176775537
638,-0.9229536850388284
639,0.15914707030281294
640,0.2337451116388835
641,-0.06318906466943419
642,0.4484728993099022
643,-0.10927918346419863
644,0.27530503539097634
645,0.4080638664710884
646,0.0007232014657898578
647,0.3213674569906951
648,-0.012077651213324048
649,-0.4430070066795656
650,-0.13127568707028348
651,0.5383379630876615
652,-0.046164126802092253
653,0.027483853845588713
654,-0.11571720895718096
655,0.3628199950308495
656,0.26644842642562305
657,0.5741983751704337
658,0.43771537615559536
659,-0.04359142791812076
660,0.1879112538507549
661,0.1364626072356594
662,0.5427529953343357
663,0.14225131755747833
664,0.5226261798534214
665,-0.2994588553860452
666,0.11127444025556399
667,0.5597217490764631
668,-0.4555343822087653
669,0.328124770540972
670,0.3848092608347796
671,0.541442033098372
672,0.1428090793999225
673,0.5033692717033802
674,0.15895423223198557
675,-0.07908276799502534
676,0.17492431528976793
677,0.42943395435387305
678,0.06680863082778099
679,0.4961763591231698
680,-0.7573218406225193
681,0.02421499724323639
682,-0.18101866678048706
683,0.47542526017190145
684,-0.3146998955456597
685,-0.2316750741391188
686,0.28403300161870143
687,-0.019468694913107543
688,-0.5352234017281471
689,0.05198850323986892
690,0.0495041160709484
691,-0.26932496301425657
692,0.41580752359100037
693,-0.22438934323647042
694,0.24862942522689796
695,0.6362488750832835
696,-0.01537318858359038
697,-0.43122112451048944
698,-0.08165622730059885
699,0.11342153374912545
700,0.10304857707801618
701,-0.0554850229617897
702,0.301011235121459
703,-0.1344513663395871
704,0.08724031159934942
705,0.16044034605487645
706,0.08545952270852808
707,0.19974653401174725
708,0.17190418811363073
709,-0.0690605298457414
710,0.22037068771328383
711,0.028375474404270795
712,-0.274806771763046
713,0.32852613162323463
714,-0.019164138563601107
715,0.42423010796343613
716,0.32520958359495433
717,-0.029447002577849046
718,0.2524409413306395
719,0.21172367126101554
720,0.4278663246440643
721,0.46763439625398584
722,-0.010396356183619448
723,-0.5871129258425546
724,0.17649310460404377
725,0.04921127497418365
726,-0.048982432035653
727,0.08556440927210551
728,0.24299694204467226
729,0.3128213584586077
730,0.4699172454181997
731,0.020420336095982705
732,0.46340680210621743
733,0.36907396038768575
734,0.021268065920145296
735,-0.1087923320250952
736,0.11181340735992862
737,-0.17556471305445243
738,0.1313861434522322
739,-0.0882505127594988
740,0.06205596295454785
741,-0.060090456171467466
742,0.1579672013008212
743,-0.14920808491697113
744,-0.913365626957861
745,-0.00896716703912348
746,0.5643436680047337
747,0.07250213109833703
748,0.3926178701361171
749,0.10439350596354069
750,-0.298403235221802
751,-0.3074030329803389
752,0.276467029029556
753,0.07598230359984115
754,-0.24529295833636733
755,0.23309668597519084
756,0.20477429631749844
757,0.13909851108806093
758,0.2301828468077422
759,0.27892364821356025
760,-0.6649801638241799
761,0.47311732932744655
762,0.02860242630687937
763,0.36252764603477505
764,0.17642910765795078
765,0.2011131211101217
766,0.05483298993415675
767,0.3051723154406977
768,0.41348147988299744
769,0.3472989421830167
770,-0.8460407089802644
771,-0.3133475172335132
772,0.3146469561306204
773,-0.11390332200265818
774,0.08750032977020494
775,0.5128739404103309
776,0.0025741940467824964
777,0.34149589626897164
778,0.03449706905942951
779,-0.3262332621133418
780,0.1614859831679043
781,-0.8924546418866162
782,0.038537312835801085
783,-0.10859643312387746
784,-0.536576640425157
785,0.08796384906520627
786,0.29108929555982127
787,-0.16569219607823982
788,0.13198576166601628
789,0.5171563088088454
790,-0.18559602916760254
791,0.1888044462042595
792,0.3128393115503992
793,0.22300327875050108
794,-0.3894957968904956
795,0.5575690911193771
796,-0.9522780762196511
797,0.14375472214852225
798,0.3329918845724612
799,0.48089363045211897
800,-0.0237312605545823
801,0.040628313551514306
802,-0.2015042371696485
803,-0.1375310120658163
804,-0.02570551245837316
805,-0.46421039119170027
806,0.47449253201056363
807,0.023582993202243108
808,-0.2054715631519709
809,0.13688268405751303
810,0.09832063406131053
811,0.14099670791286334
812,0.08929805153721138
813,0.29045634387878594
814,0.30745133611062364
815,0.37409224133704644
816,0.3458420921155753
817,0.1381920252055555
818,0.14723304013262117
819,0.11965642323325676
820,-0.009448035163233115
821,0.1545926742362871
822,0.05970692426256874
823,0.3869002191963877
824,0.274040784618824
825,-0.15036718298016571
826,0.17613088624372464
827,0.3478063199044123
828,0.256582078971461
829,0.22637417331428772
830,-0.3062949102669543
831,0.4482706916095285
832,0.10722285225013439
833,-0.5287864292002801
834,0.043903410775809615
835,0.1591197350621758
836,0.0431649940743043
837,0.41593683726690817
838,-0.3603246848886049
839,0.10768722930741303
840,0.0863485520678462
841,0.2235358978353068
842,-1.0259263557669944
843,0.39229230333473036
844,0.42413727847643756
845,0.2697936601263058
846,0.1589557381646587
847,0.28506070921953974
848,0.42334047603808034
849,0.18812498857235538
850,-0.03952268499737843
851,-0.08165622730059885
852,-0.9661787795298337
853,-1.1501017705274754
854,0.5107033588851415
855,0.06168129324479321
856,0.42208011210677876
857,0.5571617995314564
858,0.29840951232635865
859,-0.4512852059209008
860,0.12291160620723951
861,-0.5381350155910708
862,0.012142530115457961
863,0.44326908455158254
864,-0.015119077997027164
865,0.05776338411660542
866,0.22047496178546283
867,-0.28234094071678884
868,-0.1372903912996285
869,0.4163403312460453
870,0.13760589589045313
871,0.3782097671057679
872,0.05610048310446647
873,-0.019885145606357568
874,-0.18415018870899336
875,-0.4706974816751006
876,-0.2500006024674045
877,0.3593655798563597
878,-0.10404010468364366
879,0.03601075402112908
880,-0.34589099262180667
881,0.0021130416190483503
882,0.11594486257542269
883,-0.18899125461172617
884,0.256582078971461
885,0.46529169161581274
886,-0.4388305300718581
887,0.052814702501836064
888,0.3463699732705317
889,0.1807306657523946
890,-0.25957911738160055
891,0.5265774876001109
892,0.09911140515870387
893,0.4171131108707342
894,0.22639888783114526
895,0.09574338264445803
896,-0.07227390379096521
897,-0.021625636712893304
898,0.48614786613520344
899,0.010704013179027472
900,0.08751494843294105
901,0.08027999886717219
902,-0.19092041459289555
903,0.42720419272427057
904,0.4877719225567741
905,-0.6800904226930362
906,0.20857531266400237
907,0.021359497557671525
908,0.1280636506771532
909,-0.048631315886267124
910,-0.2230954983301332
911,0.23280222462789485
912,0.25546849514528536
913,0.31023643774852827
914,0.4438837246374909
915,-0.4840468306882194
916,0.18918333883065586
917,-0.6535472332140356
918,-0.3139358495626734
919,0.27503485275206424
920,0.2615013046726722
921,0.38575776112381416
922,-0.7310048458332079
923,-0.6975758289414989
924,-0.056245440087979826
925,0.018927041217037033
926,0.04376597318650299
927,0.12113731014000573
928,-0.04444325684337869
929,0.183796279837514
930,0.2410523863553518
931,0.38444007690474175
932,-0.3312521228563119
933,-0.0032049257752705396
934,0.37640789637095173
935,0.20648907849528558
936,0.04916795749242675
937,0.5974526430246238
938,-0.023364592367485226
939,0.4148558353019418
940,-0.34589099262180667
941,0.16809987751714495
942,0.17605261596957678
943,0.3042268128146991
944,-0.29698881420555145
945,-1.2478037947592817
946,0.02236161854571217
947,0.2664916766792253
948,0.04273787620042546
949,0.3739547119715271
950,0.3147701205639109
951,0.057378415366335034
952,-0.19125445557134813
953,0.2537093394384712
954,0.23563301310628415
955,-0.6490279482828948
956,0.5991365547652832
957,-0.02937096799012817
958,0.24304432752397304
959,0.3219102253766038
960,-0.5280148211186966
961,-0.09184789055095088
962,0.40239459831842767
963,0.11229113426316895
964,0.36185687948602807
965,0.5751459673942562
966,-0.00818902729295401
967,-0.09497864303857351
968,0.025672916942529933
969,-0.22915957682952193
970,0.47866802151206167
971,0.21509619675013802
972,-0.008930501204002184
973,0.34268485785039243
974,0.5183625070372855
975,0.4540605538143595
976,0.034261623185521506
977,0.29420367548626974
978,-0.5131884132157883
979,0.29152903842005895
980,0.1903748968074226
981,0.35791981660895034
982,0.1315224821426666
983,-0.351576567949054
984,-0.9422236189289357
985,0.04981884445904061
986,-0.11446512240205042
987,-0.14189142240236152
988,-0.2015042371696485
989,-0.039727371735916894
990,0.11778306626394786
991,0.15097116464011517
992,0.4811489935208056
993,0.334661953001808
994,0.10665374141204598
995,-0.8022710941965205
996,-0.4352244059240703
997,0.5651987846945359
998,0.15355664855316686
999,-0.009556461467453592
1000,0.11463602690837082
1001,-0.03654520626652469
1002,0.546643928514942
1003,0.21364044457456755
1004,0.1944508807529196
1005,-0.27366910166712366
1006,0.4936915752345101
1007,0.2841688490875867
1008,0.4674382598676544
1009,0.14052102962173119
1010,-0.38161443379809423
1011,-0.7702241719771086
1012,0.4452266117365472
1013,-0.03636049529808549
1014,-0.21763916937760452
1015,0.03461493483898348
1016,-0.8074220108657545
1017,0.2254951102478312
1018,-0.2437368617749981
1019,0.2722768626416288
1020,0.5529171390793456
1021,-0.2907173649679091
1022,-0.047334114404708916
1023,0.20158197631138353
1024,0.4926473266700313
1025,0.34679505944854055
1026,0.0405098896027416
1027,0.34930975657577296
1028,0.47449253201056363
1029,0.22114729938821465
1030,-0.223699182882527
1031,0.37010087885475945
1032,-0.15276113320876405
1033,-0.17392922158978585
1034,-0.41075577835541344
1035,-0.33519120354685616
1036,0.4431212956050008
1037,0.11076722636624214
1038,-0.4410375422006986
1039,0.061967657551252
1040,0.10889602839327761
1041,0.301894559150811
1042,0.2816496728194866
1043,-0.38085266560051834
1044,-0.6855675850914447
1045,0.07204929974733965
1046,0.5842742418063591
1047,-0.13239767626630683
1048,0.22593339858826533
1049,0.502569878501253
1050,-0.07487482506657095
1051,0.2362201762626866
1052,-0.06875009260219656
1053,0.15879911264007307
1054,0.19302900427785175
1055,0.41467214302215294
1056,0.41335303945386853
1057,-0.1794188838820685
1058,0.29944697668125014
1059,0.07608621464732201
1060,0.053725299758269784
1061,0.07809244330420251
1062,-0.077341578189841
1063,0.42504366586258807
1064,0.2355357997588266
1065,0.49196638927199
1066,0.24197278177450704
1067,0.1379230052394549
1068,0.23920542334963452
1069,-0.08985119837024091
1070,-0.12956702222729422
1071,0.13790980466781677
1072,-0.03607330586097324
1073,-0.010822865835232842
1074,0.5599829875103097
1075,0.25361103770338
1076,0.22639070049278287
1077,0.2413653734011108
1078,-0.48106437161508253
1079,0.2552598163679081
1080,0.36475323323215547
1081,-0.11792269690464596
1082,0.11123328152352152
1083,0.018241895051681167
1084,0.56144452986936
1085,-0.8604625856166841
1086,0.2255353319383273
1087,0.5434188728673753
1088,0.4132907609685977
1089,-0.36403787725049364
1090,0.11938836363908156
1091,0.4811489935208056
1092,0.26771296251579635
1093,-0.04304571469055751
1094,-0.5402965385130108
1095,-0.07434066075553503
1096,0.523928001440729
1097,0.22879349004798216
1098,0.35938885539722876
1099,-0.15053584829797495
1100,0.4063286287922881
1101,0.08277572397342547
1102,-0.5368243429379355
1103,-0.15650252234182804
1104,0.20620023937986665
1105,0.3102580011261014
1106,-0.5418520760011438
1107,0.19895158885726738
1108,0.4564997548086416
1109,0.13874589855515362
1110,-0.5215957657357055
1111,0.10584069079954528
1112,0.41260173509204207
1113,-0.46371794814283573
1114,-0.45755547917189965
1115,0.4581427025526882
1116,0.19065562721277807
1117,-0.4522803746260483
1118,0.008930368595763793
1119,-0.8587663926078266
1120,0.4427932723880238
1121,0.2583233382085014
1122,0.4229115276942992
1123,-0.1649355852861656
1124,0.18982535831470815
1125,0.21276119639448943
1126,-0.24940802834816744
1127,0.279722700949653
1128,0.35897429072545534
1129,0.4092891393839171
1130,-0.4116788578794882
1131,-0.25930127566793093
1132,-0.02905199416554216
1133,0.23864213121982591
1134,0.22114729938821465
1135,0.2510651905382234
1136,0.2463791032102675
1137,0.3979198939619275
1138,0.45242914240959065
1139,0.3983841917363556
1140,0.36962349519858856
1141,0.12653699516735029
1142,0.1014900319831995
1143,0.19447584340394342
1144,0.24050392687813116
1145,0.10348920354274149
1146,0.2244475244755143
1147,-0.06452701168186237
1148,0.11122510733296631
1149,0.058327072693160065
1150,-0.08409011567842828
1151,0.34747728511633547
1152,0.011439255488302047
1153,0.05846268138071398
1154,-0.735291871385987
1155,-0.6245299233098341
1156,-0.10994175402962059
1157,-0.42204719598541496
1158,0.13922457750981332
1159,0.47251013387465657
1160,0.06308413578150185
1161,0.22879349004798216
1162,0.4440395313799964
1163,0.31146880354961404
1164,0.3838881515730842
1165,0.06574160911958038
1166,0.15244416906574987
1167,-1.211045964137052
1168,0.1764548003858578
1169,-0.4233257139598886
1170,0.40436024461000425
1171,-0.06112684519593592
1172,-1.1142629885744404
1173,0.22394370507363937
1174,0.02033863545985759
1175,0.07195355896935207
1176,-0.04348838795098997
1177,-0.6643156319453138
1178,-0.385373753994778
1179,-0.2475111070138999
1180,0.28522305656347147
1181,-0.5955326745618382
1182,0.03648611214673414
1183,0.3713495332177674
1184,0.43102992035504195
1185,-0.21899738888389997
1186,-0.34337892026756167
1187,-0.8224596164471579
1188,0.23132322326186205
1189,-0.4528891573774435
1190,-0.6631052138518094
1191,0.3090553166287271
1192,0.15485467192876268
1193,-0.33533827233409275
1194,0.3580761628673208
1195,0.2362068793580342
1196,0.20538017330900626
1197,0.16111153003522977
1198,0.3323558255562078
1199,0.28506070921953974
1200,0.5313814629260674
1201,0.08923041249073727
1202,-0.08165622730059885
1203,-0.3770978643736552
1204,-0.03800886465316178
1205,0.2570071517499657
1206,-0.2221614052646873
1207,-0.1682603723579369
1208,0.5247819972780812
1209,0.2645683557125307
1210,0.0706306266390494
1211,0.2931157322500881
1212,-0.6292735907525329
1213,0.31028866599073207
1214,0.05322426065928998
1215,0.4746362999065211
1216,0.06864216473476104
1217,0.26433546606477715
1218,0.2859961938788021
1219,-0.1643755631431627
1220,-0.13922662406521558
1221,0.045802469764183784
1222,0.29881547193484237
1223,-0.3987173033816843
1224,0.3880109151492635
1225,-6.242041554327393e-05
1226,-0.19487676335295256
1227,-0.15351010163093926
1228,-0.06809012072123488
1229,0.31094893202097756
1230,0.35746739294659846
1231,0.2579451922514464
1232,0.6108799699528434
1233,0.30435808691133814
1234,-0.4041489017451043
1235,-0.4476483104105473
1236,0.24410568101890007
1237,-0.04908691111245922
1238,-0.031281155947774364
1239,0.3062588894807357
1240,-0.31468346628557087
1241,-0.12204979640805314
1242,0.460861357476721
1243,-0.06915313128578593
1244,6.678626015710343e-05
1245,-0.8628079124351565
1246,-0.057014823876484044
1247,0.2372453849605256
1248,0.4377392285988829
1249,0.41508832721394234
1250,-0.07586239843190457
1251,0.19806722469226046
1252,0.18226425217839248
1253,-0.22654505768465794
1254,-0.08933348429305821
1255,0.16401830790237037
1256,-0.49699530616265586
1257,-0.44499784116716223
1258,-0.24194461834599756
1259,0.03908996376047802
1260,0.3442420648350132
1261,0.223189269151726
1262,0.24357756940122965
1263,-0.05068417910504064
1264,0.5354317567315953
1265,0.09998758216703718
1266,-0.08933348429305821
1267,-0.07203727399692805
1268,0.15095038317332876
1269,0.20006010816706288
1270,-0.11149243295728084
1271,0.5133259748255656
1272,-0.11469868159221164
1273,-0.11923307664953187
1274,0.08008119172357442
1275,0.2949166632781943
1276,-0.3133475172335132
1277,0.5043027126723245
1278,0.17892847938122414
1279,-1.0164133969476294
1280,0.1891119743786911
1281,0.47676720105069453
1282,-0.03654520626652469
1283,0.05768473803009888
1284,0.11228038428622344
1285,-0.44653970478516936
1286,0.3053534722129046
1287,0.20726458123981406
1288,-0.352428936477988
1289,0.1446822859440583
1290,0.2789760632675641
1291,-0.7293063790575709
1292,-0.2303193411056288
1293,0.540732484442631
1294,-0.008591948267711147
1295,-0.37161724013693787
1296,0.13275151989739997
1297,0.2543568518673361
1298,0.30095463452854315
1299,0.1331927668675179
1300,0.1879112538507549
1301,0.5350218381228564
1302,-0.11234028518205685
1303,0.3322220951959927
1304,-0.5795809726792494
1305,-0.5887155423054234
1306,-0.21377775738703297
1307,0.033355288770591796
1308,0.27434428282939877
1309,0.35479212894839934
1310,0.40650660089925555
1311,0.1826487142298437
1312,0.3692008696048831
1313,-0.10958604034569386
1314,0.12017780737803208
1315,0.27288227091379
1316,0.12917121936033904
1317,-1.5174096209916983
1318,0.17021404829797637
1319,0.4551046894136902
1320,0.29881547193484237
1321,0.29838542016685826
1322,0.5468722576521993
1323,-1.2645647026346158
1324,0.11249067970261317
1325,0.0495041160709484
1326,0.25116001892028716
1327,0.20798889602770482
1328,0.012091013436876463
1329,-0.00553895676794347
1330,-0.13375712457272515
1331,-0.3646750748473967
1332,0.25282304825360646
1333,0.06788239143870112
1334,0.278038630952257
1335,0.5083152147035864
1336,-0.4732796299053098
1337,-0.021633248087482126
1338,0.06230203136297985
1339,0.439637799501991
1340,-0.6317131491348418
1341,-0.44704847819329563
1342,0.0948368016045339
1343,0.29910318820853793
1344,-0.06798756398609174
1345,0.259518015673551
1346,0.06581696990606234
1347,-0.5308662631474149
1348,-0.3770978643736552
1349,-0.8749078962105353
1350,-0.04223401362254142
1351,0.4515377233387876
1352,-0.37070481824125856
1353,0.081678793468969
1354,-0.5132295027747215
1355,0.35253897374393567
1356,-0.19595302110988477
1357,0.20474799013262668
1358,0.4278653402104397
1359,0.11116908854101215
1360,0.3535169828461869
1361,-0.284273079031095
1362,0.5788656986352788
1363,0.11076722636624214
1364,-0.04057361676603899
1365,-0.19373135118692297
1366,-0.22962652798537175
1367,-0.13138262343760354
1368,-0.06944045218116712
1369,0.2969966562083108
1370,0.298969443218968
1371,0.0362466431347076
1372,0.2626378627380571
1373,0.164349950821001
1374,0.11128583368845835
1375,0.31209105274197196
1376,-0.10165048629995566
1377,0.4408358899444795
1378,0.37035543819871697
1379,-0.36842296599844926
1380,0.08747954999415997
1381,-0.22213176524959943
1382,0.39846527240593593
1383,0.13238348333783057
1384,0.5801447227473014
1385,0.26559016546638536
1386,-0.6882844198696287
1387,-0.2709753825432708
1388,0.2265726865274565
1389,0.48006424973070855
1390,-0.14872814554461877
1391,-0.011460686584833901
1392,0.4953516525254948
1393,-0.021625636712893304
1394,0.4763767561880235
1395,0.07594724754281956
1396,-0.6686872217685285
1397,-0.20312979578856594
1398,-0.13846016906295078
1399,-0.004362190455857506
1400,0.21883843044950868
1401,-0.2348585965058747
1402,-0.20919172417836152
1403,-0.42129079001008163
1404,0.12348481523389876
1405,-0.4390572398617679
1406,-0.5134642855200141
1407,0.5228334189494778
1408,-0.26526303982617416
1409,0.1129849295291514
1410,0.4822765438244634
1411,0.33245028414544514
1412,0.2442726478304741
1413,0.07360547495368308
1414,0.1280636506771532
1415,0.4174976903411184
1416,0.06161073361805003
1417,-1.5703232190156942
1418,0.416760594876383
1419,-0.1762725488603144
1420,0.38546271329703025
1421,0.038411335394648805
1422,0.06308413578150185
1423,0.06142296033081929
1424,0.08334676373030936
1425,-0.019468694913107543
1426,-0.438003997823491
1427,0.07783639570448708
1428,0.43479954145621863
1429,0.4640089648129215
1430,0.14667285774141414
1431,-0.037218442179519085
1432,-0.13587896488825857
1433,0.3051942129348229
1434,-0.07542865020160172
1435,0.4281453163983395
1436,-6.242041554327393e-05
1437,0.4419117098017855
1438,0.1417681774309938
1439,0.0784315343823152
1440,0.05903771691751303
1441,0.11461893298539783
1442,0.22639888783114526
1443,-0.43761413866672094
1444,0.40496900980233475
1445,0.22567256294653426
1446,0.08600893006740107
1447,0.4873047923528039
1448,0.04981884445904061
1449,-0.15788694408387116
1450,-0.3189265714243784
1451,0.04515260284825884
1452,0.4729483746779109
1453,-0.24303021608796505
1454,0.31459165260275396
1455,0.4880637959865847
1456,0.09207534081742363
1457,0.012763696573401373
1458,0.5546310360021762
1459,-0.6251572588138247
1460,-0.17623792728577425
1461,0.3824950974674795
1462,0.26617535045021745
1463,-0.2632242375639704
1464,0.02323116569436845
1465,0.4278653402104397
1466,-0.014511542533495292
1467,-0.11863532362296036
1468,0.4399409296922863
1469,-0.5023345551118321
1470,-0.021625636712893304
1471,0.4077721217724714
1472,0.09080802773930263
1473,-0.013375118894264126
1474,0.29666884962051543
1475,0.18672418696477278
1476,0.4545738736651501
1477,0.1389358105276246
1478,0.5468722576521993
1479,0.017948626073565954
1480,0.2567964137802612
1481,-0.2654815161449743
1482,0.14735668696228177
1483,0.05400244857282144
1484,-0.2527448205158245
1485,0.13497619083936307
1486,-0.5769752085898557
1487,-0.3804785875442456
1488,-0.06559487758209392
1489,0.018241895051681167
1490,-0.034796411852390796
1491,0.23652869840022017
1492,-0.18902046878955148
1493,0.2570071517499657
1494,0.23940880652559837
1495,-0.34821728540633257
1496,0.2854688511875264
1497,-1.2403005942506122
1498,-0.3066723774741238
1499,0.2261184403790737
1500,0.38802468311994637
1501,0.4499674775965905
1502,-0.6925629542335281
1503,0.5226261798534214
1504,-0.04359142791812076
1505,0.45893804570819385
1506,0.14272190948365338
1507,-0.09545040437873675
1508,0.062229631489679416
1509,0.13424334607978328
1510,0.2615013046726722
1511,-0.9510963435518758
1512,-0.4038023977852957
1513,0.019828546613333775
1514,0.13207012974616095
1515,0.2700740843399189
1516,0.4072899564903237
1517,0.030499250221103114
1518,-0.003207943584682793
1519,-0.10618671364497667
1520,-0.2293879736418637
1521,-0.029447002577849046
1522,-0.07675462790930421
1523,-0.06400010639016596
1524,-0.48184282131962486
1525,0.1888044462042595
1526,0.29506663499341124
1527,-0.14734292148940376
1528,0.23154383750916713
1529,0.24430166316998714
1530,-0.2634714913088293
1531,0.2838489293217786
1532,-0.09166112645005764
1533,0.39913724671017947
1534,0.038411335394648805
1535,0.14563133620601199
1536,0.1538441466275985
1537,0.2846501249832282
1538,0.41567311346082975
1539,-0.12024888719246918
1540,-0.03501688680043069
1541,0.4264514280539036
1542,-0.2994588553860452
1543,0.19545215198171606
1544,0.07785039322741105
1545,0.45240002497326276
1546,0.36191569944570545
1547,0.1280636506771532
1548,0.09723841972100256
1549,-0.4116770224817109
1550,0.017142004073666173
1551,0.2564827578239617
1552,0.22573362997986635
1553,-0.21341194678274
1554,0.14147571719648622
1555,0.5395893104115974
1556,0.4686246136804324
1557,0.1412111370427016
1558,-0.34589099262180667
1559,0.23297427990822223
1560,0.097684565228222
1561,0.1948423381807386
1562,0.07195355896935207
1563,0.4163756661573107
1564,-0.6948077743497079
1565,0.5570426335140083
1566,0.25601424044828436
1567,0.2392619870727582
1568,0.40891965857416473
1569,0.22759151008077239
1570,-0.6352616372710537
1571,0.38765653533766614
1572,-0.0962417222632127
1573,0.08651855758723181
1574,-0.1108469435303443
1575,0.07125097956382898
1576,-0.024915257362419507
1577,0.3253231449284683
1578,0.01610686848425469
1579,0.285579660777004
1580,-0.06409360029108868
1581,-0.01579614307948929
1582,0.2774945959217873
1583,0.4877719225567741
1584,0.5386133877771783
1585,-0.0066881082752008325
1586,0.41065358071857216
1587,0.02118635195459484
1588,-0.66486954327022
1589,-0.4755538359431808
1590,0.18668588413916842
1591,0.026743593372096863
1592,0.4275578108027457
1593,0.1446815716075197
1594,-0.476152759320002
1595,0.06962363282095763
1596,0.4859498775458272
1597,-0.1087923320250952
1598,0.10346923960365917
1599,0.29884827383969964
1600,0.13370752086049376
1601,0.2040080127344382
1602,-0.18451591036387294
1603,0.37035543819871697
1604,0.30063635347425566
1605,-0.009945635720303714
1606,0.23979603979672892
1607,0.44631199986408165
1608,-0.13587010084511386
1609,0.08537574001313852
1610,0.2086672947079875
1611,-0.4152428445016624
1612,-0.41914460420873023
1613,0.3455742282559357
1614,-0.058801205552672875
1615,0.2103730029594667
1616,0.07455930295157787
1617,0.05300115572872388
1618,0.1284393192335318
1619,-0.1086547624272266
1620,-0.5176632698060969
1621,0.03886636953557576
1622,-0.31083427666321606
1623,-0.035709806218825024
1624,-0.42763520000911914
1625,-0.4732172308732191
1626,-0.0620654585930166
1627,0.4330932348574691
1628,-0.28380686248056064
1629,0.25601424044828436
1630,0.06142296033081929
1631,-0.013896915438023849
1632,0.3522035734510426
1633,-0.015105318324832973
1634,0.050950363952207534
1635,0.19898391663187565
1636,-0.12047381840611715
1637,-0.328307917469041
1638,0.41700161754493603
1639,0.4815246534463934
1640,0.1707241801124192
1641,-0.12515969283284478
1642,0.1958540289872256
1643,0.2492639021511232
1644,0.48241886528266864
1645,0.2623933839109259
1646,-0.06095935056232016
1647,0.4535074745386254
1648,0.06962363282095763
1649,0.08502167866296495
1650,0.10643414894561187
1651,-0.02031253713280634
1652,-1.1240429009322894
1653,0.09818614026535744
1654,-0.14189142240236152
1655,0.02142419349598268
1656,-0.41075577835541344
1657,0.022633198812241795
1658,0.12163886147696601
1659,0.2712811375100525
1660,-0.0795935746657106
1661,0.4079338360480348
1662,-0.654967035854019
1663,-0.3094148573270773
1664,-0.039354894937708496
1665,0.35491654096672853
1666,-0.006473413993743349
1667,-0.0789191626266641
1668,-0.12047381840611715
1669,-0.36493836672699176
1670,0.03887815318705545
1671,-0.17342177370013812
1672,-0.18525010286046695
1673,0.2690186073918659
1674,0.37409224133704644
1675,-1.1010337479674286
1676,0.008308365721076183
1677,0.366739826377194
1678,-0.9707256259875544
1679,-0.2629809922612599
1680,0.25286074804829906
1681,0.11322983783122798
1682,0.3636438715777976
1683,0.24388260348978413
1684,0.16981231885335613
1685,0.24133624463861536
1686,-1.224178887778426
1687,0.27412665149113796
1688,0.09027286081483044
1689,-0.11593917665540343
1690,-0.0984730398558985
1691,0.4408982839380634
1692,-0.0007151712107803521
1693,0.4291937261594154
1694,-0.561042312175801
1695,0.3928632068662113
1696,0.2575196984076715
1697,-0.6629957769126735
1698,-0.11910011158340439
1699,-0.01339705357747134
1700,-0.028799613967674498
1701,0.28953398187948726
1702,-0.05304352958779934
1703,-0.5312788536807826
1704,6.678626015710343e-05
1705,-0.07227390379096521
1706,0.361739192676821
1707,-0.07542865020160172
1708,-0.3126807174193793
1709,-0.2533707317229297
1710,0.12541506795403956
1711,0.11104728504920502
1712,0.2931084197019915
1713,0.42739892800617285
1714,-0.4519809153277782
1715,-0.43346244142407486
1716,-0.2405603030617336
1717,0.26645572906040194
1718,0.2944324168869335
1719,0.27315860378052037
1720,0.030571802911577572
1721,-0.47271514098747924
1722,0.03238793887220737
1723,0.02461335737656034
1724,-0.24869614262365658
1725,0.1297389093057053
1726,-0.838101105414419
1727,-0.2138391135022666
1728,0.43437663201149534
1729,-0.11046418058148888
1730,-0.058486657116136764
1731,-0.2500006024674045
1732,0.5435503153327018
1733,0.450580137817005
1734,0.5278883949595794
1735,0.31849831573650333
1736,0.2794270460590738
1737,-0.28076128858255733
1738,0.08961702364392832
1739,-0.08933348429305821
1740,0.18817904337870317
1741,0.07304622951235795
1742,0.10265613921992811
1743,-0.3783657478267052
1744,0.27705793096563985
1745,-0.14869301820719472
1746,0.29874163557216216
1747,0.1344025804398835
1748,-0.11127219391648169
1749,0.27675332444935224
1750,0.42090704803304835
1751,0.10360315958829014
1752,-0.2710890655377153
1753,0.21103491501020544
1754,0.23465526809116943
1755,0.12302106789204281
1756,-0.023363178332197698
1757,0.18689084809394207
1758,0.08919570836123403
1759,-6.242041554327393e-05
1760,-0.9788122937662997
1761,0.15286045647606006
1762,-0.024956443476813472
1763,-0.6058211764937071
1764,-0.26429612761093346
1765,0.018241895051681167
1766,0.4278653402104397
1767,0.39355946535242314
1768,-0.39704121013419236
1769,-0.3468697287444271
1770,-0.24207435722841886
1771,0.2882293288387504
1772,0.5271825657622632
1773,-0.02537849779755519
1774,0.5313814629260674
1775,0.07901867993223877
1776,-0.31255316353804197
1777,0.08724031159934942
1778,-0.4136070932818895
1779,-0.223699182882527
1780,-0.08105940109224063
1781,0.15057399950116745
1782,0.35962977695585785
1783,0.04760685512614349
1784,0.16053947282580683
1785,0.0942907945154069
1786,-0.17555839511502314
1787,0.047965192061411144
1788,-0.01655411377772853
1789,0.517995012303667
1790,0.3353486773423763
1791,-0.24243751101879496
1792,0.07095057859755516
1793,-0.14527132705070278
1794,-0.3183797569140847
1795,0.09522542457786509
1796,-0.07207018993938441
1797,0.06393896819404554
1798,0.3584134293819433
1799,0.3338840143352723
1800,-0.0903003438689024
1801,0.03541645443351982
1802,0.05208336722176299
1803,0.19447584340394342
1804,-0.023371748083872435
1805,-0.031281155947774364
1806,0.4531120473881113
1807,0.2895249314008354
1808,-0.4464701304879308
1809,-0.3311618346690922
1810,0.2825663887245665
1811,-0.11847738667038221
1812,0.18977233888183098
1813,-0.6279429034558386
1814,0.438950532471725
1815,0.09522542457786509
1816,0.50507711628732
1817,0.43443047309555727
1818,0.4191500328895852
1819,0.4777096379791357
1820,0.49173735723598166
1821,-0.1086624967787122
1822,0.2424645721927346
1823,-0.6272111949554975
1824,-0.2266238657494941
1825,0.16489706842036767
1826,0.04680650070627268
1827,0.2697606240640128
1828,-0.1643755631431627
1829,-0.011892257710140575
1830,-0.2121235878150587
1831,0.38477568475475915
1832,-0.31083427666321606
1833,0.03846168179713083
1834,-0.01158174767304565
1835,0.010125390000984447
1836,0.3961598426656676
1837,0.11220182178001759
1838,0.4142538118517495
1839,0.27370525007857716
1840,-0.5270948819080079
1841,0.0682151340729682
1842,-0.24858810307818224
1843,0.3517117232389313
1844,0.4074903213044503
1845,0.3185802861614631
1846,-0.0673532149186361
1847,-0.013162768466824626
1848,-0.10084025072283187
1849,0.29881547193484237
1850,-0.05352019903325467
1851,0.011376739518917156
1852,-0.0984730398558985
1853,-0.3956164640793187
1854,0.27658666599825227
1855,-0.20520090888856002
1856,0.5018083078609084
1857,0.22239176312054093
1858,0.12770861379381682
1859,0.4737725409593341
1860,0.07546953579279936
1861,0.05764194128654343
1862,0.08672605596496608
1863,-0.021527173692451496
1864,-0.022738258129827882
1865,0.23103975847379238
1866,-0.04182704216251232
1867,0.29528327014064576
1868,-0.2948985913352863
1869,-0.3833588699587004
1870,0.5176216867079184
1871,0.22266546480206706
1872,0.18285891458785974
1873,-0.023139268457620932
1874,0.4413378823503987
1875,-0.012367082707949062
1876,-0.015048816378681495
1877,0.16401830790237037
1878,-0.16069474898306668
1879,0.3199233679097206
1880,0.4853555796141924
1881,-0.752669021267002
1882,-0.1643755631431627
1883,-0.3177068178064776
1884,-0.5845934326573978
1885,-0.22654505768465794
1886,-0.04380713095909072
1887,0.42395174264659674
1888,0.38254261766954706
1889,-0.03507025520808582
1890,0.11622634428928047
1891,-0.017354481918402165
1892,-0.2777689730617856
1893,-0.24239349504599772
1894,-0.1681825696163981
1895,-0.3291766978020564
1896,0.3903059211593757
1897,0.4901430734107226
1898,0.3627951348919252
1899,0.002616096445392624
1900,-1.0539420033834088
1901,-0.3636240889095633
1902,0.4040656967315348
1903,0.13922457750981332
1904,-0.5437358186874324
1905,0.49916229995188455
1906,-0.37996207649438374
1907,0.44631199986408165
1908,0.23862688098030166
1909,0.3702479551648784
1910,-0.021625636712893304
1911,0.25900047712871743
1912,0.3010798727837507
1913,-0.016397810344598307
1914,0.04515260284825884
1915,0.316909932381926
1916,0.19965734873241547
1917,-0.21480267933870079
1918,-0.7257579200050087
1919,0.3932609447656699
1920,0.2666663888831602
1921,-0.7844391731934175
1922,0.04515260284825884
1923,0.2310243354400846
1924,-0.6386302431204794
1925,-0.2933033061857455
1926,0.07847734551578522
1927,-0.29372400779201746
1928,0.38727763687893285
1929,-0.03607330586097324
1930,-0.353254344296158
1931,0.036184155056061984
1932,0.23757557744205904
1933,-0.13418609686806138
1934,0.26645519235424253
1935,0.40346743932829987
1936,0.09522542457786509
1937,-0.07232391876327182
1938,0.2228906334462974
1939,0.3073564789164028
1940,0.39153916558551954
1941,0.1664181568487879
1942,-0.3937448085893329
1943,0.1053161432228995
1944,0.14361053509347077
1945,0.17354263218329957
1946,0.036194502637012516
1947,0.4262409008187296
1948,0.163273657742676
1949,0.5310207927382044
1950,0.29884827383969964
1951,-0.2869718375608781
1952,0.05155033260154751
1953,0.225041575672011
1954,-0.49113783539402367
1955,0.0766505698843648
1956,-0.35168655564936824
1957,0.5383379630876615
1958,-0.36752858750587014
1959,0.2583983592657582
1960,0.29884827383969964
1961,-0.12674503584496066
1962,-0.05033391566922585
1963,0.0011556431970288772
1964,0.06905407473036984
1965,-0.9364314590698073
1966,-0.2758928883497743
1967,0.3971083255125267
1968,0.3578705458356467
1969,0.2870612585256388
1970,0.37035543819871697
1971,0.09375882062317176
1972,-0.2500006024674045
1973,-0.30912110624333367
1974,0.10725256134690986
1975,-0.07591938781790442
1976,0.5268237165182218
1977,0.40353909031102575
1978,0.32784710252290095
1979,-0.9679215804993966
1980,0.03856086261246627
1981,-0.012258657095753245
1982,0.39306016401326277
1983,-0.29173302030495674
1984,-0.3770978643736552
1985,-0.3047061603798735
1986,0.24052837507919983
1987,-0.0984730398558985
1988,0.30653687284260417
1989,0.30394916564660895
1990,-0.5814503753853391
1991,0.051191942245561894
1992,-0.12237752663700197
1993,-0.2654815161449743
1994,0.07991448015654778
1995,-1.0347837332995562
1996,-0.286374776573745
1997,-0.18255402445542934
1998,0.3299941597195701
1999,0.46485221552483547
2000,0.31869382554839504
2001,0.3861400109657477
2002,0.06308413578150185
2003,-0.6305714115087343
2004,0.02405284361135751
2005,0.5280198971390017
2006,0.05300115572872388
2007,0.21744617664681193
2008,0.03648611214673414
2009,0.3004740672506089
2010,0.3982840663272571
2011,-0.26900290419665707
2012,-0.06347884430084261
2013,0.07363562711462113
2014,0.5383250109670927
2015,0.21585859191186807
2016,-1.065358139837005
2017,0.21123075036432548
2018,-0.1540971666677763
2019,-0.34898956601050024
2020,0.2981592020706077
2021,-0.28660787020253153
2022,-0.07598602681300115
2023,0.013138672673547291
2024,0.36855563374821987
2025,0.2734403678367364
2026,-0.10298750073263196
2027,0.49824234891285846
2028,-0.48106437161508253
2029,-0.45322186645736706
2030,0.038411335394648805
2031,-1.0259263557669944
2032,0.14098131829101113
2033,-0.18221569277762395
2034,0.34891461342245594
2035,0.5232720314480095
2036,0.47936387073740494
2037,0.4545738736651501
2038,0.4233300150018232
2039,0.22266546480206706
2040,-0.17634066467802667
2041,0.19744157737937257
2042,-0.045841305864323445
2043,-0.34756844396052344
2044,0.2503558176067295
2045,0.4746362999065211
2046,-0.24621996577486993
2047,0.16947019788124362
2048,0.13343214462871855
2049,0.3129232033097226
2050,0.442390767739143
2051,0.07608621464732201
2052,0.057910186142947406
2053,0.44369306928129576
2054,0.2491289413961213
2055,0.051191942245561894
2056,-0.09860821095938543
2057,0.5271192413444598
2058,0.4988701553345407
2059,0.18607863995568963
2060,0.5634369384148066
2061,-0.18496460303905216
2062,-0.2633815991870909
2063,-1.7156862848662038
2064,-1.0339132856330862
2065,0.31811042881415064
2066,-0.02062949303454431
2067,0.3023814537862009
2068,0.32561021403559337
2069,0.43011211618376205
2070,-0.45835142419566743
2071,-0.17524234208608447
2072,-0.11257386281269366
2073,0.009384003472667879
2074,0.36095475409785793
2075,0.09638748667105901
2076,-0.260875627192786
2077,-0.9059761036822489
2078,0.19080279654501875
2079,-1.3196338746775789
2080,-0.26369870245255167
2081,0.5854724510444765
2082,-0.10231087975671849
2083,0.3076669432864595
2084,0.2104794232864886
2085,-0.2776494920004441
2086,0.5313129959103449
2087,-0.0887899118855866
2088,-1.1548803958819729
2089,0.001489007589380864
2090,0.264264312939518
2091,0.18743357225017282
2092,-0.5439636271925663
2093,0.5033159801699791
2094,0.3403061867924639
2095,0.5132300007535942
2096,0.052889322277938966
2097,-0.1970182758391642
2098,0.2895450667286029
2099,0.48211821315247744
2100,0.11166514171294528
2101,0.23686051053238671
2102,0.1784111768835679
2103,0.46401627936277945
2104,0.1604654357137053
2105,-0.3850926735337714
2106,0.2856163078198592
2107,0.44631199986408165
2108,-0.7815520220464042
2109,0.38311632733559076
2110,-0.385373753994778
2111,-0.2296704822906369
2112,0.01030864581785762
2113,-0.03958777409986691
2114,0.022633198812241795
2115,-0.4470131125084713
2116,0.5434323103810622
2117,-0.20292616889831316
2118,0.18124727944398433
2119,0.256582078971461
2120,-0.07098773522341573
2121,0.2072033350710824
2122,-0.4122747544016928
2123,0.23899140039598865
2124,0.2374972519875711
2125,0.44043719426011624
2126,-0.4604759377272791
2127,-0.16776528808924906
2128,0.27332165430947497
2129,0.4437067907731386
2130,0.2159267844513061
2131,0.09299009035058214
2132,-0.1970632260785693
2133,0.511496560880855
2134,0.2830159470097994
2135,0.48871560915430323
2136,0.09541449987349748
2137,-0.5949592872825485
2138,0.08724031159934942
2139,0.054072995908994725
2140,0.062102189357315485
2141,0.4467750977438629
2142,-0.09654196744100307
2143,0.30400819283960623
2144,0.13287114008275824
2145,0.47542526017190145
2146,0.48601562934042486
2147,0.1593638739537766
2148,-0.555856807242197
2149,-0.8460407089802644
2150,0.001964528116132902
2151,0.4473757607707904
2152,0.31600412794480687
2153,0.1668420671635944
2154,0.4311268656056849
2155,0.13476572499707085
2156,-0.4461003202996868
2157,0.31424382525891165
2158,-0.5684034570409946
2159,0.09808710935558618
2160,-0.10834103650145377
2161,-0.5436802315908028
2162,-0.5239338074720128
2163,-0.10834103650145377
2164,-0.024104810872588645
