,pve
0,-0.19479538594991141
1,0.16076413550029856
2,-0.3458475724757075
3,0.36581774362928776
4,-0.05810407032148912
5,-0.0514318488277703
6,-0.13206736460552893
7,0.03343565325858455
8,-0.3568473187250689
9,0.025400089527663594
10,-0.2739201854141091
11,0.045971983978972064
12,0.10645444338462584
13,0.2780897121239855
14,0.3063005967503044
15,-0.3351833423811492
16,0.19658877915442047
17,0.4380026824090157
18,-0.463080973287477
19,0.1257998083878168
20,-0.12279624952739565
21,0.21769429501390936
22,0.09329813196915632
23,-0.027718632369566176
24,0.48692994348935026
25,-0.22955937760687373
26,0.4148229301790858
27,0.4768748315014278
28,-0.506874686631257
29,0.07966002103063163
30,0.3356273775389273
31,-0.6357859965614885
32,-0.3147962181860027
33,0.20604634787371784
34,-0.42567150127052655
35,0.5111185350413238
36,0.6475220197684115
37,-0.0344077987177529
38,0.1182212252850059
39,-0.5111612757117241
40,0.28279077631055083
41,0.5000275543324348
42,0.17516285211324495
43,-0.6318966106374284
44,-0.5315885684544964
45,-0.24693764490320724
46,0.1517797655042995
47,0.22535728230173963
48,0.12273993580611597
49,0.4757973480279163
50,-0.24114810388103092
51,0.34281289778952684
52,-0.7996547186340857
53,-0.5788365639459221
54,-0.16965909783581568
55,0.04997223039528098
56,-0.00044247794818397246
57,0.1856401264593266
58,0.1235279198579029
59,0.2700053352388656
60,0.5442511091796135
61,-0.15775972674298
62,-0.16837420756168586
63,0.09903833735251644
64,0.17458297205882267
65,0.29916404701613997
66,0.3117530513202461
67,0.4872653723886329
68,0.16378791048244878
69,0.06812718662040435
70,0.15107504506788438
71,0.26054353362082316
72,0.17801177609670016
73,-0.44118994323143035
74,0.07356169377333499
75,-0.7764110909934352
76,0.15315930211716672
77,-0.39899400024775544
78,0.1438059806104781
79,0.17568445162934998
80,-0.20657748229869743
81,0.7217018613825179
82,-0.8037743096540495
83,0.018721735298653397
84,0.314035201728986
85,-0.3183720958968628
86,0.4404831595681743
87,0.2598257642381572
88,0.049296643046584654
89,-0.2234293769033573
90,0.5621775879937008
91,0.267232773424981
92,0.05004615534976098
93,0.4006076288173844
94,0.1391007632018031
95,0.24637702687559543
96,-0.6888432848030895
97,0.19010504516496546
98,0.4677538421929577
99,0.26054353362082316
100,-0.004143416012928891
101,-0.06386036024219677
102,0.1322280201771071
103,0.27151063841066675
104,0.30707772176474274
105,0.35457041519384125
106,-0.2954633080346478
107,0.132154028256386
108,0.2219233549014275
109,0.1291034629823753
110,0.30057273872133566
111,0.32464442749217554
112,-0.028259302544073828
113,0.5766393841664244
114,0.35151687369284695
115,0.44045887288565794
116,0.01284807514268338
117,0.1969430715260973
118,-0.02663308181469204
119,-0.12270633923721164
120,0.20806729365642812
121,-0.157577864917551
122,0.25966064070927725
123,0.24751653041110427
124,-0.14377001958505586
125,0.007315742141392967
126,0.5462486690772663
127,-0.19595166559313637
128,-0.2154447023632593
129,-0.5785336353920751
130,-0.28388827340328016
131,-0.9856077303244477
132,0.12609163622417852
133,-0.03451060926319205
134,-0.5508980090568489
135,0.3881287501545689
136,-0.20245155432036288
137,0.4004450702538561
138,0.06027856524584613
139,0.23979397737380614
140,-0.9417725119846192
141,0.4306950818405448
142,-0.22090535251049614
143,-0.7138010504782457
144,0.062325117092893345
145,-0.06703815335392127
146,0.12169199015138837
147,0.368689537779496
148,-0.3744387170810428
149,0.22445979372302838
150,0.324433840931564
151,0.045971983978972064
152,-0.6252489737928246
153,0.2550608691501186
154,0.5303797686836287
155,0.127372150865264
156,-0.42269778485088605
157,0.4238912817246571
158,0.17143109902681758
159,0.3508290580086979
160,0.02482615206861838
161,0.10645444338462584
162,0.20949440765057165
163,0.17922709709740653
164,0.15517817389493022
165,-0.6136313256252774
166,0.1503183198478335
167,0.27251837079522445
168,0.42461557036428305
169,-0.44174551660349837
170,0.0678078658786046
171,0.1436309950828616
172,0.5027055773915521
173,0.14463670588204436
174,0.23983491329663845
175,0.08354787276321274
176,0.5934190560573667
177,-0.34397185941525366
178,0.23329083484729235
179,-0.4120310035421748
180,0.29914070394829484
181,-0.17484669956220888
182,0.10698022362219961
183,0.44607129428343917
184,-1.0142610464966024
185,0.30766132083897163
186,0.3022825044370786
187,0.5223179803527012
188,0.4940533825238036
189,0.5622285169756872
190,0.4669226485993018
191,0.09173733338850554
192,0.48605771749352056
193,-0.27166317838382703
194,0.7148569603398667
195,0.33760072917941203
196,0.035982340106860966
197,0.23735039836519736
198,0.21431260730426
199,0.335473028517764
200,0.11419268366209134
201,-0.6491324335176403
202,0.47643266585495936
203,0.5643682756129852
204,-0.11264221087239812
205,0.3233280633889697
206,0.12453498414601044
207,0.3895733636879672
208,0.350769506806342
209,0.3514028961747975
210,-0.3553358984277779
211,0.20481284203117184
212,0.31250282383519934
213,0.7263868358417789
214,0.06307610280157455
215,-0.3040473728956532
216,-0.04589417782797067
217,-0.022739688270036584
218,-0.38609860864673684
219,0.06766339989834902
220,-0.04722753510932998
221,0.5064727934828008
222,0.3576921515242124
223,0.3910258285031887
224,-0.6205199005190444
225,0.36369019907721484
226,0.5119702684343276
227,-0.3147962181860027
228,-0.5225197354226492
229,-0.4147461898665643
230,0.02682554535391113
231,0.3470635833277652
232,0.4644747127851301
233,0.3154322065308477
234,0.5904859383996275
235,0.3228260741046115
236,0.3622068114208945
237,0.4760461951670707
238,0.3245546081758347
239,0.3169672910552188
240,0.3080690623085206
241,0.6587875076062222
242,0.1343673845848714
243,-0.6243498056855111
244,0.39251510274228274
245,0.05282774022701653
246,-0.01717372332550482
247,-0.9080755854865481
248,0.5232790046545439
249,0.19191517380959555
250,0.43503687482644754
251,0.8297434076448467
252,0.2353858523748429
253,-0.42224867892234375
254,0.34769707587847487
255,0.12281153923024096
256,0.060331675876866164
257,-0.14985836923945706
258,0.024290520668915683
259,0.6033208919466451
260,0.10388467480199653
261,0.3027227633321171
262,0.38894215499773244
263,0.24208093883038959
264,0.3773087286306398
265,0.07725738575819913
266,0.30291439986001234
267,0.5523785468259929
268,-0.0429590773303582
269,0.22059914543359516
270,0.024290520668915683
271,0.4817283079852013
272,-0.08456609344873156
273,0.49043775326313677
274,-0.21491888760708155
275,0.13476060931702755
276,-0.2908002301227033
277,-0.19878842506222572
278,-0.019343732393125035
279,-1.1188860236535982
280,0.1574824200778684
281,0.29845988783736643
282,0.1525888347116614
283,-0.2064898139992266
284,0.055363208466026936
285,0.18705266307680313
286,-0.06498421311552616
287,0.24149326185283232
288,0.09717859051587763
289,0.23647889342296527
290,0.3314916592975431
291,0.06840932467803507
292,0.46409611588162447
293,0.08181246955444171
294,-0.4382935589377669
295,0.15236056404907217
296,0.5549306900262903
297,-0.055460397093685554
298,0.2581802247355929
299,0.26205080858967045
300,-0.009263366147482244
301,0.39551065468227864
302,0.46000272780059553
303,0.48788593983899126
304,0.08816466421426045
305,-0.07588250015447473
306,0.4462631863538684
307,-0.24327875392278053
308,0.34755116076188364
309,-0.033856897883476234
310,0.12123736717658201
311,0.44399606530648217
312,0.27535117924935143
313,0.39311781458022815
314,0.24166907062829035
315,0.08288986880940524
316,0.29102699862195014
317,0.3441551386909112
318,0.20502996246583538
319,-0.150721332360918
320,0.2840892586820867
321,0.4760110233490462
322,0.12978363446494806
323,0.006838680192449931
324,-0.9312561401033594
325,0.15807425367690076
326,0.23498010196824393
327,0.40215285437713905
328,0.2581802247355929
329,0.1974070605721061
330,0.28105974450231536
331,0.25458735909436647
332,0.3118996652227008
333,0.012708061498754586
334,0.15537719806170391
335,-0.3321665082460643
336,-0.7706950108123454
337,0.11448275376281908
338,-0.050865467910405915
339,0.05000635953710364
340,-0.1452188656138086
341,-0.03932985227363306
342,0.4707378786903044
343,0.25514769296133777
344,0.44032278617632625
345,0.28919552921007874
346,-0.06551430372305522
347,0.2540815329928926
348,0.23180229562942609
349,-0.04403906700763616
350,0.2818459746792819
351,0.007315742141392967
352,0.2832004287009644
353,0.01690179941487069
354,-0.37151688152669515
355,0.43062736444613264
356,0.13740256775250276
357,0.21901110368296883
358,0.18425876382520912
359,-0.23078720102338413
360,-0.5142892888854269
361,0.22516088411561364
362,-0.05774702443047197
363,0.52618797656603
364,0.4854585145710941
365,0.34334402743182113
366,-0.4273181191921964
367,-0.47048902453708386
368,0.5487158829149499
369,0.255320735166782
370,-0.26578191275904073
371,-0.8180657513580496
372,-0.349282507540172
373,0.5209468213329008
374,0.11446956281832554
375,0.4527758290363159
376,-0.5261865042622045
377,-0.2607116524081171
378,0.1280327155720039
379,0.15076978175063327
380,0.3075012679744956
381,0.317385259591765
382,0.1817712609106208
383,0.17459492415949218
384,-0.5220880792676168
385,-0.09600293667162829
386,0.4791179878435229
387,-0.14388573545765093
388,-0.8498545222385354
389,0.2686873805589558
390,0.49740337346999036
391,0.4535529791623865
392,0.29777538732912756
393,-0.15988619353889277
394,0.2652887588689734
395,0.09235453081354106
396,0.5037005436257855
397,0.38395131812659106
398,0.5086709699986653
399,0.2944789287466148
400,0.05990221866973111
401,0.5295691789033241
402,0.043569191060075785
403,0.32317160880688295
404,0.849006061902664
405,-0.1730555357474628
406,-0.10416156424788159
407,-0.129442533802953
408,-0.2613405682902139
409,0.18963741369614984
410,0.14998277989267772
411,-0.43233329799027864
412,0.290124592042991
413,0.4988305842093197
414,0.5874723890224747
415,0.11969213438800252
416,-0.15011448862709642
417,0.21135017725883698
418,0.011616929682926491
419,-0.023419383611843703
420,-0.037926234118640934
421,0.012424722643410435
422,-0.4942264482259425
423,-0.2935450731939203
424,-0.05430514088073879
425,-0.4285068022831584
426,-0.20572935293701988
427,0.15868127868190202
428,0.621088940154864
429,-0.003252521374541073
430,0.36156263023536844
431,-0.5336885869748851
432,-0.14609195705098532
433,0.7130455814121914
434,0.8676185129169368
435,-1.0056482446712478
436,-0.12293459117867833
437,0.021241613324246678
438,0.3807949156115977
439,-0.23640996631626177
440,0.33334247341933676
441,-0.03208746912704419
442,0.44266342291806504
443,-0.48445898601511195
444,0.1322618601966482
445,0.5043258827891028
446,0.20622422704593635
447,0.0741079557419077
448,-0.5209874065682739
449,0.2643821917586188
450,0.16849659595412447
451,0.3106242211707708
452,-0.1809649800469535
453,0.09040955221574631
454,0.29839355659102773
455,0.19797225404433538
456,0.5144379641886723
457,0.5356655113071112
458,0.40416943973970476
459,-0.5931844271232949
460,0.19776488986448093
461,0.5686780700146434
462,0.31445358435549775
463,0.008170990693584845
464,0.38621209658598427
465,0.22501624858749536
466,0.06410302668310608
467,0.01405256219428408
468,-0.020088489412162458
469,0.362892539321322
470,0.6178467422528671
471,-0.159017056441487
472,-0.21815337645906507
473,0.3022825044370786
474,0.10245451035596803
475,0.25470027514470595
476,-0.1811868807341247
477,0.11584346408319124
478,0.058065872457030654
479,-0.3912324770370159
480,-0.19662349846046678
481,0.13494973374429897
482,0.07450970105293792
483,-0.5408096197911574
484,-0.8552861526161766
485,-0.15905671710723934
486,0.48205346565552476
487,0.31473156435692673
488,0.21291414147659948
489,0.3401451208286028
490,0.4029476057070991
491,0.5492688001146455
492,-0.04523132366293581
493,0.47917548314993874
494,0.12172884069085144
495,0.3043251299612961
496,0.10855078583527078
497,-0.3098019767310056
498,0.07143487678261978
499,0.24479520978082941
500,-0.10409260715284052
501,0.4332989725483485
502,0.2788109470381249
503,-0.5568080814937373
504,-0.004481341724888899
505,0.09695795521977446
506,0.3911415066451552
507,-1.1283052646893148
508,0.3581740778035911
509,-0.0756501682814682
510,0.24743102409884013
511,0.4431415549234744
512,0.10307996955141785
513,-0.1465776521483565
514,0.40503053628068325
515,0.15270211392392674
516,0.2569853532191313
517,0.20402622990285868
518,0.28011815067256757
519,0.18363930255343747
520,0.17480035697488217
521,0.17143109902681758
522,0.3203899287527885
523,0.2621137857811161
524,0.19228841930050844
525,-0.07202260633980051
526,0.0482038936622326
527,0.4976775568647023
528,0.27696663869828386
529,-0.793237048870566
530,0.04099551751360031
531,0.05380991444843475
532,0.34310301344620187
533,0.3453580550186206
534,0.4076705717346305
535,-0.5901638652474321
536,0.23673230269453138
537,0.41577429899237905
538,-0.39288678869903426
539,0.13813870113357674
540,0.4478945807313933
541,0.154404290593243
542,0.6668253309031755
543,-0.17437777517416708
544,-0.2807156688400789
545,0.1280327155720039
546,-0.02249278611709926
547,0.1394864713173024
548,0.47370771727880634
549,0.13148596636431198
550,0.37922155475530306
551,-0.03052180211812361
552,0.05392203717692223
553,0.6870181487117806
554,0.3457497075247438
555,-0.032234313277592186
556,-0.22181636473545452
557,0.5313556792073335
558,-0.41658787807297437
559,0.10397768163588927
560,-0.02398260114650652
561,0.5693347099245945
562,0.6168224468631568
563,0.040798540957017515
564,0.3133839708869263
565,0.18154478030428067
566,-0.004974266430164742
567,0.12197165263934773
568,-0.6972951556307025
569,0.2276377468487879
570,0.4377292903609971
571,0.6195356020583094
572,0.2995692510331684
573,-0.5452010103409559
574,0.04983076757890048
575,0.41934402086135897
576,0.5047332152057605
577,-0.929192743580472
578,-0.5766721318745109
579,-0.2174651425774794
580,0.4395443942789935
581,-0.7643341083597268
582,0.3715528464629472
583,0.15148288938472643
584,-0.05058087412842571
585,0.09620425069866556
586,0.4434315187621498
587,0.33189561995697586
588,0.2758319914406588
589,0.40708284552150525
590,-0.0008394287886427376
591,0.3083658619689126
592,0.5346003560849049
593,0.2169487254880088
594,0.27360324978639117
595,0.4097464486057154
596,0.3132049782893061
597,-0.5418884115109552
598,0.1886215600501382
599,-0.04720336031934402
600,-0.007630572139383784
601,0.44270900034331984
602,-0.09038000423245307
603,0.6231527040997682
604,-0.09113388884728135
605,0.17602718159695036
606,0.22501624858749536
607,0.4332439923003149
608,-0.23491979763569504
609,0.30295762252047986
610,-0.5999807874376399
611,0.34175154021346216
612,-0.2670486500149396
613,-0.020031772410298188
614,0.3937959247951407
615,-0.08076962265315135
616,0.31020777689505685
617,0.28032660274225063
618,-0.10087093531428137
619,-0.5545800198047658
620,0.29445388772770953
621,0.4431415549234744
622,0.21011008869894354
623,0.010494817661109102
624,0.005848044986410561
625,-0.3156671131206097
626,0.6431857223395
627,0.34613364728631063
628,-0.14430123280736074
629,0.11165292350457567
630,0.24459276681847536
631,0.10916495272672866
632,0.2382397579376716
633,0.1581460483559447
634,0.12003196936186755
635,0.45432636171286
636,-0.5609434769450112
637,0.12527612925573606
638,0.6797586474695538
639,0.17727244868252034
640,-0.003931080160268219
641,0.8220841179253005
642,0.28180497939582533
643,-0.22493283431703148
644,-0.03947775218146232
645,0.5625665927785126
646,-0.0977696680191309
647,-0.08826357657004946
648,0.287347377787471
649,0.7053552906579625
650,-0.33334691854077936
651,0.3093914503468239
652,0.05153258077975209
653,0.16755461408280825
654,-0.01717372332550482
655,-0.47776414872910333
656,-0.2945469562342726
657,0.5579301757121359
658,-0.6796707245672222
659,0.07186307558067412
660,-0.05810407032148912
661,-0.2908002301227033
662,0.6265184707025963
663,0.0678078658786046
664,0.3090693470454099
665,0.4966512064387949
666,-0.0911896253751403
667,0.6387458016763297
668,0.4907362757821391
669,0.3894365170452967
670,0.17208001081563218
671,0.6583885258069911
672,-0.09670250250553003
673,0.3054927588086328
674,0.1533458713738955
675,0.6005654266761018
676,0.009123860676372164
677,-0.5462040765978771
678,-0.1607847366038564
679,0.16855782247046974
680,0.5684636502736518
681,-0.14388573545765093
682,0.6239388984761806
683,0.2659812060807912
684,0.4030509097523103
685,-0.49444647083457105
686,-0.7034276005426647
687,0.04665132364139701
688,-0.3660207539361173
689,0.22868408738384838
690,-0.19629904982840274
691,0.24470115538077486
692,0.20221325936849616
693,-0.16547506787079058
694,0.3327758587128876
695,0.6611009062476941
696,-0.2105216522246851
697,0.35644357586437336
698,-0.1785065330297868
699,0.09155643872262398
700,0.546667874927159
701,-0.07503597294933717
702,-0.6325529893132205
703,0.3785274909016615
704,0.1293464642883954
705,-0.5631175407386156
706,-0.08710948158183562
707,-0.26844995171105634
708,0.15779223798204106
709,0.24416776817240704
710,0.03322105054415475
711,0.1796209988609212
712,0.23257534583210804
713,0.3579065715303727
714,-0.16138280136603467
715,-0.32862800095819744
716,-0.4747895193534468
717,0.22906800357332607
718,0.2337659728241679
719,0.2322782234606554
720,-0.6606693790190001
721,0.34624022304949525
722,-0.14252827359753406
723,0.620065508433006
724,-0.5860813010386581
725,0.07621472506711457
726,0.23050643772377064
727,-0.011289891772196636
728,-0.7654944284493936
729,-0.16816266091658372
730,0.45104739973208047
731,0.0423092703435784
732,0.5781221978839748
733,0.21431260730426
734,-0.08045323245733571
735,0.26503445769594147
736,-0.535784370690144
737,0.2694643225287445
738,-0.5687651657050157
739,0.24476963603343188
740,0.05000635953710364
741,-0.24596401716561966
742,-0.029622769192556575
743,0.3314916592975431
744,-0.6582961482468647
745,0.022506104671753846
746,0.3085595358538186
747,-0.23991956543770743
748,0.0810058742236871
749,-0.0003464466694779178
750,0.3923199766121098
751,0.47372682182855363
752,-0.27975976468046504
753,-0.019106885868466983
754,0.20521348771648162
755,0.20060871067745983
756,0.1797416336271785
757,-0.002632900580312958
758,0.47704383729874555
759,0.24506402913318676
760,0.5461790755072199
761,0.4882819881927109
762,0.1584194761928337
763,-0.6459493147367754
764,-0.034092138131260885
765,0.46200727733998004
766,-0.07195222087785047
767,0.23154951786655098
768,0.025340154970437512
769,0.23711063817718578
770,0.4910290319570455
771,0.3953730305302689
772,0.1730741277037492
773,-0.40407430588922444
774,0.1343673845848714
775,0.46325590789774207
776,0.149363018222323
777,0.08766595384905473
778,0.2885430678368318
779,0.3918440984946479
780,-0.37968534137156307
781,0.5129425059852658
782,0.24966534641895777
783,-0.3263503199518626
784,-0.6055593098065363
785,0.2696336088727302
786,0.21460527632369208
787,0.1635328003691363
788,0.14343289579918195
789,0.45506323156110595
790,0.3657717053682431
791,0.08625135149317792
792,-0.3854690535115073
793,0.09714943626664685
794,0.12802096033880317
795,0.3082865748633853
796,-1.1528294283487739
797,-0.08782188073685715
798,-0.4128488099053438
799,0.38449150541832555
800,0.06682900213111498
801,-0.1372569869847693
802,0.4159589873977485
803,0.27619902628072157
804,0.1294139358181936
805,0.5524948150062714
806,0.29447025845692754
807,0.2670153503619918
808,-0.45906827164558206
809,0.016636564046927593
810,0.13281816482026365
811,-0.25876042535180455
812,-0.05112725736351509
813,-0.6489438242933858
814,0.16276847275148892
815,-0.47767160880936
816,0.3718178593853906
817,-0.40027228964549444
818,-0.09108436769533945
819,0.058036525073509204
820,-0.11881881481441847
821,-0.07739713799373216
822,0.13314790953935063
823,0.3085501118348364
824,-0.24877174694758297
825,0.024290520668915683
826,0.14175198011696605
827,0.11160717005637966
828,0.18014711515959092
829,-0.2047443578997774
830,0.3555982069337261
831,0.5168163041055975
832,0.004301898380366764
833,0.9001583149061145
834,0.43280505865116864
835,0.18099211120493158
836,-0.23843134826686607
837,-0.2698569921006222
838,-0.48870550566244086
839,0.030492473270221143
840,0.12304367740324018
841,-0.0012157576778638601
842,0.5270193581056758
843,-1.3223188527296748
844,-0.934025330507823
845,0.21926194105204044
846,0.20608629382332566
847,0.1886499526002377
848,0.5335950927979078
849,0.1718839280442352
850,-0.5206823686754705
851,-0.1785065330297868
852,0.763784132803974
853,0.5611538808422056
854,0.549962359947152
855,0.10673945665050444
856,0.4288847857018244
857,0.6473030173622224
858,0.14707728798092257
859,0.4992753137991811
860,-0.02779010764212475
861,0.6487879366112241
862,-0.08257596652702681
863,0.31094483036780046
864,-0.37730666338833485
865,-0.1854535130810624
866,0.5956681796170221
867,-0.014555516670762492
868,0.2411398908998844
869,0.43029598644303757
870,-0.3030962516050515
871,0.2112614626191623
872,0.12981106805076587
873,0.3961871776020296
874,0.4273038863662004
875,0.4582321526657211
876,-0.08425044127885628
877,0.2040687571683304
878,0.7246607798214337
879,0.008491341008438291
880,0.04172846479949888
881,-0.07052178427762579
882,-0.12813658051653176
883,0.6892628718384997
884,0.18014711515959092
885,0.28101966873862483
886,0.4821936319430548
887,0.5230334126995029
888,0.3268422732866027
889,-0.4404393894956846
890,0.38597437407772955
891,0.30215214027442006
892,0.011669354056652148
893,0.3639054897053213
894,0.17143109902681758
895,0.10943466971006077
896,0.32464442749217554
897,0.056795305841254806
898,0.2995183758602231
899,0.26635909291253146
900,-0.08412713200019639
901,0.07008999185678677
902,-0.08195086079566194
903,0.38506833986605143
904,0.2978103641870884
905,0.2731262564934018
906,0.30779265487168056
907,0.3124659219441251
908,0.18401950582413368
909,0.07008434871186947
910,0.4620456292434146
911,0.22990142762331778
912,0.21674635921058616
913,0.4699649476491943
914,0.18922746235273374
915,-0.3824558291758513
916,-0.05848403822611481
917,0.6259190327675255
918,0.3902306130842721
919,-0.35754985442553466
920,0.07504890249120111
921,0.3256499460730651
922,0.45584865123550217
923,-0.8310924493847102
924,0.035059880632137996
925,0.17593459683108215
926,0.0709774086385141
927,0.2092399119253684
928,-0.10831284724944323
929,0.5167425401676145
930,0.5222776485634427
931,0.11279785557413724
932,0.41034366127724387
933,-0.13861248590454123
934,0.19689841296153515
935,-0.3063728286947065
936,-0.20787890108324514
937,0.6255046974631291
938,0.16946369017696905
939,0.14398138396506166
940,0.04172846479949888
941,-0.023477205194741724
942,0.050925684455496834
943,0.4071181662323118
944,-0.6165211857161461
945,0.8357548529552215
946,-0.13391537599419046
947,0.6076366468213447
948,-0.5470963499934631
949,0.29383637735499313
950,0.3869930635844602
951,-0.1102766537547859
952,-0.5475754807235318
953,-0.04098601921882983
954,0.4571694891367548
955,0.6699612471885588
956,0.6283935321372267
957,0.6492699889464031
958,0.26473517589711126
959,-0.49875130939975176
960,0.13922366527617613
961,0.2002100951316379
962,-0.6722530393790347
963,-0.12927368300092423
964,0.0186143877358107
965,0.48953982231964055
966,-0.1347097222212703
967,0.27131415987452306
968,-0.009640678651916645
969,0.3986831963698496
970,0.6041081438491234
971,-0.13572283184507583
972,0.020849276119312088
973,0.1584557666540471
974,0.24702080638525423
975,0.2648822059784264
976,0.0012570810982334146
977,0.18520492820138484
978,0.6760828796632259
979,0.2662585137122734
980,0.154730804629163
981,0.534868680752077
982,0.0028211211873298003
983,0.6947157089737171
984,0.618257602592705
985,-0.12257939474705737
986,0.3454441585493064
987,0.3190840772832135
988,0.4159589873977485
989,0.0072598202502582865
990,-0.4790833343973475
991,-1.2734404244365383
992,0.34175154021346216
993,0.5637252881108311
994,0.07570721131451152
995,0.37693223678972054
996,0.7296212788213894
997,0.5471008272837071
998,-0.42724555900989203
999,0.12985002562668435
1000,0.07903270199340873
1001,0.1547252374763497
1002,0.30958514252048197
1003,-0.18398222754373217
1004,-0.08394187257369967
1005,-0.7482320232907743
1006,0.2735303706220369
1007,-0.3291527841187887
1008,-0.875201804262097
1009,0.020586360015932725
1010,0.4346073109132358
1011,0.476883292655247
1012,0.22855588734889376
1013,0.15072783627113268
1014,0.683266582074313
1015,0.3292631443278261
1016,0.4331586770982915
1017,-0.2592455327980874
1018,0.43545563985600194
1019,0.2739333037568586
1020,0.3031580568737641
1021,0.39263335614709705
1022,-0.09861119398743068
1023,-0.10204669729715743
1024,0.39068110122247257
1025,0.028449660699972568
1026,-0.22345216647738275
1027,0.2954021776479512
1028,0.29447025845692754
1029,0.12978363446494806
1030,0.38328115415407243
1031,0.2244698342638614
1032,-0.14267314478291326
1033,-0.13230047129283717
1034,0.4438264803315998
1035,0.901615267148158
1036,0.41668140073915866
1037,0.0367476824767905
1038,0.43977362240602313
1039,0.09760542659164828
1040,0.18023601616675866
1041,0.3611738820637189
1042,0.17537080150782192
1043,0.44182498481558885
1044,0.455884546193817
1045,0.35650089307041044
1046,0.3507109802161662
1047,0.37666463004999207
1048,0.05392350545079572
1049,0.3457497075247438
1050,-0.04129854040488701
1051,0.16849659595412447
1052,0.17548082842178325
1053,0.19191517380959555
1054,-0.08160459282682675
1055,0.42658277243782106
1056,0.08887039340771719
1057,0.3281451488266832
1058,0.2946097704254862
1059,0.1325148648231571
1060,-0.19586709425898285
1061,-0.4221401704368606
1062,0.38535403831687354
1063,0.256224367836563
1064,0.2649944879353672
1065,0.30012369352198753
1066,0.041829850723151374
1067,0.07874476214294579
1068,0.2785770067412849
1069,-0.46278556058944487
1070,0.3281957190724092
1071,0.11109991094562227
1072,0.17389361351180765
1073,0.07155990054850991
1074,0.3078354203211584
1075,-0.18912726157755322
1076,-0.008673455652768447
1077,0.1251956189795565
1078,0.19654224248562735
1079,0.2648267262549179
1080,-0.6691692503970734
1081,-0.4007253167559671
1082,0.29208194886091565
1083,0.08816466421426045
1084,0.3460156227159136
1085,0.48745789739170786
1086,0.040684092327890164
1087,0.5832388957845012
1088,-0.5370093242622338
1089,0.44757440526564307
1090,0.11211251061245564
1091,0.34175154021346216
1092,0.24658885996682578
1093,-0.012154738237957818
1094,0.4314352281844085
1095,0.27397699264727077
1096,0.2695266596788123
1097,0.11285735461342233
1098,0.4314909257000046
1099,0.17601837165137402
1100,0.4154557175572265
1101,-0.04237890623019003
1102,0.7933392761141491
1103,-0.3578707238822859
1104,-0.3390155336707621
1105,0.11148283508290258
1106,-0.5513816777613363
1107,-0.2786682436418235
1108,0.26098826422963517
1109,0.1166251741122174
1110,0.3820652718248928
1111,0.2048520859495236
1112,-0.22752323527656015
1113,-0.6869873648865916
1114,-0.8928879228747935
1115,0.26015652987546534
1116,-0.06323874403557861
1117,0.6349552583269689
1118,0.2358057255752315
1119,0.4617458999577747
1120,0.23421880450303717
1121,-0.13351873970465733
1122,0.2498261694505212
1123,0.1842440507604639
1124,0.054964617531445326
1125,-0.11519624536770878
1126,-0.522443746094986
1127,-0.04425429564866146
1128,0.1592215710057457
1129,0.5022394546753552
1130,0.8621147753574406
1131,-0.5253049776371359
1132,-0.1020851032209984
1133,-0.059243592370760156
1134,0.12978363446494806
1135,0.22081952998158022
1136,-0.1527291424663919
1137,0.10547313399919284
1138,-1.3697557042877133
1139,0.24075683011054616
1140,0.1878896203236028
1141,0.31917765141782517
1142,0.0661989144172187
1143,0.1671134575869475
1144,0.18821526712107556
1145,0.20600265138889318
1146,-0.07251383362921682
1147,0.1709083775464657
1148,-0.008892783873956867
1149,-0.02033390259694623
1150,0.21171042874177148
1151,0.29174526681517193
1152,0.007073037146773653
1153,0.03351027409795737
1154,0.45364222220873174
1155,0.6126965655858312
1156,0.7048474659826061
1157,-0.12849819358055625
1158,0.061906888143185124
1159,0.5654439346066334
1160,-0.04523132366293581
1161,0.11285735461342233
1162,0.47603196908733036
1163,0.29497785543034105
1164,-0.579940634468805
1165,-0.06054198277299072
1166,-0.03244527611032444
1167,0.6605997245349455
1168,0.15188122307766605
1169,-0.5704570017465287
1170,0.23166178099504983
1171,0.46980475836875346
1172,0.5464509708957954
1173,0.05544155676594659
1174,0.08249990839728699
1175,0.10658185858361868
1176,-0.3019874583245127
1177,0.5580250036760752
1178,0.09620425069866556
1179,0.41446031690542195
1180,-0.052339530229149056
1181,0.6495526599913515
1182,-0.007630572139383784
1183,-0.04917996836288163
1184,-0.3198217382313635
1185,0.30348312207917494
1186,0.5109371887359474
1187,0.692208986379533
1188,0.11222830228334763
1189,-0.9250457338339114
1190,-0.9932511398442432
1191,0.5483728751090872
1192,-0.5680746306485966
1193,0.41504320521544114
1194,-0.25834907109917093
1195,-0.3971290007603985
1196,0.12586825113017663
1197,-0.20355136810949293
1198,0.41651943865974594
1199,0.1886499526002377
1200,0.31142364771272313
1201,0.2643821917586188
1202,-0.1785065330297868
1203,0.1974070605721061
1204,0.0020000474567533066
1205,0.14463670588204436
1206,-0.7282807902806464
1207,0.15777566587809944
1208,0.4462087597804137
1209,0.33562622292039745
1210,-0.6745313423810693
1211,0.25565136913815123
1212,-1.0166618292453162
1213,0.4121924228079359
1214,0.1526417200778587
1215,-0.9169995656190657
1216,0.2812841635558604
1217,0.24698289083365677
1218,0.27837849930825825
1219,0.07067791467214957
1220,0.027371068536960697
1221,-0.11491314209635106
1222,-0.34283219474285875
1223,-0.5843387943063066
1224,0.17856332524898239
1225,-0.10309280928926412
1226,0.2860324796328326
1227,0.10804981696782168
1228,0.03209487875755945
1229,-0.24360734549030538
1230,-0.4328506436935444
1231,0.12649706374252379
1232,0.6330561070307974
1233,0.2200325096249452
1234,0.531398798342766
1235,-0.7893047664947181
1236,0.07943050111397093
1237,0.16141726378338428
1238,0.008511249890692907
1239,0.31920513959989083
1240,0.5029058835510654
1241,0.28851930433783735
1242,0.01233853487373271
1243,0.3021202395759232
1244,-0.07836217760205666
1245,0.6419516901889591
1246,0.785254848649427
1247,0.23882573177283478
1248,0.26374699002288315
1249,0.181555645704166
1250,0.2202515699187917
1251,0.06587480144330604
1252,0.27802532530977997
1253,0.3968147563518564
1254,0.3348140528533692
1255,0.0921045946766813
1256,0.6844301428253856
1257,-0.7204145652998395
1258,-0.15219224460618463
1259,0.253996669764581
1260,0.0412388371924064
1261,-0.34542983271888317
1262,0.06603061727682369
1263,0.22790905412300588
1264,-1.131460153362075
1265,-0.27921008421520743
1266,0.3348140528533692
1267,0.26297013613196996
1268,0.14627503902559125
1269,0.4231634237682329
1270,-0.2145759133717977
1271,0.4026381435758209
1272,-0.14874230073274464
1273,-0.30293237558833286
1274,-0.3237616027215172
1275,-0.15680210251262483
1276,0.3953730305302689
1277,0.6472297366285519
1278,0.0613488188280682
1279,-0.4745890490053095
1280,0.054574022600524186
1281,0.2974852881015291
1282,0.1547252374763497
1283,-0.02685971251962882
1284,-0.0009814400966353665
1285,0.5549589759701578
1286,0.394296720933435
1287,-0.35154007219301686
1288,-0.4699610473964242
1289,0.032345046305141845
1290,-0.35723355703490434
1291,0.4618539605809725
1292,-0.5782146048908423
1293,0.34589749973854084
1294,0.12711735269607116
1295,-0.13708507617914223
1296,0.06988503546120656
1297,0.29822835739625175
1298,0.3074169334739909
1299,-0.17300107520388597
1300,-0.05810407032148912
1301,0.31041036911398145
1302,-0.021172462856362317
1303,0.032401036766795954
1304,0.49386270887756833
1305,0.6368476556909854
1306,0.49349920110116885
1307,-0.5389445034248233
1308,0.24658674233814992
1309,0.4358713615970966
1310,-0.43501472896240556
1311,-0.48016715087911277
1312,0.4633895158238177
1313,0.29845988783736643
1314,0.2422062158669671
1315,-0.3765334734804988
1316,0.24966631017170965
1317,0.7486750146128089
1318,0.33140803774901506
1319,0.508897197393436
1320,-0.34283219474285875
1321,-0.14425411899822382
1322,0.34592703971238814
1323,0.8521840350986911
1324,0.07116517562014013
1325,-0.19629904982840274
1326,0.019581184895588133
1327,-0.5786016613636757
1328,0.20338699579356068
1329,-0.03468563472911623
1330,-1.0431609726420819
1331,0.4859373022050899
1332,0.14531964661101315
1333,0.09010703822851951
1334,0.21792628635498573
1335,0.3043251299612961
1336,0.5029738898559796
1337,-0.16161121267701917
1338,-0.4655504036507736
1339,0.10474021378339882
1340,-1.1780397614879932
1341,-0.44475859666688455
1342,0.17994804184314678
1343,0.47803887892570984
1344,-0.12140946691081922
1345,0.5287406473269581
1346,-0.18054092910932362
1347,-0.5298536081638269
1348,0.1974070605721061
1349,0.6716309378424148
1350,0.050838480636870464
1351,0.4152548628838026
1352,-1.057664939659675
1353,0.058165362465742054
1354,0.5401647381685953
1355,-0.23453075822473446
1356,0.38621209658598427
1357,0.1817712609106208
1358,0.25038051354644625
1359,-0.013262241525688334
1360,0.23058541903757115
1361,0.3188297824938203
1362,0.34910739353314735
1363,0.0367476824767905
1364,-0.005037069660269955
1365,0.26952869479200653
1366,0.24614709556458303
1367,0.35725247393611337
1368,0.29574631312975797
1369,-0.2622954972880617
1370,0.18963631431610062
1371,-0.24384214389192704
1372,-0.41584411048756387
1373,-0.06706382396435806
1374,-0.005275152784170567
1375,0.19398067330274382
1376,0.1863024756669444
1377,0.25418942330754823
1378,0.22059914543359516
1379,0.4309969453574966
1380,0.00076215456815798
1381,-0.1102162879842038
1382,0.2346029360597609
1383,0.2788109470381249
1384,0.5430200680070725
1385,0.21042165650287942
1386,0.45933492811962795
1387,0.40325229000913015
1388,-0.20745010075563552
1389,0.29987206533388977
1390,0.33741313299798825
1391,0.19613959978880635
1392,0.30042565063174476
1393,0.056795305841254806
1394,0.2942591842104654
1395,0.1619909288548924
1396,0.4380026824090157
1397,-0.13317274558186998
1398,0.41333619529967003
1399,0.062325117092893345
1400,0.13038749440885916
1401,-0.212779253315044
1402,-0.04801934691681986
1403,0.5204539714052535
1404,0.2414431930418814
1405,-0.13929495258322477
1406,0.3326513431582021
1407,-0.6613643377254332
1408,-0.44118994323143035
1409,-0.008470837855719227
1410,0.4553849883509799
1411,-0.1466586428356147
1412,-0.19899489574389473
1413,0.1562277839861388
1414,0.18401950582413368
1415,0.21330657229670863
1416,0.05483438011862252
1417,0.88562861351572
1418,0.4524676122690466
1419,-0.45588947721612816
1420,-0.03476081396814901
1421,-0.21079565575992
1422,-0.04523132366293581
1423,0.17380522189900705
1424,0.1254848577844725
1425,0.04665132364139701
1426,-0.4691175639828207
1427,0.2550608691501186
1428,0.37271963591122925
1429,0.4378004636802807
1430,0.09584587876234174
1431,0.268791489980525
1432,0.09398695412420277
1433,0.20114138192224779
1434,0.2499185939233622
1435,-0.38353873869039123
1436,-0.10309280928926412
1437,0.45364096447909313
1438,-0.08028580148408448
1439,0.19531466509437972
1440,-0.1895418040465755
1441,0.12099980029431506
1442,0.17143109902681758
1443,0.4527758290363159
1444,0.3946719553725648
1445,0.1333095279098762
1446,-0.02092615872741066
1447,0.46504848935106813
1448,-0.12257939474705737
1449,0.383547890511467
1450,0.41616104267188003
1451,0.3074910154445105
1452,0.2920957084325167
1453,0.12219942010481866
1454,0.39525855682686734
1455,0.26915649601745895
1456,-0.1384595683409109
1457,0.11446956281832554
1458,0.3035259709046859
1459,0.6891966923457479
1460,-0.5721134776910575
1461,-0.16958996923852088
1462,0.3976050365606859
1463,0.5058750036756678
1464,-0.045983346016541304
1465,0.25038051354644625
1466,0.28768286343698046
1467,0.35071612946408093
1468,0.2052119779545047
1469,0.5575384761320874
1470,0.056795305841254806
1471,-0.5137313225276043
1472,0.21777080451787573
1473,0.2707832502869133
1474,0.4191398500381297
1475,-0.0926743421126589
1476,0.261628963475369
1477,-0.06198641158585494
1478,0.34592703971238814
1479,0.37922155475530306
1480,0.06802961434407129
1481,-0.4528901929735798
1482,0.017986216860452098
1483,-0.3893358777602125
1484,-0.34268082195945704
1485,0.1280327155720039
1486,0.3518140938573562
1487,0.2843914881624216
1488,-0.003848734562531153
1489,0.08816466421426045
1490,-0.05996125715457157
1491,0.2618655418925322
1492,0.376099953415834
1493,0.14463670588204436
1494,-0.18040011690757685
1495,0.40293363632942797
1496,0.07402559769136613
1497,0.46898907623043196
1498,-0.8077296671253607
1499,0.0017572939444092106
1500,0.22808852744133074
1501,0.255320735166782
1502,0.5137817476309807
1503,0.3090693470454099
1504,0.07186307558067412
1505,-0.585709789505173
1506,-0.13220178460958798
1507,-0.2502427360861922
1508,-0.028421720749710055
1509,0.2814262206249485
1510,0.07504890249120111
1511,0.5217916679607579
1512,0.48232532929424465
1513,-0.2101775392649562
1514,-0.12677659165319743
1515,-0.9973669133003198
1516,0.252438578286042
1517,-0.0580710491640728
1518,0.10845020952999063
1519,0.3411338303963839
1520,-0.5687050144255857
1521,0.22906800357332607
1522,0.3897716686968737
1523,-0.057480305457710545
1524,-0.3621081404365527
1525,0.08625135149317792
1526,0.12257902058708858
1527,-0.30669535802766057
1528,-0.546605349863641
1529,-0.01063514532088683
1530,0.4905701263247183
1531,0.27117668046663584
1532,-0.2811291514600226
1533,0.4514170580740189
1534,-0.21079565575992
1535,0.14977576625313527
1536,-0.020491569826708078
1537,-0.18835251097331018
1538,0.1893633009794301
1539,-0.39773368593096214
1540,0.169885295901668
1541,0.12898050481859052
1542,0.4966512064387949
1543,0.21113489616743975
1544,-0.07958049846630955
1545,0.26158949375406787
1546,0.1891589589301792
1547,0.18401950582413368
1548,0.045971983978972064
1549,0.23617924976016702
1550,-0.07620935099125403
1551,0.18454050560980784
1552,-0.27499379800056656
1553,-0.2622164397505291
1554,0.04749367069933608
1555,0.47219463273282514
1556,-0.9225710279636685
1557,-1.3926343092928313
1558,0.04172846479949888
1559,-0.4465032585015938
1560,-1.1246481628261986
1561,-0.04776665528407209
1562,0.10658185858361868
1563,-0.16237002076476748
1564,0.505595110634016
1565,0.34598610119997436
1566,0.12281153923024096
1567,-0.14803992581135472
1568,0.3428894657520331
1569,0.4460005536794207
1570,0.621088940154864
1571,0.23186013165326189
1572,-0.07384824393893197
1573,0.48801895063916145
1574,-0.306794007680781
1575,-0.12894162822231847
1576,-0.19508915048838105
1577,0.3028760878496458
1578,0.19151423798645628
1579,-0.21074240712775905
1580,0.36044638220296743
1581,-0.279373827242126
1582,0.27299610357472864
1583,0.2978103641870884
1584,0.48369923316192415
1585,0.16143496829635084
1586,-0.6943615939267962
1587,-0.25573290306331553
1588,0.6655620511621914
1589,-0.5700849684390876
1590,-0.21983941251442918
1591,0.1786595079150105
1592,0.253648006815582
1593,-0.2452941968089546
1594,0.48278854983292535
1595,-0.17100799881167938
1596,0.25977496781885123
1597,0.26503445769594147
1598,0.058566321725567694
1599,0.16391321435405787
1600,0.08945012428254484
1601,0.15571334293226147
1602,0.3252816748787421
1603,0.22059914543359516
1604,0.5049717850762347
1605,-0.0492440718908389
1606,-0.6109911636827994
1607,0.2569853532191313
1608,-0.2053260490582136
1609,0.13005098448891506
1610,-0.08065755227440663
1611,0.7416147960741429
1612,0.6820562238642198
1613,-0.4583868477825659
1614,-0.023171152339825363
1615,-0.01795488877390966
1616,0.30621936579466547
1617,0.13000753335013304
1618,0.005103473063322483
1619,0.05903289886241331
1620,0.07819845825968796
1621,0.21711034542550278
1622,0.11584346408319124
1623,-0.016918861309487387
1624,0.5430728076435531
1625,0.5152691965163476
1626,-0.6801091662857187
1627,0.3263406034885317
1628,-0.542138435629664
1629,0.12281153923024096
1630,0.17380522189900705
1631,0.10852609746648456
1632,0.31597445305280336
1633,0.026032202566256046
1634,-0.23978174179259926
1635,0.5209762872069879
1636,0.3500952764168628
1637,0.5238720494936318
1638,0.38211212031419073
1639,0.2990178654639477
1640,0.12124283131697772
1641,0.652665454953498
1642,0.5708863566170747
1643,0.10486138567589254
1644,0.24200955105801492
1645,-0.2975601544591078
1646,-0.2649836456598683
1647,0.18681515141479282
1648,-0.17100799881167938
1649,-0.19988694221742054
1650,-0.35926111587634124
1651,0.42923521291601036
1652,0.8152625864342551
1653,0.06397655314180994
1654,0.3190840772832135
1655,-0.06600855423110352
1656,0.4438264803315998
1657,0.04839349870878984
1658,0.0810627370239545
1659,0.32074216863938726
1660,0.04009486333803769
1661,0.21410366786684892
1662,-0.8072211313763046
1663,-0.007988424404787642
1664,0.2581837841053237
1665,0.15308497386562314
1666,0.029226117135683793
1667,0.38336110549559027
1668,0.3500952764168628
1669,0.29950392829339123
1670,0.26700017109572427
1671,0.5122642637611462
1672,0.006812755196035081
1673,0.2818459746792819
1674,-0.47767160880936
1675,0.7078516352011048
1676,0.028671121616194117
1677,0.33458378224519464
1678,0.5832516457895598
1679,0.5088185220521599
1680,0.0960677566557836
1681,0.01690179941487069
1682,0.5992174829919643
1683,0.2549169102041894
1684,-0.09765197885411858
1685,-0.11032651320603215
1686,0.713978007844666
1687,0.18057484896900255
1688,-0.17840732488693156
1689,-0.01217053731997686
1690,-0.03128772137880009
1691,0.06005120794956942
1692,0.014567502908149843
1693,0.26171231667758377
1694,0.4013333363196065
1695,0.20796577217687406
1696,0.23163142147292493
1697,0.5027033747172003
1698,0.17850652975729542
1699,0.008828447307849152
1700,0.20563710219143116
1701,-0.0037885168927065394
1702,-0.07826175247835487
1703,0.2815842575908401
1704,-0.07836217760205666
1705,0.32464442749217554
1706,-0.6684246229990569
1707,0.2499185939233622
1708,0.19646800059086755
1709,0.48919778780463674
1710,0.034857141058847296
1711,-0.18984589232635507
1712,0.19838615130688386
1713,0.22971564801311437
1714,0.32946253360189015
1715,-0.2380463266076076
1716,0.4046291119984179
1717,-0.22730073740088108
1718,0.3676108064576833
1719,0.1720601571602428
1720,-0.15478312153881446
1721,0.4301039792617713
1722,0.07356169377333499
1723,0.041763665457805854
1724,0.468858977751957
1725,0.4163538117837113
1726,0.4980762122592064
1727,0.3009801249290305
1728,0.21994298286794767
1729,-0.3205474742407456
1730,-0.4389263849901701
1731,-0.08425044127885628
1732,0.4414015043805038
1733,0.5731493260361729
1734,0.47408030333210627
1735,0.3028377681929062
1736,0.17519528460517547
1737,-0.03779601795422338
1738,0.030759205107563803
1739,0.3348140528533692
1740,-0.09108643552978202
1741,0.10209414907813807
1742,-0.2186012934638102
1743,-0.48733136671951816
1744,-0.802399954496968
1745,-0.15622729800026092
1746,0.09850912551116442
1747,-0.17375701370927177
1748,-0.08541070086341707
1749,0.1707733373927387
1750,0.23735039836519736
1751,0.6135538825855327
1752,0.39821935808543063
1753,-0.1949168632299052
1754,0.16904331608463774
1755,0.13906666399427758
1756,-0.19760070382872397
1757,-0.3531524612036865
1758,0.17064232507911736
1759,-0.10309280928926412
1760,0.6014045615517276
1761,0.09438089880860967
1762,0.33732226543282373
1763,0.46505049588768893
1764,0.3079658805648929
1765,0.08816466421426045
1766,0.25038051354644625
1767,0.6402573828358874
1768,-0.45042586178344135
1769,0.4094099209449036
1770,-0.3609787290557118
1771,-0.5952658989177995
1772,0.5555688779260196
1773,0.39731516901195063
1774,0.31142364771272313
1775,-0.22057238294779646
1776,0.008154188081987646
1777,0.1293464642883954
1778,0.2645035871095168
1779,0.38328115415407243
1780,0.44373254576119314
1781,0.05887968418451228
1782,0.08144524329813296
1783,0.0933818257654977
1784,0.43857902114332437
1785,0.11384987869574448
1786,0.3677436276219151
1787,0.19891318547505277
1788,0.2866524447086878
1789,0.3075012679744956
1790,-0.0478650152185508
1791,0.5540354003506478
1792,-0.7796576671290456
1793,0.04844812426335099
1794,0.4011186103513178
1795,0.004802918264773526
1796,-0.3599757958204808
1797,-0.03954297488021319
1798,0.15991299501921663
1799,0.16891480817080318
1800,-0.04194936113909964
1801,-0.009428791814248272
1802,0.16026054681585855
1803,0.1671134575869475
1804,0.09655146259890907
1805,0.008511249890692907
1806,0.2658458733359803
1807,0.47276978944672376
1808,0.2596317657427137
1809,-0.5813881191877057
1810,-0.18975895195688586
1811,0.13753445496758687
1812,0.04551965608338526
1813,0.5777850545574174
1814,0.16436757217777165
1815,0.004802918264773526
1816,0.23341722623996364
1817,0.26225246720267714
1818,0.20008765889205848
1819,0.2984545550885058
1820,0.3165041669142392
1821,-0.0302501351102219
1822,0.04997223039528098
1823,0.4156627820459885
1824,0.4363206701659439
1825,-0.006020429821666062
1826,-0.32755490663233333
1827,0.27055915211362086
1828,0.07067791467214957
1829,-0.035549552364283366
1830,-0.4285068022831584
1831,0.43421031225276935
1832,0.11584346408319124
1833,0.05677329722398583
1834,0.07725738575819913
1835,0.5182415492596832
1836,0.21500894663737186
1837,-0.0650319829959154
1838,0.21606739286814008
1839,0.1901519851673209
1840,-0.49965922423623965
1841,-0.486361201001557
1842,-0.4379194719185884
1843,0.21291414147659948
1844,0.45737357746639573
1845,0.36843729236174727
1846,-0.1900151348032968
1847,0.06743497684423616
1848,0.1629291415592562
1849,-0.34283219474285875
1850,-0.14378534184961278
1851,0.348010018754143
1852,-0.03128772137880009
1853,0.33367826703459624
1854,0.15479531378285155
1855,-0.4650723872175697
1856,0.4585576179049349
1857,0.0826491722556042
1858,0.06438566728811324
1859,0.2906242015007514
1860,0.15652376943988933
1861,0.1570270916556582
1862,-0.1621879845459867
1863,0.20545055113834487
1864,0.27716826881286
1865,0.2676542708802864
1866,0.46068127709295414
1867,0.10670213268183815
1868,-0.742325462794893
1869,0.8327240197107735
1870,0.1959289842306895
1871,0.18412902016422172
1872,0.6490980004323612
1873,0.11695899727682268
1874,0.5359034905072
1875,0.08288986880940524
1876,-0.2632573449446327
1877,0.0921045946766813
1878,0.18197800352752047
1879,0.44390899313184207
1880,0.2984033906691984
1881,0.37609718598587116
1882,0.07067791467214957
1883,0.364909545347854
1884,-0.8983950452373368
1885,0.3968147563518564
1886,0.018121306614908517
1887,0.13198053680602828
1888,-0.13385121063659788
1889,-0.2697774490884689
1890,0.11665643496201261
1891,0.285059852546393
1892,-0.13206736460552893
1893,-0.4660237853569805
1894,0.41004297545631574
1895,0.406184896096373
1896,0.19728907875164164
1897,-0.18290147588580252
1898,0.5687121678373198
1899,0.33189561995697586
1900,-0.22777665738986608
1901,0.6787759420134754
1902,0.2353858523748429
1903,0.061906888143185124
1904,0.4680838746446583
1905,-1.0983767275149414
1906,-0.5360454705358756
1907,0.2569853532191313
1908,-0.31363586822819145
1909,0.3102459640799018
1910,0.056795305841254806
1911,-1.2789079646992192
1912,0.17982059816093937
1913,-0.3879393300944409
1914,0.3074910154445105
1915,0.37272190317295506
1916,-0.37008958971220585
1917,0.3509142591971638
1918,0.6411311680372629
1919,-0.5026393426714673
1920,0.3364851076047821
1921,0.4938126378724823
1922,0.3074910154445105
1923,0.2338274410507587
1924,-1.0611296347179708
1925,-0.49068719329909505
1926,0.19290110395289295
1927,0.37334652246505906
1928,0.41989128135436987
1929,0.17389361351180765
1930,0.24121591500702966
1931,-0.15613690166127348
1932,-0.40937284570657995
1933,0.19573682296651473
1934,0.19304275832000883
1935,0.4064241523476116
1936,0.004802918264773526
1937,0.17559054005943064
1938,0.0904069067539286
1939,-0.5731584957226736
1940,0.11880422037678884
1941,0.17488045381982698
1942,-0.7126878630205766
1943,0.26577638579684315
1944,0.21142648194443325
1945,0.12197165263934773
1946,-0.15988093787230806
1947,-0.8447024067682896
1948,-0.012639818904695455
1949,0.3371366337679323
1950,0.16391321435405787
1951,0.330249585579936
1952,0.12453498414601044
1953,-0.674988136693629
1954,0.4698873951018592
1955,-0.09074407151680297
1956,-0.5378040000878681
1957,0.3093914503468239
1958,0.4416624673781606
1959,-0.1266734944491832
1960,0.16391321435405787
1961,0.14297210382248848
1962,-0.08898448522011504
1963,0.16950591566128437
1964,0.09009965647174767
1965,-1.3120765770669616
1966,0.2642749196123262
1967,0.18435861567146644
1968,0.20215165804251978
1969,-0.022739688270036584
1970,0.22059914543359516
1971,-0.7502602155384162
1972,-0.08425044127885628
1973,0.3566701833510389
1974,-0.06427672990860422
1975,-0.3015797562838928
1976,0.2811798092914772
1977,-0.7003009687057187
1978,0.4096814501289813
1979,-1.4431453517838795
1980,-0.075636571980363
1981,0.20932370806271683
1982,0.452707429940512
1983,0.06559786541379387
1984,0.1974070605721061
1985,-0.48032726152699823
1986,0.3394037637952691
1987,-0.03128772137880009
1988,-0.4217019010386791
1989,-0.27903387149841463
1990,-0.8356628856635968
1991,-0.017175332046419856
1992,0.34947353413534565
1993,-0.4528901929735798
1994,-0.08148352797123959
1995,0.747673722183282
1996,0.409912067504388
1997,-0.7772710042180189
1998,0.3901688058234414
1999,-0.42259271321603964
2000,0.590028601428177
2001,0.20949440765057165
2002,-0.04523132366293581
2003,0.6256536257736796
2004,0.19797225404433538
2005,-1.1312514588398608
2006,0.13000753335013304
2007,-0.5796361410217277
2008,-0.007630572139383784
2009,-0.30631235829000736
2010,0.24378190754447815
2011,0.30081273068331166
2012,0.2396532290267157
2013,-0.1610818475332607
2014,0.3126218032102363
2015,0.2964863249336046
2016,0.5330501789097669
2017,-0.12438110587281148
2018,0.42292419301804923
2019,0.1699540591594595
2020,0.3003575592890203
2021,0.44360027142924874
2022,0.27290575754738167
2023,-0.057168552593446
2024,0.10288780069735304
2025,-0.4565886383072566
2026,-0.06397376778006314
2027,0.30109507435740046
2028,0.19654224248562735
2029,0.5349917392895196
2030,-0.21079565575992
2031,0.5270193581056758
2032,0.06817608149427412
2033,-0.20912975547844526
2034,-0.3831825300775188
2035,0.2557898872219982
2036,0.2868741324023041
2037,0.261628963475369
2038,0.462741912964711
2039,0.18412902016422172
2040,0.5775376449501828
2041,0.44351370306818866
2042,0.30649364702031456
2043,0.06384517702928894
2044,0.20908802454309677
2045,-0.9169995656190657
2046,-0.45098874281395784
2047,-0.29015112394504716
2048,-0.5644631249224294
2049,-0.25138544469756385
2050,-0.5946851776136866
2051,0.1325148648231571
2052,0.09476774179009834
2053,0.41126273220732823
2054,0.16519762146313471
2055,-0.017175332046419856
2056,0.3369092789464232
2057,0.3106242211707708
2058,-0.8309904567603121
2059,-0.05300799463842809
2060,0.58344588689352
2061,-0.01774854531927872
2062,0.23662485938371935
2063,-1.0883985241617524
2064,0.6741481877644193
2065,0.1447542615023818
2066,-0.08852157870398814
2067,0.2742829901329297
2068,0.36998120089060804
2069,0.2605675989754681
2070,0.4522755830306079
2071,0.4975426234212663
2072,-0.39164073697833124
2073,0.17978157662200744
2074,0.34252367754984037
2075,0.12548111343121282
2076,0.5337993181710986
2077,0.5116929704277762
2078,0.16448484930144758
2079,0.7458680401286432
2080,0.5646693980858654
2081,0.6093938238561548
2082,-0.13954097331282356
2083,0.28982537338552267
2084,0.14420743717336143
2085,0.723057329937663
2086,0.3146182796484274
2087,0.42758866291478026
2088,0.3269592498522126
2089,-0.0771719547994979
2090,0.14366770242080057
2091,0.20734332787344723
2092,-0.8985145978404856
2093,0.3027168878228068
2094,0.2678646665902937
2095,0.5291675156532515
2096,-0.08695318130189422
2097,0.12269591896067089
2098,0.30502132906372165
2099,0.29240106572702973
2100,0.022700261998520932
2101,0.3307983287263573
2102,0.07616866771040554
2103,0.26546532101955733
2104,0.11692665577223738
2105,0.29534983280870264
2106,0.25644929687568196
2107,0.2569853532191313
2108,0.7629218351339302
2109,-0.6736398289130776
2110,0.09620425069866556
2111,-0.23266457428081555
2112,-0.022395459449615185
2113,0.011408256804156136
2114,0.04839349870878984
2115,-0.8102926271400956
2116,0.28299656482311414
2117,-0.20958710907794242
2118,-0.054415971793676854
2119,0.18014711515959092
2120,0.24794676244591063
2121,0.29700212867576853
2122,0.24570582600501856
2123,0.19009235637909505
2124,-0.25924259811786776
2125,-0.8750844022835336
2126,0.4224643143090715
2127,-0.3901670397835424
2128,0.12764257407177493
2129,-0.7046117697368757
2130,0.31198636601488156
2131,0.1182212252850059
2132,0.09843735423669836
2133,0.4886065450954621
2134,-0.6690577958627792
2135,0.35554540179232125
2136,0.13935760124079455
2137,0.71576985789721
2138,0.1293464642883954
2139,-0.010403202926243416
2140,-0.024036872433491063
2141,0.25962799558374217
2142,-0.20685832212560573
2143,-0.26587614504904145
2144,0.21769429501390936
2145,0.2659812060807912
2146,0.29743530182132727
2147,0.15807425367690076
2148,0.26866406545121346
2149,0.4910290319570455
2150,-0.19274371885935815
2151,0.2633291528139421
2152,0.22804164405677457
2153,0.07547195871201906
2154,0.40676589739925817
2155,-0.02777378010575904
2156,0.550457478449996
2157,0.3916531441120219
2158,-0.7719834831172476
2159,0.04099551751360031
2160,0.31394692356348847
2161,0.693570531315791
2162,-0.623820440410664
2163,0.31394692356348847
2164,-0.38361270316006824
