,pve
0,-0.06628461488834314
1,-0.031333546829190984
2,-0.12251277298767005
3,-0.07504416253067347
4,0.09045106552654725
5,-0.012421530510825729
6,-0.24165011048294605
7,0.024407825554641438
8,0.03279706105345448
9,0.043028706223310675
10,0.0503750980793245
11,0.12244618958226583
12,-0.044190717537346824
13,-0.2026509555564312
14,-0.0109409230565998
15,0.04755097747264081
16,0.047016573918019
17,-0.031106844794573124
18,-0.021431662241312432
19,0.05052555698980121
20,0.02226682235825128
21,-0.10648586279081435
22,0.013651116081467574
23,0.04494740251480667
24,0.04212863623204699
25,-0.05768830732578778
26,0.22059474871992324
27,0.012120648251883914
28,0.18593068653119194
29,0.0012329513397528746
30,-0.02427372850796622
31,0.004465237534695632
32,-0.08246893406195999
33,-0.01648886885665013
34,-0.02623791962513833
35,-0.05157159610959612
36,0.11450568407250411
37,-0.03699961748444103
38,-0.01609800861187788
39,-0.13122583491609352
40,-0.19140272603518615
41,-0.002938107883037777
42,-0.004535457921567343
43,-0.03454036762211987
44,-0.09033918209870428
45,-0.024939709203258387
46,0.04736778062750413
47,-0.04767540912856638
48,0.06371155408687956
49,-0.055451608272053116
50,0.005787178062922282
51,0.07205182345489586
52,0.1751906741181215
53,-0.027908009098945197
54,0.23286890360706503
55,0.054100486772399425
56,0.05444741784935869
57,-0.02733254908005095
58,0.12898585574229005
59,-0.012705968581407545
60,0.0745028215977549
61,0.07848833681762879
62,-0.024026953665426287
63,-0.045866697918078736
64,-0.02056545247024577
65,-0.00041214974766271006
66,0.002996867869704406
67,0.016361589312102104
68,-0.004327545345644945
69,0.04716111200212225
70,-0.03992527125049039
71,-0.009891571169183655
72,-0.21268216327905642
73,0.08594749440038252
74,0.03866739548849035
75,-0.05572251969725328
76,-0.009954570768783033
77,0.00024159806011314622
78,0.07717554420188877
79,-0.021654191605106288
80,-0.015240576057502508
81,0.018730688285582164
82,-0.0031673200863593376
83,-0.03516347993966662
84,-0.0576572065409271
85,-0.11377603395444824
86,0.03506215537201621
87,-0.03105700119695351
88,0.12802514881161386
89,0.04834970862072474
90,-0.04073828506811604
91,0.1350897276946017
92,-0.07537821731848349
93,0.02074923425854336
94,0.16136059211958909
95,0.01760252452044836
96,-0.07319336471964277
97,-0.00025536715197282955
98,-0.0951814435161728
99,-0.009891571169183655
100,0.051455406875517085
101,-0.06479059883775384
102,-0.05276895913041335
103,-0.008071058055061475
104,0.003241589151882718
105,-0.012660334827375386
106,-0.08836644612803024
107,0.05290115731594025
108,0.05121698340997399
109,0.0630234545743551
110,-0.12268408045698626
111,-0.024341366871211523
112,-0.08575898954937566
113,-0.051623276777105195
114,0.049920738538962506
115,-0.01898151029533568
116,0.025690789263428493
117,0.006002939136357077
118,0.16179659892503173
119,-0.12300336677724977
120,-0.007223771920368605
121,0.04314356803237829
122,-0.00031790188938729536
123,0.028235367194043903
124,-0.023967000199852206
125,0.06155192707532742
126,0.09920584722515535
127,-0.03738423400785851
128,0.05006852163139541
129,-0.4704919151820459
130,0.0126267445556274
131,-0.12084657291871581
132,0.006005127301412394
133,-0.0471640886117613
134,0.05039928720698339
135,0.03424955353606263
136,0.023212832285548712
137,0.014467283357775695
138,0.03146024779525436
139,0.04633007887544244
140,0.1508603162807547
141,-0.008305300782561753
142,-0.008158292362974495
143,0.09678301819083868
144,0.0462763067613613
145,0.092072970998336
146,0.05499059539573431
147,-0.11140005394116914
148,-0.09870477461808902
149,-0.0411869576600159
150,0.05234943259539149
151,0.12244618958226583
152,0.058543452422977094
153,0.07203226997978479
154,0.02495903668098806
155,0.08105582299825342
156,0.19449556785884958
157,0.02017307706415583
158,0.021595319909892885
159,0.044633679743491694
160,-0.014905894289317656
161,-0.044190717537346824
162,-0.04032015948996931
163,-0.02285899496575633
164,-0.03025957501100257
165,-0.0445596870922178
166,-0.04543703842500829
167,0.0014790589542910404
168,-0.01925751189906294
169,-0.015963120776348982
170,0.13971624177115366
171,0.07158677804609026
172,-0.02190514852666864
173,0.04308357922996897
174,0.013631287488608562
175,-0.20487690594264385
176,-0.06701026707825514
177,-0.1503021124170253
178,0.00022366612572971567
179,-0.1000866170211615
180,0.002986950634915997
181,-0.0702869107625137
182,0.027020608641142863
183,0.007176666296361461
184,0.0626220407734992
185,0.07766512387277474
186,0.0034966123256675863
187,0.03302014022540825
188,-0.03335791881287953
189,-0.011647092596245828
190,0.042005913591853905
191,-0.02722237589258314
192,0.05220260937868565
193,0.17371850085146134
194,-0.05334295938840719
195,0.046318616760072095
196,-0.015548046596237874
197,0.0024637488719802814
198,0.012343011652467706
199,-0.005370079291510954
200,0.05282975772196741
201,0.138664473123008
202,-0.03602722608128878
203,0.010435955331429131
204,-0.013420792220945277
205,-0.02226492158381288
206,0.05415445183237466
207,-0.019123889715612186
208,-0.046809205132487874
209,0.025494347412024387
210,0.08084763571329812
211,-0.004774864820062175
212,0.051896078603119344
213,0.09116376509355831
214,-0.026794444003227003
215,-0.05089173831705929
216,-0.037709878442820255
217,0.21380085688489125
218,0.2671461134243829
219,0.11608209542087067
220,0.09642268089653305
221,0.004628766576521032
222,0.003278915312955488
223,-0.025818088754308022
224,-0.23598781567002536
225,0.019659511477921
226,-0.02798062979857152
227,-0.08246893406195999
228,-0.03520222443137455
229,-0.015159816566491457
230,-0.0014975342174332051
231,-0.05703080114736492
232,0.07168834866629326
233,0.03625070308812073
234,-0.019092653013450797
235,0.01199697170989239
236,0.03407779225704782
237,-0.03178792131249086
238,0.06314044585156753
239,0.02405869133242211
240,0.022750689394667067
241,-0.03649037160784835
242,0.04694629231897707
243,-0.10170763296793517
244,0.016224761852832503
245,-0.23065082886899846
246,-0.23154596846405417
247,0.15797675082656237
248,0.002570939472424455
249,-0.030248523242551728
250,-0.0035632124926014974
251,-0.07849193389127024
252,-0.014204022216854684
253,-0.06788324237114984
254,-0.018315588175547348
255,-0.03135124544886392
256,-0.23865535046194253
257,0.2549911750240992
258,-0.13008916632128875
259,0.0011068735965439613
260,0.0604699781683537
261,-0.007920830725301115
262,0.06194231150384072
263,0.006553610043302488
264,0.002992731933128101
265,0.022356078309323846
266,-0.009470349134604983
267,-0.008364694326726485
268,0.26865057294584715
269,-0.006930729985453021
270,-0.13008916632128875
271,-0.03697402948617737
272,-0.01568910270631707
273,0.0016419278422341865
274,0.16811595437535898
275,-0.012736416189313704
276,-0.09432916987327178
277,0.1847334790819518
278,-0.04000318268767111
279,0.1423031619504278
280,-0.1655240076286444
281,-0.13569008131276816
282,-0.009171428702776596
283,-0.12378601516015364
284,0.03094528809181052
285,-0.014703892491281012
286,-0.008118334706412655
287,-0.1107061775640864
288,-0.0875834987905113
289,0.08106623567615287
290,0.011595641786683264
291,0.008572207492187789
292,-0.03922881417716639
293,-0.07210724991577816
294,0.07163655405897462
295,-0.02040982946117942
296,-0.09446407786940342
297,-0.03732702459331849
298,-0.05803468215880406
299,-0.010094330121506095
300,0.20463839904451286
301,0.13031049428244262
302,0.012454319872805208
303,-0.028317253993249192
304,0.00957776064307636
305,-0.021727055432255282
306,0.022516878913426214
307,-0.1455839860235042
308,-0.015562788279773365
309,0.19069157378816048
310,-0.008808701263410101
311,0.02292305391446825
312,0.0032852487950150167
313,0.045015880943116315
314,-0.036254091866479876
315,0.026764609776842696
316,-0.0018163316185909328
317,-0.00815782159448264
318,0.0014089643341659852
319,0.1477798253972562
320,0.003748814975907233
321,-0.011375755665122195
322,-0.020334987729646647
323,-0.1357399665418989
324,-0.1523414669216545
325,0.03431724713176115
326,-0.046037303403863916
327,-0.09482651407761628
328,-0.05803468215880406
329,-0.19785137504653239
330,0.1771226494930947
331,-0.13294474688251462
332,0.03842539148549634
333,-0.027724006827933745
334,0.1210141495328656
335,0.12840362567644925
336,-0.013403282351107437
337,-0.029854538032117406
338,0.011920988367080776
339,-0.020582148044098136
340,-0.14508815656336937
341,-0.01701517928885321
342,0.014503124994568267
343,-0.026692399422118734
344,0.05952415430700694
345,0.12981091761892616
346,0.05304928566277045
347,0.009017779271144138
348,-0.0022273426169265864
349,-0.08441279897063436
350,0.06515559433411916
351,0.06155192707532742
352,0.004622586737204087
353,0.06904447123866442
354,0.1375604986658131
355,-0.03296344379618005
356,-0.04092522041059399
357,-0.005080554136902116
358,-0.015525997548661907
359,-0.08135207724897187
360,-0.258527620956851
361,0.04717218388193822
362,0.007685042945593801
363,-0.02603902313300463
364,-0.14295066336637202
365,-0.0143996148639286
366,0.29299084848668366
367,-0.2203337296945147
368,0.03506012264678615
369,-0.059304146978095024
370,-0.0008518459691807534
371,0.10951830470538804
372,0.03803729566172276
373,-0.05489918347772854
374,0.06172592012009276
375,-0.0034352770136237276
376,0.002368823252021368
377,-0.0717694067302469
378,-0.03139440682933209
379,-0.029589050387907045
380,0.003056804328836066
381,0.014040809197593207
382,-0.042632196706052006
383,0.04291667183110737
384,-0.19436834229808797
385,-0.021627452418767623
386,-0.012046164701919354
387,-0.07409547287412577
388,-0.017294220010311
389,-0.07260721543942344
390,0.00076284466527346
391,0.03905229159107665
392,0.04784474702869401
393,-0.06399190098764607
394,-0.02344737210666481
395,-0.1400282162150609
396,-0.014606267430625153
397,0.001713247701927656
398,0.015185964007648795
399,0.059262133324673616
400,-0.0225670136679067
401,-0.029683402247001667
402,-0.02611364574687891
403,0.0401073930924396
404,0.023861301137412583
405,-0.02977842206621606
406,-0.010512077584820534
407,-0.07609353156670107
408,-0.13012145897181793
409,-0.01810012367014563
410,-0.031753241248952346
411,0.07368053665281904
412,0.12295209830081555
413,0.043919398807792914
414,0.1167149577536582
415,-0.04222853247275571
416,-8.507939092083916e-05
417,-0.19520249161711845
418,0.13676865480307465
419,0.060199783739033785
420,0.18476611603789495
421,0.04878071600935008
422,0.06465450878677648
423,0.008628518584536282
424,-0.04026481724260966
425,-0.018271995424466336
426,0.1735254984134723
427,0.0051270434221204475
428,-0.05330555874691134
429,0.018899037995771806
430,0.00902586341084155
431,-0.04804786258724669
432,0.024648481841888614
433,-0.15196875533893683
434,-0.03852397445027814
435,-0.1546015599982027
436,0.015001844974016687
437,0.05407481256238922
438,0.07018824602608476
439,-0.16489322939840756
440,-0.023040087090252293
441,-0.12075824267546265
442,0.012466572521474012
443,-0.06353312584152171
444,-0.029280586806600895
445,0.013783423135682482
446,-0.009348115262942047
447,-0.04025769789223366
448,-0.022962745325874057
449,-0.11412638198272668
450,-0.027835929040047502
451,0.0028959484298340665
452,0.040706238063917155
453,-0.006842072815012146
454,-0.043093273808458565
455,-0.011058345334517217
456,0.028763387478747182
457,0.07250535633860727
458,0.014986251419152885
459,-0.13698421120024729
460,-0.01683308255314908
461,-0.04948782044625177
462,-0.025454499099200112
463,0.007210295800585131
464,-0.025509917255358172
465,-0.004941591599345485
466,-0.007013295145017362
467,0.07087006317500222
468,0.034696425566970945
469,-0.03076935591199581
470,0.24231597902091162
471,0.027217507506891003
472,0.09419292644662491
473,0.0034966123256675863
474,-0.028393316433819593
475,0.006286335691712497
476,-0.13645555121959008
477,-0.19463101195050536
478,-0.036504485850422985
479,-0.2295813202097312
480,0.06673897263635686
481,-0.0336725811698429
482,0.015169431936246591
483,0.004026839444920993
484,-0.12568993795450822
485,-0.16169597891934662
486,0.010691976674685355
487,0.0450125421039137
488,-0.0028990437170235417
489,-0.01468480554874979
490,-0.06876777118979971
491,0.006156191352327006
492,-0.05280230022136778
493,0.04416075184667237
494,0.058646923189812905
495,0.0032221876037442088
496,-0.03232181736459083
497,-0.13885511078777724
498,-0.038370011817356164
499,0.05009996294231994
500,-0.021672893390780268
501,-0.03204341350870937
502,0.05573873216386166
503,-0.24652762857560306
504,0.021792790005002782
505,-0.02345936337468374
506,0.058312006068928834
507,0.052818228262318634
508,0.019437426596922935
509,-0.04866539462012909
510,-0.022476420099746763
511,0.03664508251258719
512,0.0834484897898462
513,0.022780945258452756
514,0.026279559619267645
515,-0.04851185852209039
516,-0.03160326373291944
517,0.0615340387152048
518,0.0003116544363611917
519,-0.021791106141887395
520,-0.02681187333953805
521,0.021595319909892885
522,-0.07618263169680661
523,-0.0019889519504618924
524,-0.14742410580690152
525,-0.025414456413140663
526,-0.036256692525517
527,-0.02290537828663472
528,-0.13465301004384356
529,-0.025471791803981514
530,0.03244892831402946
531,0.14851863890507178
532,0.1219236941895242
533,0.026335344108564918
534,0.015106604275352986
535,-0.18374135903698985
536,0.02106379329746677
537,0.0623262881295823
538,-0.13410046516646634
539,0.05570198514858005
540,0.02233407101462684
541,-0.030047841971980516
542,0.06606857167441066
543,-0.029018481700772814
544,-0.0659920039802443
545,-0.03139440682933209
546,-0.022236803461426757
547,0.01741596093436859
548,0.007091247438448023
549,0.010923357573402015
550,0.22183368439819118
551,0.03550054314029727
552,0.06247230933556169
553,-0.019679970203214492
554,-0.016031514258108115
555,0.11272249728993722
556,0.02668586140190865
557,-0.007458425936011925
558,-0.02389255162946413
559,0.05961778152693842
560,0.08312482580046932
561,0.02697039042666799
562,0.0025337601667023146
563,-0.024030091355342453
564,0.017821096107807022
565,0.08783359304813965
566,-0.01770435628195771
567,-0.05301876502141378
568,0.04620692378524138
569,-0.005963067290524926
570,0.015179359944873683
571,0.021403489774218465
572,0.0014156333461593507
573,-0.14098607986635714
574,0.011904681016589147
575,0.09905852496158418
576,0.04136646171530525
577,-0.2290080075219989
578,-0.24311854136256406
579,0.03619771454310916
580,0.04030650180351403
581,-0.044848589935625016
582,-0.002991612544332334
583,0.019547238619385787
584,-0.14691448285225928
585,-0.23200408306028364
586,0.029390615773871226
587,-0.017370188468252112
588,0.03902226531262787
589,0.010310718310088784
590,-0.0012864641765860663
591,0.109846358652255
592,-0.18146247413128186
593,0.015812658067664076
594,-0.1980355504875656
595,0.05915219887195211
596,0.01070499774560163
597,-0.13243538553485457
598,0.14179349180916323
599,0.11722504656507104
600,-0.060842895763613236
601,0.04119152066873821
602,0.08683603743745505
603,0.08966078493488111
604,-0.03666179714667295
605,-0.018738221466062577
606,-0.004941591599345485
607,-0.006942253947426369
608,0.20166471287582521
609,-0.011743728635022377
610,-0.04038722457795907
611,-0.01525866462576135
612,-0.055646460949571264
613,-0.025789472163458838
614,-0.0438955619980865
615,0.022731707431403625
616,0.003077314444752649
617,-0.036286298909689874
618,-0.06674861733197435
619,0.31526200314232655
620,-0.047973096115501046
621,0.03664508251258719
622,0.0158396374492219
623,-0.01108765455284183
624,-0.016296164447350714
625,-0.07723363964961194
626,0.3581623267539702
627,-0.018275776454896614
628,-0.07611526250934553
629,-0.026329997165512542
630,0.045812320600750245
631,0.05283968914920456
632,-0.0049697661269145765
633,-0.031814777258325266
634,0.026586577000642264
635,0.04006581602374065
636,-0.037769742079125423
637,0.18696785573569663
638,0.012679023255108945
639,-0.035176679129496236
640,0.055451289364760736
641,0.07889629430691603
642,0.11353056279307788
643,-0.16408336846470983
644,0.23505856522877777
645,0.03789304011142952
646,-0.016871869432010356
647,0.17293526996417463
648,0.0024842868591695155
649,-0.020411290902692725
650,-0.03062381143016668
651,-0.0031561001858422255
652,-0.03615684914154971
653,-0.014826625258432924
654,-0.23154596846405417
655,0.03045788095288371
656,0.011962836039192792
657,-0.05587174218527346
658,0.16224109859401148
659,0.040480200350279716
660,0.09045106552654725
661,-0.09432916987327178
662,-0.0002775447729048419
663,0.13971624177115366
664,0.0029758156831125593
665,0.04205387212649783
666,0.025731910724824614
667,0.00236142263120364
668,0.0067594954500723725
669,0.05696736278783027
670,0.020666727493996395
671,0.016857656764532686
672,-0.039687940685386947
673,0.003325438219433291
674,0.033590426186447864
675,-0.0686361224959589
676,0.0498476538815984
677,-0.047246864689184154
678,0.044814315700974605
679,-0.02768943621260539
680,0.02171931989870604
681,-0.07409547287412577
682,0.01383299476929567
683,-0.002089580989628914
684,0.009171198107803591
685,-0.06578808419607962
686,-0.055086814175396404
687,-0.08308545460433348
688,-0.25542259462093475
689,0.0779876559391336
690,-0.07162287648685761
691,-0.02655573366648528
692,-0.000982555976821009
693,0.034849789026134115
694,0.021600518258029666
695,-0.010976925139401532
696,0.03811096511387113
697,0.09807889769511746
698,0.22786537448245647
699,-0.04756482851496746
700,0.05924281125417058
701,0.037513585694500584
702,-0.007145445782243298
703,0.08672739691821402
704,0.04626153290861357
705,0.36829674715033267
706,-0.0634444323118224
707,0.08723194084423169
708,-0.05231189419036614
709,-0.017027778162286733
710,-0.040734484251737035
711,-0.029031307615343005
712,-0.0708568224892841
713,0.05501952462854953
714,0.128721459207496
715,-0.18010334544548923
716,0.030810078824297316
717,-0.0004704160837710192
718,0.032228498295090446
719,0.04852798642903533
720,0.13816962546862732
721,0.008458672795117528
722,0.020301922602899203
723,0.09824565428398246
724,-0.042964194225096675
725,-0.04335516451911636
726,0.032995915978432905
727,-0.05200776383940331
728,-0.2044083482825727
729,-0.0968955336135503
730,0.12920448736502815
731,0.1446919403279166
732,0.02435282736493001
733,0.012343011652467706
734,0.04607419831793236
735,0.038030005296717406
736,-0.01220974839851019
737,0.004338155985493808
738,-0.32825735383369403
739,0.02688505324145468
740,-0.020582148044098136
741,-0.012475579076992482
742,-0.04066583401490542
743,0.011595641786683264
744,-0.0453957886888825
745,0.15790780135123694
746,-0.017789670080577552
747,-0.06181278628471043
748,0.0191195644979949
749,0.06783705640176618
750,0.04214582943329459
751,0.05827146628800339
752,0.11583939318716929
753,-0.06470462620266332
754,0.052210250477853104
755,0.08836545952703084
756,-0.01500193934282762
757,0.3865074012234331
758,0.015176850431242145
759,0.07488853136188983
760,0.027801776912737775
761,0.02575173535647196
762,-0.027901985409488184
763,0.007386049932468053
764,0.01781590722421955
765,0.06434113658761167
766,0.019935648234096437
767,0.048072127201171155
768,0.11584936753388608
769,0.002603827512343476
770,-0.03423940212317472
771,0.013110170125418485
772,0.07272954861721825
773,-0.020114574119353357
774,0.04694629231897707
775,0.002063610680648531
776,0.02810042062614837
777,-0.11262290866028457
778,-0.09966680199535194
779,-0.020211370145513274
780,-0.09873993969118411
781,-0.015318225909760452
782,-0.012556151132582238
783,0.02752034756719879
784,-0.3561377523913507
785,-0.11273372550265348
786,0.03125822471979822
787,-0.09626974142949835
788,-0.01678419408840104
789,0.056785775284596746
790,0.05523881719798662
791,-0.01831044827620626
792,0.06857217225614343
793,0.12531892253740506
794,-0.20941999603762707
795,-0.020147751833846178
796,-0.5599266136086571
797,0.06796297968770015
798,0.0515409753917655
799,-0.07365803414619149
800,-0.07058172164231669
801,0.007735341338052759
802,-0.12678652174001398
803,0.013507438291362028
804,0.07194011653509558
805,-0.025775736065868915
806,0.004804283147939681
807,0.027092051428636132
808,-0.2965964225552994
809,0.050046487659023975
810,0.13537414432314965
811,-0.09616619319272479
812,0.06252636970902048
813,-0.013261157774416166
814,0.017792565520746928
815,0.14305433951617963
816,0.040293202610291345
817,-0.018242786431649227
818,0.032258777957178575
819,0.11121264121058505
820,0.15117011376607137
821,0.07147805894741999
822,0.027826190356935565
823,0.1015982192334306
824,-0.04843761689858184
825,-0.13008916632128875
826,-0.03583852055180775
827,0.17851076328244608
828,0.0160868092837243
829,0.08751836349945719
830,0.042894862258272715
831,0.10561171496600677
832,-0.0409850212510281
833,0.0304622983881095
834,0.18501133570430245
835,-0.03391535919546079
836,0.06728569060983136
837,0.014110459253206864
838,-0.0939436503604072
839,0.15387201490949126
840,-0.013446055744311125
841,0.05642232294492122
842,-0.011193621486690258
843,0.01422514316038992
844,-0.1470270910146494
845,-0.051151274767768984
846,0.04062327297850288
847,0.0108924213231959
848,0.10493382199420168
849,-0.04602899245157527
850,-0.08484358961080529
851,0.22786537448245647
852,0.002740375089392788
853,0.007773851083490602
854,-0.01855289040848239
855,0.07155219447268857
856,-0.009009150724155729
857,0.0012324790583747094
858,0.18087463502023293
859,-0.0009939413736191338
860,-0.047879441236004294
861,-0.03959184475926791
862,0.03388654400882696
863,-0.020826391743115263
864,-0.00275677930283158
865,0.0035019926939843238
866,0.00140253191120511
867,-0.20923534088933649
868,0.0024361119818350208
869,0.05277166176668269
870,-0.09743689401376976
871,0.01262025049078802
872,-0.038570782580687135
873,-0.010078920380500067
874,4.540509107253676e-06
875,-0.0010225958261397272
876,-0.22654175617266303
877,0.08419375064138013
878,0.06021756277768317
879,0.010630709657785675
880,-0.238499739314878
881,0.17893733849246796
882,-0.07502651173401065
883,0.057026749886449624
884,0.0160868092837243
885,-0.000539629505740935
886,-0.12764611811711352
887,0.1004644152139027
888,-0.022152037393557866
889,-0.1168237767681628
890,0.002340623859882318
891,0.06384068865761422
892,-0.04451410588393068
893,0.05892897506313671
894,0.021595319909892885
895,-0.021628635576340094
896,-0.024341366871211523
897,-0.0767878732473477
898,0.0002802200109919273
899,-0.020661662766412514
900,-0.043918222867658785
901,-0.2431948928567857
902,-0.04633122980810067
903,0.02040582246028111
904,0.003566872226105272
905,-0.050601452072727315
906,0.00706489420533668
907,-0.018307634281682195
908,0.10797913937323728
909,-0.008280820249239818
910,0.045833898510342086
911,0.06543621196458482
912,-0.01625841644256526
913,0.10171310868898398
914,0.017763193666286203
915,-0.22151478096335953
916,-0.03317793292287663
917,0.006586534020872947
918,0.011718526893582992
919,0.26559094350505763
920,0.03768701947409503
921,0.02839560192312046
922,-0.010417176030129482
923,-0.13069172165496656
924,0.011568248824350646
925,0.022951085634528967
926,-0.11717414453025132
927,0.06314378350399807
928,-0.12463243458971329
929,0.10870902782198241
930,-0.03705837829059991
931,-0.015323283713093105
932,-0.018999858372796163
933,-0.07360219703141413
934,-0.03637960924935693
935,-0.06897723618624074
936,0.03773279062838042
937,-0.013158966025427876
938,0.010794704793206877
939,0.021557812035782276
940,-0.238499739314878
941,-0.015216921237235614
942,-0.06320190926370695
943,0.04793761195053203
944,-0.01758218431966352
945,0.016798272754678018
946,-0.06767098155973938
947,-0.024657329366465496
948,-0.06360319523636027
949,0.028461160227290838
950,0.014241500525494166
951,-0.13137139918291585
952,-0.033698978317865835
953,0.0305608755281479
954,0.06808275291528948
955,-0.009479564229359305
956,0.006723728657699879
957,0.07159570828292289
958,-0.006838248918242834
959,-0.03970280323681341
960,-0.10878261918281862
961,0.06029842856387968
962,0.00917587893608407
963,-0.069106883155439
964,-0.010679948194074917
965,0.011106084629144863
966,-0.12534524394065188
967,-0.013133248733985137
968,-0.022099874160872335
969,0.06484478503592228
970,0.02603758093727611
971,0.04398505069929515
972,0.010531648407495098
973,0.006828874172674304
974,-0.03686857755079373
975,-0.007932354490638588
976,-0.05510797163556003
977,0.004705076965455857
978,-0.08860007160453895
979,-0.025646509801924622
980,-0.025756283671856173
981,0.07097928733074688
982,0.05658038039347002
983,-0.009492149451183596
984,0.024356932579784343
985,0.04778469483934866
986,0.11467321377544865
987,-0.13610758582111848
988,-0.12678652174001398
989,-0.03412918232407025
990,-0.22172320836253157
991,-0.49488506062624604
992,-0.01525866462576135
993,0.03751482703821919
994,-0.04207401602056715
995,0.03244788261117115
996,-0.03705949755292709
997,-0.0010117139221627047
998,-0.2821871218879868
999,0.051912408901437224
1000,0.1088534973809494
1001,0.0035493990282433607
1002,-0.010160202015809167
1003,0.028618986019415482
1004,0.07335316974390071
1005,0.010171608642613572
1006,-0.0022790477931033115
1007,0.07039365293184852
1008,-0.11274401200779938
1009,-0.0438836975209973
1010,-0.010800247405805707
1011,-0.028050716043886703
1012,0.013052424937616935
1013,0.0019450919589953375
1014,0.02604131519372732
1015,0.10291677665542598
1016,-0.1606280888991608
1017,-0.01681290355360865
1018,0.05055217925844302
1019,0.20452663932764908
1020,-0.018654815177723272
1021,0.005219097369955739
1022,-0.1217761978412194
1023,0.08954147198896889
1024,0.07719293807410349
1025,-0.09570684703213139
1026,-0.11003719703413584
1027,0.12027447684843462
1028,0.004804283147939681
1029,-0.020334987729646647
1030,0.016090174853121864
1031,-0.006004849311613408
1032,0.0675889139250182
1033,0.0455146734376598
1034,-0.007032032133992727
1035,-0.0027673436042432373
1036,0.14912018760695966
1037,0.15394513188074876
1038,-0.025219366241945873
1039,0.011354038384021603
1040,-0.0054633246675755975
1041,0.018999015933202523
1042,0.028319632391445082
1043,-0.0011182470223768393
1044,-0.026547153324759792
1045,0.1098031970325416
1046,-0.013665896773861541
1047,0.010659096372897858
1048,-0.05131702615181044
1049,-0.016031514258108115
1050,0.18656493079645442
1051,-0.027835929040047502
1052,-0.023466927155524786
1053,-0.030248523242551728
1054,-0.08212906048209967
1055,0.047651708722422775
1056,-0.021670848490934036
1057,0.007893918429677627
1058,0.026702916595924442
1059,-0.048041815750307304
1060,-0.1045225277795141
1061,-0.2107800726342952
1062,-0.026554666589925613
1063,0.008523102481938466
1064,0.05418117799438793
1065,-0.0005952923482794026
1066,0.04919773236897951
1067,-0.03854031520660306
1068,0.00809650674671486
1069,0.05372527675830985
1070,0.00917628469800108
1071,0.019029314349419568
1072,0.040705819027246126
1073,0.017885391415434104
1074,-0.018584766111124307
1075,0.058825827279021414
1076,0.0828532301428675
1077,0.005631859926010951
1078,-0.09043906798452817
1079,-0.009962640484962482
1080,-0.02385118732279179
1081,-0.09747594772184442
1082,0.09045850418087009
1083,0.00957776064307636
1084,-0.01843718306409034
1085,-0.014691519867475411
1086,0.08141998322531774
1087,-0.02325431173497937
1088,0.12064224610399288
1089,-0.0403790936024333
1090,0.04909414307730631
1091,-0.01525866462576135
1092,0.044561813877566414
1093,0.16991584202136728
1094,-0.007613339036953493
1095,-0.017414717484823428
1096,-0.017545653808443307
1097,0.00047334260266479466
1098,0.04809704042896265
1099,-0.05247569561222443
1100,0.05911683511493121
1101,0.0017219210777256189
1102,0.1259070499054003
1103,-0.028787815984227194
1104,-0.07026842155292434
1105,-0.052157844443252555
1106,0.002788533992188036
1107,0.08271548535902018
1108,-0.004447425059785154
1109,0.047132530121147265
1110,-0.027220864866701167
1111,0.060565863290701516
1112,0.23511937156999818
1113,-0.03818839035423571
1114,0.12397297476697244
1115,-0.0019371276025484385
1116,-0.0643216205675885
1117,-0.09181102246369574
1118,-0.11710889414168513
1119,-0.03359256650544373
1120,0.01201594948439616
1121,0.06716817060829583
1122,0.0074266516058341114
1123,0.0921833411858089
1124,-0.0159352778182546
1125,-0.09601385021098696
1126,-0.12457640035025186
1127,0.16285232930685178
1128,-0.011257218670094271
1129,0.0219578854325872
1130,-0.04125085542118245
1131,-0.009134236724613443
1132,-0.12880686747990144
1133,-0.004260791227066019
1134,-0.020334987729646647
1135,0.05472352316090562
1136,-0.009671577730042902
1137,0.013956647347391549
1138,-0.19263873819524346
1139,-0.054142050628773475
1140,-0.009753230904583021
1141,-0.015914565907434675
1142,-0.03764179091016445
1143,0.028183755859405024
1144,-0.15807249132902534
1145,0.05951644129498135
1146,0.025857845318408845
1147,-0.0028637531984079256
1148,-0.04671466489947684
1149,-0.11054293545627719
1150,0.023691807819618438
1151,-0.028478292096326907
1152,-0.0439202477812754
1153,0.06042427198117106
1154,0.07622674956251052
1155,-0.02711996373424741
1156,0.07504298969644374
1157,-0.12527697713993513
1158,0.13964664938304938
1159,-0.030530025656309953
1160,-0.05280230022136778
1161,0.00047334260266479466
1162,0.016516224642993682
1163,-0.05345395586958612
1164,0.050533352778273866
1165,-0.02207486424805305
1166,0.03684488190677959
1167,-0.05512356899470705
1168,0.02100472295278999
1169,-0.25026200207527394
1170,-0.015184896302841006
1171,0.04227252860848596
1172,0.002790788906228886
1173,0.014046354072840606
1174,0.10450214170266531
1175,-0.010284487549699683
1176,-0.19336946945187994
1177,0.024202208597700253
1178,-0.23200408306028364
1179,-0.03187032754683061
1180,0.08959443148674084
1181,-0.03049651595952313
1182,-0.060842895763613236
1183,-0.12721607124369116
1184,-0.05597185151354056
1185,0.02677859500727353
1186,0.05173327520552526
1187,-0.04445039358117869
1188,0.0013783321889572764
1189,-0.1816215858489998
1190,0.0879389672137314
1191,0.05117049967668444
1192,-0.2532242591377021
1193,0.013477864693135888
1194,-0.12248963285453796
1195,-0.09424685014379786
1196,-0.022316148450152506
1197,-0.07302378097585516
1198,0.06954398665131462
1199,0.0108924213231959
1200,0.002074858604723173
1201,-0.11412638198272668
1202,0.22786537448245647
1203,-0.19785137504653239
1204,0.17775444295302856
1205,0.04308357922996897
1206,-0.19783085506102815
1207,-0.06631697928040203
1208,0.020276396081287174
1209,0.0005848080707375192
1210,-0.06509079514029947
1211,0.12776217721378347
1212,0.08946952221952698
1213,0.14846667859694035
1214,-0.024723549493014474
1215,-0.00041292065035936076
1216,-0.11823595425602018
1217,0.10365140541385776
1218,0.18475727277468806
1219,-0.23497063767526083
1220,-0.23365458681734175
1221,0.19503028211411344
1222,0.03925006176109025
1223,0.06531205350870373
1224,-0.01853411334949706
1225,-0.08235830485045748
1226,-0.004395586205836577
1227,-0.05986232597641128
1228,-0.07482124986917538
1229,-0.015210057609127192
1230,-0.0505085562726344
1231,-0.08777852798988234
1232,0.014940446470813017
1233,-0.045205167729521156
1234,0.03202095440394967
1235,-0.04969580725898548
1236,0.029543702308478914
1237,-0.16441337170282544
1238,0.031978391644497395
1239,0.0797301723002839
1240,0.030919529285355102
1241,0.0025146408694486366
1242,0.035800527594969433
1243,0.01227569953261054
1244,0.17449177506681868
1245,0.1643750795873281
1246,-0.028920908617914798
1247,0.10106925813673312
1248,0.004528384800549845
1249,0.019082582318376395
1250,0.04558679160393281
1251,-0.054873072870226136
1252,-0.010039439732750233
1253,-0.019818749754573817
1254,0.01527351235740615
1255,-0.03767551472915537
1256,-0.09521213333736
1257,0.07603148361974776
1258,0.028563155229954784
1259,-0.009505653695882077
1260,0.01027849649125101
1261,-0.18000987726418793
1262,0.06371183878688969
1263,0.03377746263898179
1264,0.14246548980906315
1265,-0.10898125515841528
1266,0.01527351235740615
1267,0.09052694438686248
1268,-0.046867559528245395
1269,0.02099798067108305
1270,0.2471523164724334
1271,0.07598832575307274
1272,0.1146275361267608
1273,-0.01380348222953931
1274,-0.11960255807758224
1275,0.21787810095041704
1276,0.013110170125418485
1277,0.017016393555299297
1278,0.07861001258553302
1279,-0.15922092068300664
1280,0.006574691606672012
1281,0.0043363022513774885
1282,0.0035493990282433607
1283,0.06197627430217767
1284,-0.16686342589003333
1285,0.01187764477454717
1286,0.06856947009108982
1287,-0.07331488440180034
1288,-0.3073860117157712
1289,-0.023012825162851414
1290,-0.03242033536440081
1291,-0.026230402313450446
1292,0.07401557485184451
1293,-0.018598672508259473
1294,0.052462633444885665
1295,-0.10547463509026511
1296,-0.005674048980779112
1297,0.058592627212501025
1298,0.060503866744903545
1299,-0.07946703190739446
1300,0.09045106552654725
1301,-0.0005448123611085376
1302,-0.1299123694471609
1303,0.10970183148086998
1304,0.009216815247777538
1305,-0.026382700694094263
1306,-0.09550784271270663
1307,-0.09728995320765321
1308,0.08351180341563047
1309,0.08581320664578915
1310,0.14398082454024652
1311,-0.2734355464287428
1312,0.0028380602906210306
1313,-0.13569008131276816
1314,-0.02159605809942139
1315,0.2666396460476079
1316,0.11663478434004765
1317,-0.05623801144382637
1318,0.0046166919265603346
1319,0.12084207825812973
1320,0.03925006176109025
1321,-0.07137051564836383
1322,-0.018558292377319333
1323,-0.0037119481010371436
1324,0.10795667148502608
1325,-0.07162287648685761
1326,-0.028121570874335533
1327,-0.1553548615029514
1328,-0.010477924707985031
1329,0.0022918954261584856
1330,0.3183734260248201
1331,0.04134728742953164
1332,-0.060004663999304375
1333,0.013146885452098633
1334,-0.041341127177627196
1335,0.0032221876037442088
1336,-0.1319032484851574
1337,-0.2741384445010705
1338,-0.03691489161589434
1339,-0.02748104441090371
1340,-0.1620392263159327
1341,-0.0076187532351517095
1342,-0.02294724123005093
1343,0.005265485362734329
1344,-0.22852649599093788
1345,0.003636274537160228
1346,0.0045353919989099545
1347,0.3085863076924258
1348,-0.19785137504653239
1349,-0.030988329414920746
1350,0.054259205099188135
1351,0.016146442533427785
1352,-0.06139007907270666
1353,-0.029908651576034673
1354,-0.05815849232012266
1355,-0.03923786861126133
1356,-0.025509917255358172
1357,-0.042632196706052006
1358,-0.02202434013613197
1359,-0.009100314787636288
1360,-0.04998471377203145
1361,0.020071620539661106
1362,-0.016808900487457812
1363,0.15394513188074876
1364,0.17387005494556929
1365,0.04742000580317485
1366,-0.02714406847223827
1367,0.017109321533025912
1368,0.010502424742845295
1369,-0.07215059588929351
1370,0.03627169886177184
1371,0.20099156073320168
1372,0.08033378630600363
1373,-0.03190099910408439
1374,-0.07804637567358785
1375,0.04535180014918372
1376,0.05747244324175588
1377,-0.0017754913568060193
1378,-0.006930729985453021
1379,0.017673098237795004
1380,0.05381369760841348
1381,0.04131297981294657
1382,-0.05671991122330308
1383,0.05573873216386166
1384,-0.024801314878596492
1385,-0.01459685498587815
1386,-0.02568143010069493
1387,0.017579190976777903
1388,0.15083297820025443
1389,0.0009725333994816399
1390,0.013223088171716857
1391,-0.00696930270547369
1392,-0.00044813716810171433
1393,-0.0767878732473477
1394,0.004952477008328654
1395,0.0077870892549485315
1396,-0.031106844794573124
1397,0.023556048583793676
1398,0.019079635385675475
1399,0.0462763067613613
1400,-0.021126807578919382
1401,0.1637815525545797
1402,0.1187541619981578
1403,-0.05218520702594159
1404,-0.01182048037152783
1405,-0.18243891155239966
1406,-0.16110165536697363
1407,0.29638186734317995
1408,0.08594749440038252
1409,-0.16856649082369468
1410,0.010829184276483717
1411,0.04782039992660314
1412,0.07367331841963609
1413,-0.06550444076690032
1414,0.10797913937323728
1415,-0.009371388038030781
1416,-0.005694202881010524
1417,-0.02808531380629032
1418,0.027664880854578355
1419,-0.0008789513512177383
1420,0.1643872830819324
1421,0.04295185875213847
1422,-0.05280230022136778
1423,-0.018992064878372183
1424,0.06976074562628232
1425,-0.08308545460433348
1426,-0.17220216055153292
1427,0.07203226997978479
1428,0.010119757815881758
1429,0.14237228805372132
1430,-0.056147468941487255
1431,-0.042176830960834744
1432,-0.06266790971801395
1433,0.2050065221939354
1434,-0.02105538235865273
1435,-0.025802990707175733
1436,-0.08235830485045748
1437,0.01758610544645542
1438,0.0644852881118606
1439,0.07782204280965976
1440,0.07747619084353974
1441,-0.026938767474475322
1442,0.021595319909892885
1443,-0.0034352770136237276
1444,-0.019850500943909277
1445,0.014525293186038568
1446,0.05830718773985821
1447,0.048388699097716814
1448,0.04778469483934866
1449,-0.026290128177230532
1450,-0.01804449762135152
1451,-0.11876002426958226
1452,0.005512819191206719
1453,-0.08689108340118679
1454,0.06936461567303442
1455,-0.006522295288516555
1456,0.06405181401603022
1457,0.06172592012009276
1458,-0.0197838981316254
1459,0.031783195669645825
1460,0.030306855566494928
1461,0.002158926326307653
1462,-0.05197204427309057
1463,0.03576494792857682
1464,0.20169464587944674
1465,-0.02202434013613197
1466,-0.11126376444166286
1467,-0.03090618633929776
1468,0.016870485414177405
1469,0.04627553077071417
1470,-0.0767878732473477
1471,0.11378671391799622
1472,0.03564442460939743
1473,-0.0002946433134534132
1474,0.048219605582905
1475,-0.06188308605476145
1476,-0.03571936003008716
1477,0.07531190689709455
1478,-0.018558292377319333
1479,0.22183368439819118
1480,0.23099673993198433
1481,0.05939231817520474
1482,0.07481680124116019
1483,-0.06707139052431543
1484,0.08563326493098122
1485,-0.03139440682933209
1486,-0.004098971869925472
1487,-0.04788450090515284
1488,0.04645299689752652
1489,0.00957776064307636
1490,-0.042490056541329424
1491,-0.0033774504394171734
1492,0.06210792929416764
1493,0.04308357922996897
1494,0.008547369630696355
1495,-0.020228375637217966
1496,-0.025195485663232764
1497,-0.08010226318944963
1498,-0.15958835400810556
1499,0.025173003634049007
1500,-0.010695807405131319
1501,-0.059304146978095024
1502,0.01175485520232511
1503,0.0029758156831125593
1504,0.040480200350279716
1505,-0.09093091424269417
1506,-0.009290662536566296
1507,-0.08168706658958502
1508,-0.06565921994826102
1509,0.05527717248798847
1510,0.03768701947409503
1511,0.009405787955904105
1512,-0.10714759176612448
1513,0.1215386365410297
1514,-0.08448402424635704
1515,-0.25643272808628303
1516,0.014345260150729955
1517,-0.029220038432676287
1518,-0.008932160525540467
1519,-0.18013996438883967
1520,0.045204710444760154
1521,-0.0004704160837710192
1522,-0.02290446010665942
1523,-0.09254240347864051
1524,0.060797261481723375
1525,-0.01831044827620626
1526,0.1846489142601272
1527,-0.022361063703169592
1528,-0.12606640329926022
1529,-0.031523732310962504
1530,0.03199111138235644
1531,0.035228998267432976
1532,-0.30040614382049535
1533,-0.10274287909308666
1534,0.04295185875213847
1535,0.06604333375620564
1536,0.0653562615889891
1537,0.010786219271480268
1538,-0.025243542226298266
1539,0.05566821889406248
1540,0.16653811320861406
1541,0.01297908054407515
1542,0.04205387212649783
1543,-0.04666843015819183
1544,0.051308695043266184
1545,-0.0017784540751992206
1546,0.002945024630982729
1547,0.10797913937323728
1548,0.12244618958226583
1549,-0.19830622249187335
1550,0.056047896650106344
1551,0.016899452621513933
1552,0.10005770870659525
1553,-0.2662022230535104
1554,-0.06277817580812817
1555,0.01731311675370964
1556,-0.014768243787516067
1557,-0.5030437022052567
1558,-0.238499739314878
1559,0.013016709088216283
1560,0.00812568218180787
1561,0.05842957053544917
1562,-0.010284487549699683
1563,0.29642889335595834
1564,0.008644809116936991
1565,-0.0184775476564117
1566,-0.03135124544886392
1567,-0.023833067592115453
1568,0.07637546377639481
1569,0.04433120510338462
1570,-0.05330555874691134
1571,-0.009752016554498616
1572,0.012891645808722596
1573,0.06321363523333709
1574,0.01663454056388547
1575,0.0748189834514591
1576,-0.02452582816078419
1577,-0.00916176355278589
1578,-0.05565370866316899
1579,-0.15985243387020565
1580,-0.0048105601772786555
1581,-0.14356289778722464
1582,0.05395308210216676
1583,0.003566872226105272
1584,0.05639600789920121
1585,0.06544016000131203
1586,0.009173059720438914
1587,3.580089059207481e-05
1588,-0.006105845478067806
1589,-0.1444360016099675
1590,0.07755103911167738
1591,-0.028590808844038973
1592,-0.0011227608219583352
1593,0.05956954657577662
1594,-0.007739304331477126
1595,0.040841679435505984
1596,-0.0025205841795410966
1597,0.038030005296717406
1598,0.0004640160152445394
1599,-0.014129561344698505
1600,-0.06779551837355291
1601,0.02511367306342982
1602,0.06263509446186094
1603,-0.006930729985453021
1604,0.05802279225258891
1605,0.10507585024236377
1606,-0.14374475798877207
1607,-0.03160326373291944
1608,0.02096183976155319
1609,-0.022340971268279275
1610,0.05777376915845811
1611,0.031206006584550777
1612,-0.09579982242716337
1613,0.12592691327808114
1614,-0.09353145203633062
1615,-0.041734164101572324
1616,-0.014144523689326227
1617,-0.033803484148698215
1618,0.05519303714619561
1619,0.020546323653410303
1620,-0.11295354448356532
1621,0.028300244009209885
1622,-0.19463101195050536
1623,0.013739528682410795
1624,-0.06223591915281179
1625,-0.05923231837151294
1626,0.2836583550438969
1627,0.09299580796409118
1628,0.01603282803118633
1629,-0.03135124544886392
1630,-0.018992064878372183
1631,0.011691821056557083
1632,0.01942333682168451
1633,-0.09595512633188186
1634,-0.008877406111670427
1635,-0.09514842121485073
1636,-0.0299627395819963
1637,0.01698177623048161
1638,0.06908246778977029
1639,0.003672491411135209
1640,0.012879114327795982
1641,0.05993700408326064
1642,0.024133129345604146
1643,0.08661288010074442
1644,-0.016982997769133673
1645,-0.11389061630907893
1646,0.18879925443794499
1647,-0.015699536993870222
1648,0.040841679435505984
1649,-0.02545423133009117
1650,-0.022943657349163704
1651,0.04756631163740083
1652,0.041410859476533696
1653,0.025405962906660307
1654,-0.13610758582111848
1655,-0.013533359234036313
1656,-0.007032032133992727
1657,0.14692976785025602
1658,0.029995475300859498
1659,0.03464456309336733
1660,-0.07916774172038332
1661,-0.0117381051611688
1662,-0.28741048722912277
1663,-0.09543399301947797
1664,-0.028338017781578018
1665,-0.01660649552168686
1666,0.16162608384719868
1667,0.08641428846880894
1668,-0.0299627395819963
1669,-0.1600514708726123
1670,0.02259099674920989
1671,0.1413999794083518
1672,-0.09463266323935149
1673,0.06515559433411916
1674,0.14305433951617963
1675,-0.06118665622769731
1676,-0.06804662993439148
1677,0.08608206674767038
1678,-0.07314812112190949
1679,0.03645900624519113
1680,0.03098952661811044
1681,0.06904447123866442
1682,-0.033761556632401504
1683,0.042797698730559885
1684,0.0851587226340984
1685,-0.010827445775419164
1686,0.07953074659240844
1687,0.036935827458805304
1688,-0.14204613515372666
1689,-0.1270925361460873
1690,0.04995931071389248
1691,-0.006800843783361432
1692,0.012260923469063378
1693,0.006127136489595453
1694,-0.0390808897831027
1695,-0.009120775857840102
1696,0.06738875890591922
1697,0.013256296172999393
1698,-0.04543778881075011
1699,0.1502656127459483
1700,-0.02834122658056215
1701,0.014606584292507052
1702,-0.1073516891777444
1703,0.026761671983887625
1704,0.17449177506681868
1705,-0.024341366871211523
1706,-0.024918779098586974
1707,-0.02105538235865273
1708,-0.08487492405983987
1709,0.044072142618240856
1710,0.06005873996896616
1711,-0.036022637765471544
1712,-0.012277079434373228
1713,0.010010546687728522
1714,-0.06992064957240951
1715,-0.2656346182157461
1716,0.03425361474100386
1717,0.06219961353200576
1718,-0.0611122978679321
1719,-0.059591627739803615
1720,-0.01068910274299939
1721,0.043387825495235344
1722,0.03866739548849035
1723,-0.026885054845795064
1724,0.0600264732404131
1725,-0.036679478085332395
1726,-0.02370921127985015
1727,0.04665516460443914
1728,0.015529992689570948
1729,0.037038924420441766
1730,-0.02158547888215967
1731,-0.22654175617266303
1732,0.015301706593423059
1733,0.01940081008912581
1734,-0.020125243504546586
1735,-0.008852519965406591
1736,-0.0004738162446418226
1737,-0.22540206133458407
1738,0.026567507998315865
1739,0.01527351235740615
1740,-0.06674265014882763
1741,-0.013079076610122142
1742,-0.06318004573517766
1743,-0.15838151690643687
1744,-0.1408101074253154
1745,0.05757402055408478
1746,-0.03124002756918537
1747,-0.025019207564037416
1748,-0.0642012118105818
1749,-0.07991574114327316
1750,0.0024637488719802814
1751,0.023227485198791406
1752,0.016264130738437244
1753,0.00912879800253208
1754,-0.02851496656206315
1755,0.039377065989650795
1756,0.055304230239399454
1757,-0.0670183264108577
1758,0.1265318213111304
1759,-0.08235830485045748
1760,0.019282817211352388
1761,0.029534006411218172
1762,0.0010884836517516816
1763,0.02052706180950198
1764,0.010259091765328243
1765,0.00957776064307636
1766,-0.02202434013613197
1767,0.009753661093627193
1768,-0.06973497465243328
1769,0.011850544674649521
1770,-0.28141579719263077
1771,-0.13646410993355085
1772,0.009448314571880723
1773,0.05298483546873023
1774,0.002074858604723173
1775,-0.02192675292270896
1776,-0.22845607772592103
1777,0.04626153290861357
1778,-0.1780516067659641
1779,0.016090174853121864
1780,0.04031001451356442
1781,0.04752348904269588
1782,-0.03698730645711645
1783,-0.005303301358021428
1784,0.08127190365489034
1785,-0.018844598354203934
1786,0.01586873420439877
1787,-0.05241365143664156
1788,-0.025222208719826
1789,0.003056804328836066
1790,0.15144992392648648
1791,-0.08591556559121677
1792,-0.20836351620493843
1793,-0.2263777299784745
1794,0.008597442845175607
1795,-0.045788937325430934
1796,-0.009521836055839561
1797,-0.09599720423388025
1798,-0.0188904220956993
1799,0.01751996897686192
1800,-0.0807822659401275
1801,-0.0803612406219556
1802,0.1618005636564449
1803,0.028183755859405024
1804,-0.0021026453968295278
1805,0.031978391644497395
1806,-0.008777097663929728
1807,0.012420264951539028
1808,0.011813168550608988
1809,0.08685126621270634
1810,0.012820888274132303
1811,0.08936497080299688
1812,-0.009024000096818918
1813,0.03268183048806736
1814,-0.0062382968726808485
1815,-0.045788937325430934
1816,0.02490467018731768
1817,0.005313609333503083
1818,0.0552094970409881
1819,0.0031627019818913915
1820,-0.02527711171898711
1821,-0.13276130642947537
1822,0.054100486772399425
1823,-0.03500403750715997
1824,-0.02951619823666074
1825,0.018849759600616744
1826,0.01664054634576173
1827,0.08939889049384092
1828,-0.23497063767526083
1829,0.015313744740617974
1830,-0.018271995424466336
1831,-0.005953456491702619
1832,-0.19463101195050536
1833,0.06761780253542926
1834,0.022356078309323846
1835,0.04481079379206854
1836,-0.04516645363703328
1837,0.06915960390371101
1838,0.032753807394653445
1839,-0.01876815771405166
1840,-0.25567855805386297
1841,-0.09324600101184677
1842,-0.11087364952626988
1843,-0.0028990437170235417
1844,0.03165286671490333
1845,0.0609605126148724
1846,0.039948433855960364
1847,-0.018782078357607257
1848,-0.0023697837192623306
1849,0.03925006176109025
1850,0.20930395194212847
1851,0.057577023628109125
1852,0.04995931071389248
1853,-0.015264137827630142
1854,-0.00956129748480189
1855,-0.29749493997890564
1856,0.0023137836872026973
1857,0.06618094186338341
1858,0.0017075127819793368
1859,0.00575359668000977
1860,0.059995373936896246
1861,-0.024790625114352816
1862,-0.06399471364310372
1863,0.08733009060867902
1864,0.00658357539845128
1865,0.05376246686316516
1866,0.08899302519797203
1867,-0.008316387758354749
1868,-0.21935565103334365
1869,-0.0018734706379780475
1870,-0.07058750641910233
1871,-0.04442167805187508
1872,0.002496476587007357
1873,-0.0024409543695000924
1874,-0.03327783892404207
1875,0.026764609776842696
1876,-0.05116161450186829
1877,-0.03767551472915537
1878,-0.191076155095512
1879,-0.07820502300592988
1880,0.0006908527322048719
1881,-0.007887708975327534
1882,-0.23497063767526083
1883,0.09704311563251122
1884,0.07081108780561096
1885,-0.019818749754573817
1886,0.16181851737890163
1887,-0.113172272924222
1888,-0.012306748667934131
1889,0.22601747213353618
1890,-0.029711561721980473
1891,-0.02564649925485979
1892,-0.24165011048294605
1893,0.08703920051815128
1894,0.07615081064106982
1895,-0.04912677030420309
1896,0.014982835619265722
1897,0.02196751154913723
1898,0.049344759008563444
1899,-0.017370188468252112
1900,-0.32529130426271946
1901,0.038574731685152464
1902,-0.014204022216854684
1903,0.13964664938304938
1904,0.014416538832905529
1905,0.11084756246454885
1906,-0.10175871306721984
1907,-0.03160326373291944
1908,0.003578805625804815
1909,-0.003863324629835796
1910,-0.0767878732473477
1911,-0.38328673302394867
1912,0.02912434071271791
1913,-0.004697448248256908
1914,-0.11876002426958226
1915,0.06396814674713058
1916,0.05532737353054462
1917,0.010091339053214854
1918,-0.003624104524358851
1919,-0.09131411382442511
1920,-0.10578871125407024
1921,0.017904662295518792
1922,-0.11876002426958226
1923,0.06770301107097532
1924,0.0060806952188998675
1925,-0.13223471664399877
1926,0.024386132881025535
1927,0.03656651732692123
1928,0.03870751203610506
1929,0.040705819027246126
1930,-0.061769573462730376
1931,-0.059815028373803925
1932,0.3353403210117616
1933,0.0756568317796647
1934,-0.009825316895671343
1935,0.027568991735320847
1936,-0.045788937325430934
1937,-0.021984219413042405
1938,0.07077888146207512
1939,-0.04988891877595769
1940,0.024600299881692045
1941,0.05554855988566065
1942,-0.039759155774784505
1943,0.06374586487677728
1944,0.09572026381032095
1945,-0.05301876502141378
1946,-0.032439847048410186
1947,0.03969027312092943
1948,0.07533245001537536
1949,-0.06286364792469662
1950,-0.014129561344698505
1951,0.023143635431353837
1952,0.05415445183237466
1953,-0.25897909037943934
1954,0.003261136206948151
1955,0.02580558225887719
1956,0.017657451022707216
1957,-0.0031561001858422255
1958,-0.04471026524707511
1959,-0.012327553990313045
1960,-0.014129561344698505
1961,-0.05524281479948223
1962,-0.11894783430033606
1963,0.04122721941054053
1964,0.03237456465850369
1965,-0.13354159937918153
1966,-0.0125356359053711
1967,0.017404077449345745
1968,0.1076941858503827
1969,0.21380085688489125
1970,-0.006930729985453021
1971,-0.06029156719939732
1972,-0.22654175617266303
1973,-0.006962414570197029
1974,-0.053827515185190355
1975,-0.05721085272052917
1976,-0.0010321256115861377
1977,0.008567069052722642
1978,0.028630664488014934
1979,-0.2528326631367155
1980,0.0015307728764986095
1981,0.05661726377213416
1982,0.027345831434651413
1983,-0.24761972653007658
1984,-0.19785137504653239
1985,0.1123841086129469
1986,0.012441390183038248
1987,0.04995931071389248
1988,-0.09660721621442958
1989,0.21630597522892758
1990,2.0024314324684767e-05
1991,0.1849807671034278
1992,-0.029013910778716123
1993,0.05939231817520474
1994,0.06955206114783274
1995,0.002658030924629684
1996,-0.018539905719852645
1997,-0.11533708127315889
1998,0.05764074786746998
1999,0.06889021878595702
2000,0.03099819664157495
2001,-0.04032015948996931
2002,-0.05280230022136778
2003,-0.04868949327039407
2004,-0.011058345334517217
2005,0.14276408055831613
2006,-0.033803484148698215
2007,0.04811798735836015
2008,-0.060842895763613236
2009,0.2176138404683019
2010,-0.052881556513612205
2011,-0.005465517446117507
2012,-0.14624391560003341
2013,-0.04127144454590992
2014,-0.002496660654807692
2015,-0.025520206262771294
2016,-0.008418058428301733
2017,-0.09826834039761723
2018,0.06673783283777435
2019,0.06768817875337452
2020,-0.00920179421970585
2021,-0.03260721067136285
2022,0.006705358260799654
2023,-0.06140553548267863
2024,-0.00021056506936012465
2025,0.035960958825423495
2026,0.20835458958254316
2027,0.0033921821391967866
2028,-0.09043906798452817
2029,0.029839599629144953
2030,0.04295185875213847
2031,-0.011193621486690258
2032,0.049940582814434475
2033,0.02440863036107277
2034,0.29370588854868473
2035,-0.007110336348122415
2036,0.006156376973301542
2037,-0.03571936003008716
2038,0.018972441364651593
2039,-0.04442167805187508
2040,0.06281528089914434
2041,-0.011906817905359107
2042,-0.026067300634541213
2043,-0.22287301733543574
2044,-0.039760080895813094
2045,-0.00041292065035936076
2046,-0.010948593836908826
2047,-0.07638065478086897
2048,-0.29394845744936005
2049,0.23247731772315494
2050,0.26042876632709033
2051,-0.048041815750307304
2052,-0.0455080451585127
2053,0.03325235510537278
2054,0.07200484786713518
2055,0.1849807671034278
2056,-0.026273474570046362
2057,0.0028959484298340665
2058,0.095275444616167
2059,0.06638036147842086
2060,0.023756897641489708
2061,-0.1125044170132854
2062,-0.03357622488344736
2063,-0.36027895462060844
2064,-0.12115760395721756
2065,-0.08215769841764003
2066,0.5790389001070543
2067,0.17952494971773686
2068,0.10611263324989001
2069,0.0063842170544554655
2070,0.0165351366688698
2071,0.04087996000726821
2072,-0.0163763279249014
2073,0.14481231586808707
2074,0.04241254715200943
2075,0.1348205398365525
2076,-0.06720006403652312
2077,-0.01640714015962838
2078,-0.04525114775758926
2079,-0.06372635529274018
2080,-0.09942925597439922
2081,-0.005899664407929703
2082,-0.19009240861526877
2083,0.119438704465132
2084,-0.048595562596253916
2085,-0.02610312183559904
2086,0.0026530364018031993
2087,0.04717683714730225
2088,0.03225611668728634
2089,-0.017502512342139065
2090,-0.0018371973191075863
2091,0.00903349730159958
2092,0.16009710996794202
2093,0.0033066032047409377
2094,-0.018368898156736257
2095,0.03265881377405391
2096,-0.11455734023586372
2097,-0.23185320947631927
2098,-0.006016858855081825
2099,0.004935116720759275
2100,-0.034292647377093644
2101,0.12378590976472492
2102,0.08217662582609553
2103,-0.0018828890673159848
2104,0.056675822332637016
2105,-0.0409194922999403
2106,-0.014241498991221263
2107,-0.03160326373291944
2108,0.0004560992200949576
2109,-0.017431298217365665
2110,-0.23200408306028364
2111,0.035989008032915604
2112,-0.19603972030521
2113,0.06809259079768903
2114,0.14692976785025602
2115,-0.049584412593392635
2116,-0.028184847563734378
2117,0.029289701778950628
2118,-0.01653914255587674
2119,0.0160868092837243
2120,-0.004832136078704141
2121,0.04192031785666761
2122,-0.19147995117461414
2123,-0.04363255583529482
2124,0.3322224420459029
2125,-0.016499973149687985
2126,0.0370031940797908
2127,-0.004770788330551223
2128,-0.03701010490957285
2129,0.04971331243659627
2130,0.04026876584157518
2131,-0.01609800861187788
2132,-0.17551100439051073
2133,-0.016812289670663227
2134,0.014084461049209018
2135,0.0029428092499255154
2136,-0.05021426846145699
2137,-0.02627332153539505
2138,0.04626153290861357
2139,0.1850016163872119
2140,0.15180195426181153
2141,-0.0017247069282337602
2142,-0.15324852872247918
2143,0.13685102603297428
2144,-0.10648586279081435
2145,-0.002089580989628914
2146,0.000883173985325697
2147,0.03431724713176115
2148,-0.042536286812564106
2149,-0.03423940212317472
2150,0.06365697960273509
2151,0.0037049528058964443
2152,0.19634547085355242
2153,0.07942923484304365
2154,0.016729652344812107
2155,0.0007480499560059695
2156,-0.033730334398541895
2157,0.015489290637678621
2158,0.02218447393936107
2159,0.03244892831402946
2160,0.011078913842517801
2161,-0.08749004943298971
2162,-0.03940321784817291
2163,0.011078913842517801
2164,0.05021281452211457
