,pve
0,-0.2513010086435513
1,0.3014268929775752
2,-0.11400558883995182
3,0.28491509424074657
4,-0.013655497025407914
5,-0.19495713023615924
6,-0.013207491704565921
7,0.11835703835202876
8,-0.25474474095589494
9,0.11727102212698137
10,-0.44708552107541666
11,0.05842543321933469
12,0.027854923339989623
13,0.324793855761202
14,0.42657073045498983
15,-0.24783468103116157
16,0.2844718440590299
17,0.34631928962160574
18,-0.5644395486281476
19,-0.08067256052119909
20,-0.03573386123756128
21,0.20138992022274066
22,0.1889762265357744
23,0.03666317576371281
24,0.3220110696753202
25,-0.03697143145845749
26,0.038281369539947874
27,0.5996538220721723
28,-0.5834761625143633
29,-0.04436316789110428
30,0.23711086846491047
31,-0.7961980460153988
32,-0.38827409604325736
33,0.3318644273784536
34,-0.26453394282275977
35,0.6975897699735484
36,0.3770695237766928
37,0.11192102941477378
38,0.24364844454496942
39,-0.5027256783776136
40,0.3182466904265223
41,0.34701885029625795
42,0.28902752068289794
43,-0.4624566041926801
44,-0.3319201757077065
45,-0.1126687250518632
46,0.23931162369942383
47,0.38236190207839166
48,-0.09691843019997826
49,0.6661485951225978
50,-0.11203564312132475
51,0.40566071315725943
52,-1.09763563033419
53,-0.41602891602434844
54,-0.29319879079479505
55,0.13077138244551
56,0.08000974302508579
57,0.3223018861874632
58,0.1294417029382413
59,0.1599210662382901
60,0.31380147566264394
61,-0.39219487547982346
62,-0.2671374914782426
63,0.02211479768861213
64,0.039201612609853775
65,0.4089054074118883
66,0.4180853940986273
67,0.3481135454945477
68,0.2774446664761794
69,0.13029528526636774
70,0.06821007873639173
71,0.3797643154380925
72,0.23474712745654192
73,-0.4178082269837272
74,0.1442235089329303
75,-0.5857889324735535
76,0.2724430835340354
77,-0.26433595948524014
78,0.2015300752312178
79,0.07454840565247323
80,-0.3472837181604096
81,0.5470243611777211
82,-0.9565538014869048
83,0.16321442588640567
84,0.21574559635069845
85,-0.3273862995243976
86,0.5403206430187866
87,0.4002119760831963
88,-0.20151874334701225
89,-0.4277258974432967
90,0.7378155118844453
91,0.00935280814839623
92,0.23475358331633012
93,0.5147580333814694
94,0.11263980990484246
95,0.10598426477316403
96,-0.5063207094353611
97,0.29968962296502394
98,0.697834924531759
99,0.3797643154380925
100,0.07930081593418248
101,-0.12185999898642597
102,0.06220674172553742
103,0.3889109071138139
104,0.41316534326094567
105,0.2444405124392336
106,-0.3298870994886006
107,0.2141525097630742
108,0.30560601031408197
109,0.20097964723064865
110,0.5581564580009504
111,0.22619555678140402
112,-0.0652905505766812
113,0.7631622997661579
114,0.4364957739765129
115,0.3366501455990106
116,-0.13563295170272816
117,0.3002693430378259
118,-0.07910047009163812
119,-0.12249321004194491
120,0.3246202762248824
121,-0.06582179412730083
122,0.394878181421293
123,0.09649092563507733
124,-0.010473808737118007
125,0.080663453888694
126,0.5819424606747394
127,-0.31451424350449253
128,-0.4214600359138694
129,-0.23083195779201227
130,-0.1616153791362791
131,-0.7298615185831034
132,0.22941571957085177
133,0.1219826899966549
134,-0.4663976574412039
135,0.4887788354411347
136,-0.38161119852512626
137,0.2631875493140974
138,0.13814752809867742
139,0.32836353732099216
140,-0.9577331894427454
141,0.3162101450411235
142,-0.103417849499436
143,-0.9333743062510674
144,0.1253780209796177
145,-0.2819013619342403
146,0.17603060540373971
147,0.32414277980145045
148,-0.39852418004493684
149,0.14285651380106124
150,0.11613759641695787
151,0.05842543321933469
152,-0.5488927873931733
153,0.29235780981841947
154,0.3826304944206576
155,0.18121596668963902
156,-0.50786414206165
157,0.5386178434831297
158,0.25916498976501035
159,0.44109501708783466
160,-0.083058191224047
161,0.027854923339989623
162,0.3591437777886266
163,0.3114153027112485
164,0.29476695955401844
165,-0.4341719997104312
166,0.30508456892092745
167,0.3803685224890191
168,0.5787727210859744
169,-0.31645318517906373
170,0.03742083475553659
171,0.20694385585939978
172,0.40182048833623774
173,0.23645276547470384
174,0.33553283645611554
175,0.13247796678664192
176,0.5044825112164072
177,-0.3164599845802114
178,0.11027693113957959
179,-0.17704474769838485
180,0.4054829639614645
181,0.004769421848390465
182,0.2148592538036852
183,0.5737942668097062
184,-1.2328298991893163
185,0.36489583578882534
186,0.4081151027594967
187,0.3665076025453098
188,0.4046210637547001
189,0.7087752483945615
190,0.3021264974254649
191,-0.0038305283008943647
192,0.31106487053285187
193,-0.3360524685872027
194,0.6122531078090592
195,0.1684918748373569
196,-0.10441642521611583
197,0.34421586014130273
198,0.31129880629987794
199,0.4757427466319034
200,0.1706921365882096
201,-0.9437437185598629
202,0.38966965435426504
203,0.43114208269957305
204,-0.2551682305706675
205,0.22280274739079953
206,0.17970974296172143
207,0.28590701582159633
208,0.5324783507614583
209,0.16996173684355842
210,-0.5921303460602907
211,0.31891691749931966
212,0.39550638405470845
213,0.47927625882900593
214,0.1991997574528872
215,-0.4091024464978086
216,-0.16413111130436508
217,-0.10164090633229939
218,-0.5183450832484913
219,0.0864809433001068
220,-0.008750577183234576
221,0.6367436657289083
222,0.4893128750338854
223,0.26089710533828203
224,-0.27520287420093337
225,0.4789303264219223
226,0.38400408631368443
227,-0.38827409604325736
228,-0.3524178721686462
229,-0.2646867344774444
230,0.13765229021942998
231,0.24814757255591546
232,0.23683955219962216
233,0.1232346915235123
234,0.7444782302357067
235,0.18803886481273607
236,0.46302865798647513
237,0.3850438788975785
238,0.39631380114689563
239,0.13696178780358204
240,0.420218011736482
241,0.5393310672948559
242,0.19675030291398
243,-0.4133129620694903
244,0.22034352897023557
245,0.12753175717680032
246,0.05842543321933469
247,-1.2219991482323251
248,0.3979178276001364
249,0.33149290770023293
250,0.315809849737066
251,0.7522885296169022
252,0.3589190852397832
253,-0.24503622590310825
254,0.47534187470210787
255,0.26349199532719053
256,0.14304021441959403
257,-0.2699499054409278
258,0.03158944940822139
259,0.7371136571727296
260,0.15274390728172849
261,0.41997280470550385
262,0.46189948231652017
263,0.34485653943517275
264,0.25152575911552866
265,0.16423051809696093
266,0.421713959642703
267,0.4047964292335047
268,-0.1767100114535769
269,0.33685908606713383
270,0.03158944940822139
271,0.39591209988939563
272,0.04045221990567116
273,0.6236954642435311
274,-0.2737056313343549
275,0.2568262361544269
276,-0.3524178721686462
277,-0.2741926934960919
278,0.12998866094263173
279,-1.4171359975232407
280,0.1670596157872981
281,0.31135973156815155
282,0.27108947406252365
283,-0.20549403642105601
284,-0.13152889154499825
285,0.3110857662161698
286,0.05246333223897215
287,0.22940920183493568
288,0.3196617281290174
289,0.26474186839489805
290,0.1971057799288768
291,0.19473675600847573
292,0.6382245688814193
293,0.2632489301183055
294,-0.40060090234865586
295,0.049980155928268544
296,0.49344795597647895
297,0.09119583814771859
298,0.4255441175424826
299,0.38147434935926217
300,-0.10457255454390946
301,0.40009979922246447
302,0.5824480467504187
303,0.6511028326548689
304,0.18791611421926974
305,-0.21010225664143412
306,0.5586459462630706
307,-0.22048500548125938
308,0.4724431596897427
309,-0.11521926102355107
310,0.23937527908807776
311,0.5559726502146424
312,0.38139514110242206
313,0.4830015724597403
314,0.15513292491278718
315,0.1654544696806482
316,0.4021725408886267
317,0.2295227227034108
318,0.31295020877975505
319,-0.4544479696773889
320,0.38966965435426504
321,0.6222864178367968
322,0.25944783284268036
323,0.019788409152365793
324,-0.6440150343590765
325,0.23308621719322525
326,0.12507059345289318
327,0.6318790072773838
328,0.4255441175424826
329,0.23931162369942383
330,0.2388367338318491
331,0.26474186839489805
332,0.4083739125598329
333,0.14976127897477398
334,0.16926268735146677
335,-0.3512409232744279
336,-0.9132385403804526
337,0.25366650244302213
338,0.07211318254514176
339,0.17991771822928743
340,-0.12292094663242226
341,0.0870145376633058
342,0.5911343925183646
343,0.3911693030315422
344,0.5156982706919477
345,0.29428425041378103
346,-0.27451040130504034
347,0.35439296436983414
348,0.34335884889443835
349,-0.08241650561898484
350,0.3515900191677912
351,0.080663453888694
352,0.387907052611846
353,0.08275696699883472
354,-0.3997481695444226
355,0.34080057066032965
356,0.2876569988111824
357,0.3334208684679566
358,0.3346844001964995
359,-0.014535484951783806
360,-0.4117084798477906
361,0.022041888314460745
362,-0.18822230495804881
363,0.6871266385216631
364,0.4724623660182515
365,0.2349534047137667
366,-0.5854093288562516
367,-0.1152556560199407
368,0.35770894834894906
369,0.4239540927929627
370,-0.15560085614177432
371,-0.7926844172408092
372,-0.2524201643792663
373,0.4198991928914147
374,0.16207285334631844
375,0.3334208684679566
376,-0.6513455650962089
377,-0.05404260685524176
378,0.26875633304942165
379,0.05756859455655727
380,0.4137736742937452
381,0.43824408921680025
382,0.33373266826475845
383,0.26657789115101327
384,-0.19282009814690038
385,0.03495372639522498
386,0.6260637913680707
387,-0.1925805001655082
388,-0.9885071141474391
389,0.4761942348210077
390,0.37385029122273383
391,0.2917104499893268
392,0.384830279123062
393,-0.21868453013322975
394,0.39806534162372387
395,0.10959250944661891
396,0.6532064498790391
397,0.25944783284268036
398,0.3706947684090335
399,0.37011643424456964
400,0.19179844298572346
401,0.40330576923111117
402,0.17901204745504035
403,0.4179638545370718
404,0.6691979488460368
405,-0.033947903033161086
406,0.0412501521595674
407,-0.2092958141554666
408,-0.254009346900379
409,0.3170667480143811
410,0.2910652317897157
411,-0.39668462399501203
412,0.044382256160192424
413,0.3321209478195437
414,0.31481061934960186
415,0.005973854941543566
416,-0.015129770413547128
417,0.25060585695674076
418,0.009747913702480293
419,0.051280471471750966
420,-0.11336313950845023
421,-0.1923028052851543
422,-0.44955174636463335
423,-0.19284438113037095
424,0.09528888700995652
425,-0.2753351680360636
426,-0.26992564070240654
427,0.2628834459078672
428,0.5184476869825607
429,0.08717765127777277
430,0.22974652924254385
431,-0.6415875363068531
432,-0.3266872508120886
433,0.7090675248319137
434,0.7501956754480003
435,-0.7161470458504167
436,-0.028607225504609368
437,-0.1887800111573572
438,0.44550630840814137
439,-0.22746354883706887
440,0.233592322927606
441,0.1979999841965041
442,0.5650964892192195
443,-0.3115966495255046
444,0.27087165765133475
445,0.3677522220714374
446,0.32490155295696405
447,0.223694864282227
448,-0.3886954505943142
449,0.25571833615936246
450,0.3056617356422576
451,0.4170574833890224
452,-0.0867715792882422
453,-0.05869518688845621
454,0.47638646922211475
455,0.08624036179686956
456,0.6205742155325535
457,0.30721334304928927
458,0.26639295073856883
459,-0.5789904535050306
460,0.09180773483564697
461,0.4622190785416806
462,0.4492372941027835
463,0.11028990554108536
464,0.2889317762593594
465,0.1071676026048578
466,0.1804455324762091
467,0.07808213784191032
468,0.05454429566895225
469,0.27087165765133475
470,0.21958395131274078
471,-0.07690535330029236
472,-0.20301709225760434
473,0.4081151027594967
474,0.24017703743787328
475,0.35774315010107904
476,0.06459788113355103
477,0.15452766411448193
478,-0.06137645361176103
479,-0.31759796874649937
480,-0.154033260448738
481,0.2779515255622275
482,0.16866947976477698
483,-0.700783271155293
484,-0.8523864522436514
485,-0.12015097576987577
486,0.6062611278034679
487,0.4046186610756415
488,0.3251423958417087
489,0.23203968879536957
490,0.31576856497768413
491,0.42032237118033555
492,-0.11521926102355107
493,0.31222449372128336
494,0.19798155632366699
495,0.4104321530056375
496,-0.015074208719353055
497,-0.29373710352521143
498,0.2191340992480616
499,0.3040244574865951
500,0.026909496886025397
501,0.6002420248796863
502,0.3324014255223489
503,-0.4662272648373489
504,0.08305507891819397
505,0.22974652924254385
506,0.4677291393988548
507,-1.046223854129005
508,0.18278983928745351
509,-0.14977501124332215
510,0.37923665484667257
511,0.5413961112335157
512,-0.1031587578204114
513,-0.0600293867587236
514,0.5136506154840441
515,0.3105431830941028
516,0.3979178276001364
517,0.25182140183573953
518,0.389135706884292
519,0.3147596193434105
520,0.07882199273243717
521,0.25916498976501035
522,0.24062574853038043
523,0.37343194837966365
524,0.21692228752542692
525,-0.1693983875086429
526,0.19378979683583525
527,0.397792697569354
528,0.2888294111601444
529,-0.9237120689857992
530,0.1434462280221993
531,0.014620486191448623
532,0.065232507337463
533,0.19623247332807264
534,0.2697737298772945
535,-0.5292127437924253
536,0.059721697477849944
537,0.4883476496854252
538,-0.14945711288448227
539,0.19176592663308234
540,0.560460148539395
541,0.028505320646008858
542,0.4448099473095502
543,-0.30130610539260894
544,-0.33751390244181767
545,0.26875633304942165
546,0.10907322799241315
547,0.25697014920556227
548,0.6015161086629868
549,0.22989181943899561
550,0.29228750917974033
551,0.04330686538966477
552,-0.16449708407785413
553,0.5507513069957803
554,0.4711104324309376
555,-0.30090362248674407
556,-0.13917301548927752
557,0.4160238675613624
558,-0.2577956876208818
559,0.1792595389315793
560,-0.2630542388661905
561,0.38641750757871185
562,0.4583418747772398
563,0.17415784296044562
564,0.43046251360174775
565,0.20304039790422668
566,0.12205930049987862
567,0.30989005648338996
568,-0.6086024405933155
569,0.3429300247873985
570,0.5574495692387519
571,0.47534187470210787
572,0.4074828283350947
573,-0.5270051680565818
574,-0.11802072535690333
575,0.45518513472240324
576,0.5982663923130838
577,-0.5908555254103874
578,-0.4563438280939299
579,-0.1187632182979601
580,0.27644765489349643
581,-0.5845858796014733
582,0.25175422142529646
583,0.2668352895879691
584,0.20566281937191921
585,0.17226152183973453
586,0.548940541810907
587,0.22647557084324493
588,0.37170936495065937
589,0.27398188962943343
590,0.13534667421057178
591,0.04257269139744291
592,0.560116018296972
593,0.3104652780684304
594,0.3156919883547421
595,0.22780401215178026
596,0.17970974296172143
597,-0.5322432635580837
598,-0.1091187436782397
599,-0.32037521880362974
600,-0.06957791395775359
601,0.2787272420925986
602,-0.06788683102182247
603,0.3775451072456725
604,0.054857118947477246
605,0.3040946137110986
606,0.1071676026048578
607,0.31739600866575823
608,-0.3272552998634346
609,0.4240305618035879
610,-0.4246939240370524
611,0.4663394154873092
612,-0.367349000984583
613,0.1150869104012463
614,0.5725911256158557
615,0.005827880563530674
616,0.4164596730983899
617,0.19382266406995746
618,0.07520689266577862
619,-0.7605128122990067
620,0.1864801719239959
621,0.5413961112335157
622,0.3035996618978073
623,0.13091168286203658
624,-0.10064602814822177
625,-0.1291042628229121
626,0.12907658366631514
627,0.47373863438929287
628,-0.22413278221722988
629,-0.01796389124912645
630,0.33368008504035357
631,-0.09962154834169057
632,0.12041928648260314
633,0.0340140136950553
634,0.22834503118385374
635,0.2914703081071363
636,-0.38827409604325736
637,0.07320791234266788
638,0.5111328122952302
639,0.32177833846010223
640,0.0755172692975995
641,0.5872410116991698
642,0.3031740554253759
643,0.048479744795764
644,-0.13963667858761164
645,0.6595731914897115
646,0.02843141206096511
647,-0.12629920771159564
648,0.16207285334631844
649,0.5698197696414407
650,-0.16782346828798422
651,0.4218767611807518
652,-0.035100807660681244
653,0.2917104499893268
654,0.05842543321933469
655,-0.6641688416012017
656,-0.4624566041926801
657,0.7487015567200378
658,-0.9978586350804484
659,0.14071208587848005
660,-0.013655497025407914
661,-0.3524178721686462
662,0.7616956542981296
663,0.03742083475553659
664,0.415422742010383
665,0.331807096730314
666,-0.2728683480191796
667,0.7712840178677545
668,0.32802996841285204
669,0.4673687930800949
670,0.26074249396972143
671,0.7764305078650868
672,0.05231464882794257
673,0.41149653123728513
674,0.22908465583553328
675,0.513254737252846
676,-0.16351403078720927
677,-0.6549040238279076
678,-0.07069941348220254
679,0.3055764693311608
680,0.4239540927929627
681,-0.1925805001655082
682,0.4541590917876702
683,0.37739999771850574
684,0.27108947406252365
685,-0.293758747815863
686,-0.7711310239492514
687,0.006946540663747447
688,-0.26654497123439724
689,-0.005250380474499883
690,-0.24746641092352817
691,0.1484666514652771
692,0.3125250259934028
693,-0.09099564624883905
694,0.4460749792774864
695,0.8069774702097241
696,-0.11373297851592779
697,0.10241786625004123
698,-0.29704269686415763
699,0.016331029655608398
700,0.33147825175377377
701,-0.003220347995752104
702,-0.7481977811129602
703,0.16900985640146443
704,0.1924141420278675
705,-0.8220850772408627
706,0.08566416137807242
707,-0.5116287044745027
708,0.31943334282049285
709,0.1052487344154791
710,0.18328474544397744
711,0.08586206889428116
712,0.1806419307394091
713,0.4377866857244516
714,-0.18077504992544502
715,-0.27131489309469126
716,-0.6615464100969588
717,0.10674818207511405
718,0.3364371133517059
719,0.31864987585424853
720,-0.9547858164068421
721,0.4726811890770062
722,-0.02793055737780481
723,0.3658730422298089
724,-0.6659073443955444
725,-0.003220347995752104
726,0.3068397323934234
727,-0.08207236551477637
728,-0.683876317748804
729,-0.19405736488501646
730,0.45674255118968077
731,0.006946540663747447
732,0.6886690093416733
733,0.31129880629987794
734,0.008372208047360385
735,0.10421421481724102
736,-0.6463648598736168
737,0.10917935462403605
738,-0.3632980494533047
739,0.09509434520999416
740,0.17991771822928743
741,-0.09858879926599873
742,0.1459427036449773
743,0.1971057799288768
744,-0.5035711489098965
745,-0.026072486031397446
746,0.43567841658248185
747,-0.30089701673498004
748,0.19678594854832065
749,-0.22413031499045877
750,0.2273839095968322
751,0.2595085436213356
752,-0.551545969786849
753,0.15492695098228199
754,-0.0029435746805861474
755,0.24714288997305744
756,0.32964321179263456
757,-0.5119305393857291
758,0.5967666256901318
759,0.3050751365939254
760,0.3955870610124991
761,0.5974298916588674
762,0.32122110042495033
763,-0.8092821765884581
764,0.08299159346714802
765,0.5325657795749968
766,-0.24783468103116157
767,0.3183770294880083
768,-0.2132994501454316
769,0.34383602131292795
770,0.40247819649823724
771,0.25947262282286737
772,-0.05560223283268373
773,-0.24906009294724263
774,0.19675030291398
775,0.596091936039722
776,-0.03468421432304003
777,0.30961807315742496
778,0.23226305791296908
779,0.28926523105817814
780,-0.403735639262362
781,0.4054704943130432
782,0.13943125996955696
783,-0.24454145687097573
784,-0.14009234676709992
785,0.25957709679340063
786,0.3182466904265223
787,0.3947021806212631
788,0.037426852305599945
789,0.5331770950991377
790,0.15458607625104182
791,0.21389101041746983
792,-0.6099880376868654
793,-0.15095972385274126
794,0.18149414445721557
795,0.4377635373453171
796,-0.483573604092031
797,-0.31173167234377197
798,-0.620336597216324
799,0.5930491783871454
800,0.014620486191448623
801,-0.3009391402420367
802,0.3867986972185478
803,0.10674477607014488
804,-0.06531641829888502
805,0.4223237391529257
806,0.3989951859570735
807,0.11713306135137264
808,-0.2852620866722657
809,-0.15620016119407942
810,0.13234365931974246
811,-0.2853844697410628
812,0.021246011750092886
813,-0.7584729041009527
814,0.25430511787882765
815,-0.7766727602447543
816,0.4664242955977277
817,-0.5048197407958283
818,-0.2792899575717327
819,-0.2091229280562905
820,-0.1606597179324042
821,-0.3048220088603668
822,-0.050625092736799604
823,0.34185153142403424
824,-0.3231243676309842
825,0.03158944940822139
826,0.28691971131685945
827,-0.18969383080804947
828,0.27338951652395227
829,-0.41505295898121763
830,0.18991310709347037
831,0.5461042279622192
832,0.18018655845402332
833,0.7137492045987903
834,0.38269336176949464
835,0.324236681048478
836,-0.19638782822861178
837,-0.4067576889358121
838,-0.285432644653948
839,-0.014050330991184468
840,0.013699495565568265
841,0.07726155819984337
842,0.415422742010383
843,-1.4593342334720476
844,-0.9097884770751566
845,0.4053128546424379
846,0.04267278326283974
847,0.28708674192512745
848,0.5635609096263346
849,0.3272421311438961
850,-0.3009391402420367
851,-0.29704269686415763
852,0.6050969457953665
853,0.43058979217673204
854,0.7034148891782629
855,-0.1207595497413988
856,0.5727935752486086
857,0.7809701771264761
858,0.10110229178331809
859,0.3443224432535856
860,-0.1027009039881035
861,0.5324329694512775
862,0.018437128286774684
863,0.44110043275900135
864,-0.23965024526287482
865,-0.3449023176942614
866,0.7291652865284455
867,0.038733012299359326
868,0.08275696699883472
869,0.5124239634989833
870,-0.3616061695104964
871,0.3079704227764599
872,0.27771106127953865
873,0.250319286063315
874,0.2713525339378785
875,0.3364645109098778
876,-0.013655497025407914
877,-0.0029152310550327742
878,0.508496405124536
879,-0.12492960623133043
880,0.12428139219516221
881,-0.1401299121220081
882,-0.17590030636450416
883,0.4762893100328353
884,0.27338951652395227
885,0.3908885088924514
886,0.45389293814095366
887,0.2666221855663855
888,0.483893949502789
889,-0.44640585030950486
890,0.2608435126358642
891,0.3732110904394343
892,-0.06660677764140022
893,0.439876153464813
894,0.25916498976501035
895,0.24039251593448652
896,0.22619555678140402
897,0.010792941506619469
898,0.40856736649731684
899,0.16423051809696093
900,-0.16299914671452065
901,0.4481845235362009
902,0.09928000783506719
903,0.4995621562283988
904,0.40357270260906875
905,0.20093747098414605
906,0.43562739948897233
907,0.20798331864382424
908,0.21094000527352486
909,0.18769437960919494
910,0.29342149315108945
911,0.2993648544813614
912,0.34233398630123707
913,0.5031514777828388
914,0.2807934793345332
915,-0.31688786013170644
916,0.08402310534484747
917,0.4633856868274379
918,0.25572184860870606
919,-0.48824115910796384
920,0.17226152183973453
921,0.43215398297257307
922,0.3434755896836486
923,-0.591071517081658
924,0.132820842455873
925,-0.0029633007226614883
926,0.06536131558678238
927,-0.009850683497844348
928,-0.10647065024171298
929,0.5429331511682605
930,0.694235665676671
931,0.2630207781098588
932,0.306553282068057
933,0.04431892177495855
934,0.34260723285897776
935,-0.1024959536858373
936,-0.1107120528889971
937,0.7735633023111854
938,0.002722173464547506
939,0.23175278257736504
940,0.12428139219516221
941,0.10106892669057954
942,-0.008662643862779262
943,0.4940801931044082
944,-0.46403936257385414
945,0.6630097682813287
946,-0.1890346320164341
947,0.7671936150104386
948,-0.6062833923390859
949,0.40027485595033074
950,0.5076512018815944
951,-0.1016954921538531
952,-0.3789768635830375
953,-0.2274937066661924
954,0.5239863750440938
955,0.5234939994987033
956,0.7565694423021553
957,0.4217274687442655
958,0.3809026354634397
959,-0.614995318082153
960,0.1252160468770117
961,-0.016035145351456448
962,-0.8373757302343334
963,0.04916241080260042
964,0.16419397475251407
965,0.6133333765131241
966,0.09996473236746722
967,0.16165717102652516
968,-0.11033104207302735
969,0.17789159941471266
970,0.7129702017344757
971,-0.33565469446358565
972,-0.11247260987016605
973,0.26095610312945844
974,0.3932185945841336
975,0.3821437711171506
976,-0.0664251848481896
977,0.28982906188401464
978,0.6087361393485502
979,0.42680466233682646
980,0.2898162989491048
981,0.5987890322439586
982,0.08114037961648823
983,0.5482610465056861
984,0.4711104324309376
985,-0.03546445076377758
986,0.10798070719187469
987,0.3324014255223489
988,0.3867986972185478
989,-0.11455780934488613
990,-0.380150363616799
991,-0.9013456013922753
992,0.4663394154873092
993,0.6611100998952404
994,0.22711043798316433
995,0.22169411659656635
996,0.6107339644551018
997,0.6830121800284983
998,-0.2678486747038883
999,-0.07800919519396754
1000,0.10507884343508778
1001,0.260505049096192
1002,0.4290745551843768
1003,-0.3685480254823623
1004,-0.28008527989958343
1005,-0.6490744212853022
1006,0.3851386290632258
1007,-0.5554932489698519
1008,-0.8852480298362807
1009,0.19936969635955848
1010,0.32261732073705846
1011,0.3821437711171506
1012,0.3248326730593625
1013,0.258111954960223
1014,0.501278454961371
1015,0.07039955575318546
1016,0.4378399540782376
1017,-0.3983794411636934
1018,0.2621132230155759
1019,0.20430630325183796
1020,0.43114208269957305
1021,0.26462402119515827
1022,-0.09962523372819432
1023,-0.08225895863804067
1024,0.44838780197099753
1025,0.2590561465547324
1026,-0.2693617813624616
1027,0.310027339622145
1028,0.3989951859570735
1029,0.25944783284268036
1030,0.24440074171896753
1031,0.3398038942235605
1032,-0.10093284805984581
1033,-0.06848593408241133
1034,0.3280682748836095
1035,0.7484357988331866
1036,0.40246085195482745
1037,-0.007868238755872614
1038,0.30904617672875434
1039,-0.06969542371158799
1040,0.06290910325235122
1041,0.47707450495314485
1042,0.2819508079390053
1043,0.286996419918751
1044,0.35964146193659374
1045,0.3815973348604973
1046,0.4737060876381134
1047,0.21005872175787954
1048,-0.05070628031660851
1049,0.4711104324309376
1050,-0.11853426055325578
1051,0.3056617356422576
1052,0.04300094365809337
1053,0.33149290770023293
1054,-0.12226576992671012
1055,0.5138307025380267
1056,0.21987045254673687
1057,0.19746099281502255
1058,0.4028064926521902
1059,0.28988589122155006
1060,-0.24729137839868343
1061,-0.07646045897993692
1062,0.2891184673248161
1063,0.3570304760027102
1064,0.3457129487636077
1065,0.41004819651835256
1066,0.12753175717680032
1067,0.2521847161721773
1068,0.4053801388171985
1069,-0.38161119852512626
1070,0.19622919679242506
1071,0.20139980724428835
1072,0.010397556902578486
1073,0.16300371978116146
1074,0.4357493970803684
1075,-0.4038999007757893
1076,0.017802524852449708
1077,0.2288929697016312
1078,0.13103449855094085
1079,0.38411857738796606
1080,-0.8012648749934963
1081,-0.19392015838603704
1082,0.04567663276083089
1083,0.18791611421926974
1084,0.4737820164280896
1085,0.37935917967720023
1086,0.09416374792520088
1087,0.7413928463421089
1088,-0.8135983822854413
1089,0.3320066869488617
1090,-0.09292844438406533
1091,0.4663394154873092
1092,0.3369266849118878
1093,-0.07274136961123945
1094,0.2831017553021473
1095,0.16860147255011115
1096,0.39640152413534124
1097,0.2217132226588432
1098,0.5182935240936704
1099,0.07254725534438378
1100,0.49123852126492373
1101,0.06522838334017
1102,0.5114854142895341
1103,-0.21975369724997307
1104,-0.4246939240370524
1105,0.2985403183487836
1106,-0.41927057293089587
1107,-0.5173305409200584
1108,0.37476489993750595
1109,-0.08645416792814453
1110,0.28649589910961093
1111,0.2536154333069077
1112,-0.618589418765773
1113,-0.5138993357097275
1114,-0.8819612588191375
1115,0.3714228681260995
1116,-0.12170736104997315
1117,0.5708194688714499
1118,0.19696780779770195
1119,0.3725482288812354
1120,0.33153206566672666
1121,-0.3566337222321678
1122,0.3517287284927727
1123,0.20138992022274066
1124,0.18022910599778558
1125,-0.14197263273870486
1126,-0.2629677069221057
1127,-0.3298968625374963
1128,0.2798080003239256
1129,0.6151812080653964
1130,0.7474188188594084
1131,-0.381271102089894
1132,0.1360509749069887
1133,-0.2109296130629088
1134,0.25944783284268036
1135,0.30099564564330306
1136,-0.008157925913720554
1137,0.20084569729988694
1138,-1.299907203674453
1139,0.4042280913874053
1140,0.30697206187627146
1141,0.4699918561478883
1142,0.2131699159754688
1143,0.24825891237562814
1144,0.48118739727272936
1145,0.2558154207419975
1146,-0.25431849086684033
1147,0.05098189316289059
1148,0.17272151984814843
1149,0.1995382435074166
1150,0.06522838334017
1151,0.4551231977341273
1152,0.1603224955761347
1153,0.10798564093941476
1154,0.22146866072700655
1155,0.483869717400864
1156,0.4738576643669476
1157,-0.1591680283598358
1158,0.03158944940822139
1159,0.7308735990855718
1160,-0.11521926102355107
1161,0.2217132226588432
1162,0.5944153832669651
1163,0.48333145012255563
1164,-0.7864207991662935
1165,-0.19441393044415234
1166,0.04003905263098162
1167,0.5597764816104379
1168,0.008086262542893019
1169,-0.4761418115904694
1170,0.3561758879459765
1171,0.30474199217828446
1172,0.4208699444075835
1173,0.15072441334119163
1174,0.08732697734270733
1175,0.22619555678140402
1176,0.0007112217754529082
1177,0.41103255749639195
1178,0.17226152183973453
1179,0.2903838325330379
1180,-0.03260475106780425
1181,0.5241023640316599
1182,-0.06957791395775359
1183,0.212935741703438
1184,-0.386640124299806
1185,0.12075771515268674
1186,0.33641367594843913
1187,0.5807125680414971
1188,0.220179180742476
1189,-0.634094937336826
1190,-0.9462904682353461
1191,0.6321020142550312
1192,-0.4376406090928776
1193,0.2787751029403222
1194,-0.29180625016384765
1195,-0.42567238819858366
1196,0.2575136102284148
1197,-0.2533178247156208
1198,0.4818750908310598
1199,0.28708674192512745
1200,0.41867799975608555
1201,0.25571833615936246
1202,-0.29704269686415763
1203,0.23931162369942383
1204,-0.0664251848481896
1205,0.23645276547470384
1206,-0.4211207245715326
1207,0.10130240757651843
1208,0.560832002521755
1209,0.4699410536722884
1210,-0.47454090841814134
1211,0.2627888307469962
1212,-0.9712317126422148
1213,0.398625383033624
1214,0.05457503198889013
1215,-1.072533456887921
1216,0.27672988022989753
1217,0.27823112424242746
1218,0.22852086535619864
1219,0.14970174042819573
1220,0.10507884343508778
1221,-0.20061421356237885
1222,-0.5380290684231637
1223,-0.5403216371669247
1224,0.3064266492465651
1225,-0.1435247420207897
1226,0.13448125391945454
1227,0.045121905362249914
1228,-0.015874108955248212
1229,-0.38434409980039286
1230,-0.5382888993401247
1231,0.3491752305550346
1232,0.7530152993826129
1233,0.374566888002552
1234,0.3765876063568333
1235,-0.6047093204131042
1236,0.15921600945357767
1237,0.20304039790422668
1238,0.08586206889428116
1239,0.3743746061222354
1240,0.3491961166837273
1241,0.16321442588640567
1242,0.08586721792684893
1243,0.16705430246132963
1244,-0.1435247420207897
1245,0.32162979868241637
1246,0.6582289453481271
1247,0.2726561124587301
1248,0.36854781587041896
1249,0.27180227403387525
1250,0.28399398896294453
1251,0.23007708496161783
1252,0.42296440386515866
1253,0.2938432685244472
1254,0.19675030291398
1255,0.23910932005392233
1256,0.6236954642435311
1257,-0.6615464100969588
1258,-0.07142618918805377
1259,0.14071208587848005
1260,0.16585997952378384
1261,-0.2882101930366783
1262,0.13721841731256246
1263,0.30346080213210974
1264,-1.4298724550903528
1265,-0.3261756409760068
1266,0.19675030291398
1267,0.04965295416312443
1268,0.3024718092019223
1269,0.5370650819197783
1270,-0.35239901919614547
1271,0.4615494566453766
1272,-0.15404062621141978
1273,-0.1797996827107079
1274,-0.06925940582130652
1275,-0.23978056464041342
1276,0.25947262282286737
1277,0.7651129818958811
1278,0.11763844506516363
1279,-0.20603891767421723
1280,0.15732854164193782
1281,0.40247819649823724
1282,0.260505049096192
1283,0.046063652000821964
1284,0.043091748211414926
1285,0.42029109361362754
1286,0.4606268896649736
1287,-0.4341719997104312
1288,-0.28536527326263605
1289,0.1646870821160789
1290,-0.4807600335897182
1291,0.3652941253124399
1292,-0.5173305409200584
1293,0.47382538289488596
1294,-0.08129209266802917
1295,-0.18755725300809178
1296,0.18488829509007132
1297,0.3745353690063792
1298,0.3818127055517158
1299,-0.24948085521570618
1300,-0.013655497025407914
1301,0.4202843921231756
1302,-0.014050330991184468
1303,-0.2332476066332887
1304,0.3618556560478078
1305,0.507283544465865
1306,0.4330602318946608
1307,-0.5644447877991531
1308,0.04028470134053641
1309,0.4849577937739359
1310,-0.7349423654218668
1311,-0.329521842032353
1312,0.5954510943558251
1313,0.31135973156815155
1314,0.39870191278901695
1315,-0.5082734807054783
1316,0.26793116465429045
1317,0.6489662141374206
1318,0.4616909846450832
1319,0.5229547579579347
1320,-0.5380290684231637
1321,0.06201603547276846
1322,0.4738145427377931
1323,0.6999491712805136
1324,0.0981081429577425
1325,-0.24746641092352817
1326,-0.07508748181205938
1327,-0.5460370374427074
1328,0.05791810858233104
1329,0.09792210866735374
1330,-1.2522051880188165
1331,0.2886432028563436
1332,0.340223949432946
1333,-0.045830084805562166
1334,0.3685966241806986
1335,0.4104321530056375
1336,0.4789303264219223
1337,-0.010263005757931709
1338,-0.5514257496168623
1339,0.24155046884238818
1340,-0.881100896349432
1341,-0.3278106327836472
1342,0.31222449372128336
1343,0.607673032385604
1344,-0.048829782839096
1345,0.6600040116124264
1346,-0.34102313302744824
1347,-0.729110705208167
1348,0.23931162369942383
1349,0.5466724553381208
1350,0.10590848618576798
1351,0.5340080591730032
1352,-0.8869456499388827
1353,0.19740322468986238
1354,0.4423764185695033
1355,-0.06039325079084468
1356,0.2889317762593594
1357,0.33373266826475845
1358,0.38173406433066387
1359,0.1307377120845764
1360,0.3898993434576883
1361,0.17596792437217618
1362,0.4752455046686908
1363,-0.007868238755872614
1364,-0.06957791395775359
1365,0.09931845140684864
1366,0.15050092645483826
1367,0.21735291482110441
1368,0.16245365080492963
1369,-0.05524526257613971
1370,0.28826425427695723
1371,-0.3355044939770431
1372,-0.6521247087127822
1373,0.07416638578781198
1374,-0.08317558902979738
1375,0.025838635571577062
1376,0.23815924307327418
1377,0.3652941253124399
1378,0.33685908606713383
1379,0.29053360953771856
1380,0.08184809578237295
1381,-0.04220005714906472
1382,0.40065205793114966
1383,0.3324014255223489
1384,0.7027210217082973
1385,0.3343477221368432
1386,0.3622261206383398
1387,0.2628828614503692
1388,-0.481073316537873
1389,0.40822874258249375
1390,0.20139980724428835
1391,0.080318664912297
1392,0.4102029984479321
1393,0.010792941506619469
1394,0.39863591785022234
1395,-0.0017429723192707858
1396,0.34631928962160574
1397,-0.047399583517578
1398,0.2714663223320115
1399,0.1253780209796177
1400,0.2608435126358642
1401,-0.24166116704699525
1402,-0.03187387009234921
1403,0.41669236651198044
1404,0.38816331223603767
1405,-0.11280285295003978
1406,0.33780618660596107
1407,-1.1136930169878279
1408,-0.4178082269837272
1409,0.03730541538599241
1410,0.5794554428971246
1411,-0.3504258546814325
1412,-0.4286150260827455
1413,0.09894198717105607
1414,0.21094000527352486
1415,0.33200717098282506
1416,-0.09541822891958163
1417,0.7577671154027956
1418,0.5597023702370967
1419,-0.32011088704228197
1420,-0.3550949089692961
1421,-0.11884787568943
1422,-0.11521926102355107
1423,0.3021264974254649
1424,-0.06706612542379287
1425,0.006946540663747447
1426,-0.4528622153505024
1427,0.29235780981841947
1428,0.49749951691797595
1429,0.43032781444918783
1430,0.28689298652645745
1431,0.4458679597639882
1432,0.000708051923002051
1433,0.13103449855094085
1434,0.14818373870003188
1435,-0.48052598556519854
1436,-0.1435247420207897
1437,0.5709544978552662
1438,-0.009871450773316637
1439,0.2268218329328056
1440,-0.3898082324720983
1441,0.25726777841687604
1442,0.25916498976501035
1443,0.3334208684679566
1444,0.5494220951391025
1445,0.2281134453719233
1446,0.05566629235535958
1447,0.5515594290759798
1448,-0.03546445076377758
1449,0.25389120676948285
1450,0.3114153027112485
1451,0.30346080213210974
1452,0.39591209988939563
1453,0.0863002659240224
1454,0.46079357997646136
1455,0.41057843012860396
1456,-0.3584581942761558
1457,0.16207285334631844
1458,0.43263907968439697
1459,0.5014666847568874
1460,-0.46752069443492394
1461,-0.29453913314681157
1462,0.5844767196564049
1463,0.34731981816510793
1464,-0.1383487812479024
1465,0.38173406433066387
1466,0.24299981595942866
1467,0.25883207822139565
1468,0.29767070318841293
1469,0.3884727077793902
1470,0.010792941506619469
1471,-0.7834648483648152
1472,0.31702601873110675
1473,0.11513108168115205
1474,0.5058198832778531
1475,0.104108382764731
1476,0.4066775341535418
1477,-0.0023986796603210347
1478,0.4738145427377931
1479,0.29228750917974033
1480,-0.02806748676528459
1481,-0.3773828723261561
1482,-0.17962082196269114
1483,-0.4450547248178801
1484,-0.2934144480678098
1485,0.26875633304942165
1486,0.19996625380806698
1487,0.2094857514855914
1488,0.059027479188027976
1489,0.18791611421926974
1490,0.11742843820938631
1491,0.374572202980035
1492,0.1580452122024517
1493,0.23645276547470384
1494,-0.34489429845748787
1495,0.3003717743846629
1496,0.20855029400268454
1497,0.3931445275006669
1498,-0.5132416742946266
1499,0.08591350095844585
1500,0.3481135454945477
1501,0.4239540927929627
1502,0.37923665484667257
1503,0.415422742010383
1504,0.14071208587848005
1505,-0.3598792364398504
1506,-0.24570135965500473
1507,-0.05922645884852151
1508,0.1465667098466366
1509,0.33547825878504567
1510,0.17226152183973453
1511,0.3895956424228707
1512,0.43352610914115447
1513,-0.22238696515790024
1514,0.09260707141578806
1515,-0.8637244227960198
1516,0.3729929569579405
1517,0.10604862809123194
1518,0.22671158070361674
1519,0.3653269828660089
1520,-0.5045805142222602
1521,0.10674818207511405
1522,0.28988589122155006
1523,0.16996173684355842
1524,-0.2880057630956476
1525,0.21389101041746983
1526,0.07282974514958984
1527,-0.14943465550186252
1528,-0.5433291841463638
1529,-0.10190165059190737
1530,0.3357887773603788
1531,0.3708473210218313
1532,0.1541766311831012
1533,0.689059575989734
1534,-0.11884787568943
1535,-0.03905780508505341
1536,-0.24179464333491185
1537,-0.3550855421640051
1538,0.323936053853814
1539,-0.3185022660023962
1540,0.1126763933411396
1541,0.22533063492260103
1542,0.331807096730314
1543,0.39270296514826003
1544,0.004010445313052724
1545,0.37269715847735274
1546,0.2955431449472821
1547,0.21094000527352486
1548,0.05842543321933469
1549,0.2785386603328257
1550,0.002642391181268078
1551,0.27697026363637955
1552,-0.5309983186263765
1553,-0.11880445427900177
1554,-0.012518391074518798
1555,0.589781154801744
1556,-1.0637495960953671
1557,-1.0123808446695577
1558,0.12428139219516221
1559,-0.5823102051717931
1560,-1.2555640825899896
1561,-0.26214303773873593
1562,0.22619555678140402
1563,-0.34946970347264017
1564,0.3741600639350959
1565,0.4737928595044717
1566,0.26349199532719053
1567,-0.2469970958012223
1568,0.40141364079826675
1569,0.5365689873986645
1570,0.5184476869825607
1571,0.35094135885584615
1572,0.022589320900431087
1573,0.5597049542284529
1574,-0.21409933759658084
1575,-0.06886097285114912
1576,-0.061234111679511205
1577,0.4213670620505173
1578,0.12437770906764223
1579,-0.17368021083953644
1580,0.24246670479826304
1581,-0.2586011670368844
1582,0.35394266029519034
1583,0.40357270260906875
1584,0.5622028640853514
1585,-0.026795429286944228
1586,-0.8594814655664498
1587,-0.12086906513127915
1588,0.5157210847210445
1589,-0.29074932800649167
1590,-0.4533372635453212
1591,0.08446007917706644
1592,0.3640999782856259
1593,-0.4608105553039459
1594,0.3345810422451878
1595,-0.07695003942455692
1596,0.371624762646478
1597,0.10421421481724102
1598,0.1674315163584088
1599,0.287371986346842
1600,0.03445540507411471
1601,0.2654993086914601
1602,0.13985634283489812
1603,0.33685908606713383
1604,0.5818486316462743
1605,-0.04499071148511702
1606,-0.5900366432760104
1607,0.3979178276001364
1608,-0.11695867817168115
1609,0.02960171817521129
1610,-0.2943781333520794
1611,0.5544619775703774
1612,0.6219092343721685
1613,-0.7402605729798617
1614,0.2052599385191337
1615,0.13310848597574831
1616,0.45526352830662015
1617,0.2731402281469169
1618,0.08481007473975533
1619,0.14781578585708866
1620,0.03520519082403861
1621,0.32370974023892135
1622,0.15452766411448193
1623,0.10424124883073027
1624,0.44936191487715027
1625,0.41855470296864583
1626,-0.85443831068153
1627,0.368244434347069
1628,-0.4488420530127647
1629,0.26349199532719053
1630,0.3021264974254649
1631,-0.05911253550928719
1632,0.4314507550537473
1633,-0.0008029086838451382
1634,-0.12157512503284318
1635,0.4601778965026239
1636,0.25726777841687604
1637,0.38410003568116713
1638,0.4479292913470489
1639,0.4046745847008981
1640,0.21769292763726739
1641,0.43678163895102273
1642,0.681652866094099
1643,0.15314814439777658
1644,0.36832175947523427
1645,-0.3064597757320119
1646,-0.34445368944972765
1647,0.3118438990567487
1648,-0.07695003942455692
1649,-0.039533072064700914
1650,-0.4591076961091606
1651,0.2588786636966265
1652,0.6179049150385068
1653,-0.11737622168406503
1654,0.3324014255223489
1655,-0.20842200691628188
1656,0.3280682748836095
1657,0.010792941506619469
1658,0.16039647237118065
1659,0.4209972443686484
1660,0.25416224388104947
1661,0.3351709836761034
1662,-0.41048143349909616
1663,-0.06850124330452434
1664,0.1637315643049187
1665,0.27902068003539565
1666,-0.023070756063429232
1667,0.1741565794447983
1668,0.25726777841687604
1669,0.30360858724678885
1670,0.37930881316914283
1671,0.21491747243357973
1672,-0.021344819146596472
1673,0.3515900191677912
1674,-0.7766727602447543
1675,0.6130914795095875
1676,-0.026072486031397446
1677,0.3834013543201527
1678,0.5004529549922547
1679,0.34956927822498574
1680,0.1744074406857588
1681,0.08275696699883472
1682,0.7678786784469942
1683,0.34701885029625795
1684,-0.33875751340743165
1685,-0.22228930501259603
1686,0.47850044933304287
1687,0.2785386603328257
1688,-0.15915142731518794
1689,-0.007868238755872614
1690,0.028082178555393078
1691,-0.05593818584905219
1692,0.11163579008717212
1693,0.3649143908360739
1694,0.31762398852072615
1695,0.3264157586827998
1696,0.29914230138963416
1697,0.3666568409622178
1698,0.06799750664883086
1699,-0.03210795479001349
1700,0.11118809119001027
1701,-0.14118533876719663
1702,-0.12685687521982514
1703,0.13203234802496944
1704,-0.1435247420207897
1705,0.22619555678140402
1706,-0.7994526558196846
1707,0.14818373870003188
1708,0.15855268706872438
1709,0.3223354076044128
1710,-0.18114841082933353
1711,-0.27661349214286657
1712,0.34556286956388554
1713,0.3290343119734715
1714,0.243436371255085
1715,0.16248793043076692
1716,0.21442868533819937
1717,-0.4454471628521015
1718,0.5636227431482439
1719,0.3409809955481321
1720,-0.30004083071502974
1721,0.2639259161845529
1722,0.1442235089329303
1723,0.17797793095168657
1724,0.28604226692956086
1725,0.5879329286916721
1726,0.3989951859570735
1727,0.1315347227426083
1728,0.31374220082646237
1729,-0.2226867598385589
1730,-0.282441267285382
1731,-0.013655497025407914
1732,0.5609994366097092
1733,0.6886481547696754
1734,0.6291051856592813
1735,0.42101949880639844
1736,0.28499831149790295
1737,0.03165923146114602
1738,-0.15175511480996673
1739,0.19675030291398
1740,0.08498542526713126
1741,0.22450243633634587
1742,-0.27821148531061557
1743,-0.21962063916499563
1744,-0.7843800846536356
1745,-0.10447210790626005
1746,0.23907836372843544
1747,-0.0394085954971487
1748,0.11369014976979319
1749,0.3855887173586403
1750,0.34421586014130273
1751,0.7252260362093698
1752,0.25916498976501035
1753,-0.06914602240980883
1754,0.30688749329478654
1755,0.20901880865271244
1756,-0.11800529524549497
1757,-0.15123449597020033
1758,-0.07867973381399607
1759,-0.1435247420207897
1760,0.4593315067583922
1761,-0.057943345184591544
1762,0.213443544199089
1763,0.3217331964962039
1764,0.1749165512175816
1765,0.18791611421926974
1766,0.38173406433066387
1767,0.7654033605648887
1768,-0.2713616764829224
1769,0.274769138688271
1770,-0.2023531694450641
1771,-0.5815920265662317
1772,0.6810202021767673
1773,0.18838352162400573
1774,0.41867799975608555
1775,-0.32143586760707055
1776,0.080663453888694
1777,0.1924141420278675
1778,0.28660838195626626
1779,0.24440074171896753
1780,0.24747571932841406
1781,-0.14459061677739826
1782,-0.004357687826733625
1783,0.20801433777160477
1784,0.20136030556921936
1785,0.24202368769803406
1786,0.22908465583553328
1787,0.1285365993297113
1788,0.18908441584653074
1789,0.4137736742937452
1790,-0.06441530032240883
1791,0.48400415402264996
1792,-0.6940843885060902
1793,0.11887904232261082
1794,0.26973092992415915
1795,0.1599210662382901
1796,-0.21555432094201277
1797,0.1657834400017527
1798,0.2881326277630016
1799,0.2607240498420269
1800,0.1737325436236563
1801,-0.051857788774275715
1802,0.1333596219820421
1803,0.24825891237562814
1804,0.20798331864382424
1805,0.08586206889428116
1806,0.3839521816479957
1807,0.5952491633178132
1808,0.12502835961012165
1809,-0.5333397465777836
1810,-0.3585266521502328
1811,0.15749869481267564
1812,0.16387286682828983
1813,0.422312986487367
1814,0.27993507969853815
1815,0.1599210662382901
1816,0.3434121948752744
1817,0.36626806851725974
1818,0.27977780067369884
1819,0.4046210637547001
1820,0.451110489281312
1821,-0.020279066262729573
1822,0.13077138244551
1823,0.3278765819711654
1824,0.30989005648338996
1825,0.08445902122580284
1826,-0.2092958141554666
1827,0.3160599004424084
1828,0.14970174042819573
1829,0.05846591354318431
1830,-0.2753351680360636
1831,0.5750634075671004
1832,0.15452766411448193
1833,-0.13363474289342647
1834,0.16423051809696093
1835,0.3174839435484
1836,0.36950461092249076
1837,0.000708051923002051
1838,0.3182132242961151
1839,0.3182493535294582
1840,-0.3667709037643597
1841,-0.5159054375716933
1842,-0.19214618356969004
1843,0.3251423958417087
1844,0.5606203495741209
1845,0.4423764185695033
1846,-0.1206343580111715
1847,-0.036573182380139624
1848,0.042508687696535485
1849,-0.5380290684231637
1850,-0.2437600831436556
1851,0.16764275754405084
1852,0.028082178555393078
1853,0.22615216728024334
1854,0.2736858219157391
1855,-0.2903676848206471
1856,0.5911434730403606
1857,0.15136786921484924
1858,0.19757779332876235
1859,0.3941998154688273
1860,-0.05941841641622159
1861,0.059027479188027976
1862,-0.22098350848486603
1863,-0.03782635138954882
1864,0.14779445583242568
1865,0.3487914428397497
1866,0.21574143997576745
1867,0.22434773108827855
1868,-0.678916623680764
1869,0.6786506784295367
1870,0.4014161294724203
1871,0.33787990886418245
1872,0.7815011626679823
1873,-0.0033902859356602644
1874,0.7040809682538705
1875,0.1654544696806482
1876,-0.07719609162013596
1877,0.23910932005392233
1878,0.21710734670381782
1879,0.6570136549604004
1880,0.40704174858507924
1881,0.26119465737921566
1882,0.14970174042819573
1883,0.11191961779612813
1884,-0.8343064942203193
1885,0.2938432685244472
1886,-0.008797571941364657
1887,0.38005244855287873
1888,-0.2443346995506468
1889,-0.38646571057391943
1890,0.25569720733207874
1891,0.18791611421926974
1892,-0.013207491704565921
1893,-0.44373377522704616
1894,0.21110192723326288
1895,0.2993648544813614
1896,0.2916354537804616
1897,-0.3276592250169228
1898,0.6542670476513848
1899,0.22647557084324493
1900,-0.058432165046361284
1901,0.4842543984091083
1902,0.3589190852397832
1903,0.03158944940822139
1904,0.33087709822976974
1905,-1.365171101898705
1906,-0.3249575468205701
1907,0.3979178276001364
1908,-0.4400049114359793
1909,0.4234384993578232
1910,0.010792941506619469
1911,-1.0184114692572535
1912,0.2855958962708499
1913,-0.24834224302355556
1914,0.30346080213210974
1915,0.44365339524845293
1916,-0.5813637751619651
1917,0.2180326825619659
1918,0.488808460642407
1919,-0.5341154664290252
1920,0.5771734576814809
1921,0.3531177379949805
1922,0.30346080213210974
1923,0.30102406880241184
1924,-0.9578811192887849
1925,-0.22355283783246782
1926,0.04572473348988437
1927,0.2139897675561548
1928,0.5160834081408933
1929,0.010397556902578486
1930,0.180195250887777
1931,-0.2191121108694526
1932,-0.6098135278957131
1933,0.22940920183493568
1934,0.08007783763369714
1935,0.5137547994349192
1936,0.1599210662382901
1937,0.07478452189049001
1938,0.15452766411448193
1939,-0.646059814528699
1940,0.20353313114318244
1941,0.2542315327567948
1942,-0.5380290684231637
1943,0.31135973156815155
1944,0.25060585695674076
1945,0.30989005648338996
1946,0.00745854799873058
1947,-1.0403394918084337
1948,-0.21076250650205386
1949,0.5348999205152574
1950,0.287371986346842
1951,0.18431571256659912
1952,0.17970974296172143
1953,-0.5387992838961727
1954,0.34383602131292795
1955,-0.007220443127594511
1956,-0.42056181228794687
1957,0.4218767611807518
1958,0.33042592070602106
1959,0.02055369836375831
1960,0.287371986346842
1961,0.04226810670275605
1962,-0.09282688850176202
1963,-0.027668115668470827
1964,0.16705430246132963
1965,-1.0436353388651516
1966,0.15402031793571425
1967,0.27628374887020635
1968,0.22935711101476552
1969,-0.10164090633229939
1970,0.33685908606713383
1971,-0.8127588859210019
1972,-0.013655497025407914
1973,0.24084236033925288
1974,-0.1332394523053969
1975,-0.13503969291527795
1976,0.39154114555114894
1977,-0.864814849677656
1978,0.5159504244635948
1979,-1.0554130498245355
1980,0.03216186579122404
1981,-0.0032403676286320016
1982,0.560261237328489
1983,0.15727078002465578
1984,0.23931162369942383
1985,-0.4578117313173167
1986,0.4618620124348593
1987,0.028082178555393078
1988,-0.44788492240623257
1989,-0.36044020790471376
1990,-0.700783271155293
1991,-0.09282688850176202
1992,0.25569720733207874
1993,-0.3773828723261561
1994,-0.01613595029644388
1995,0.5890688793394376
1996,0.3056617356422576
1997,-0.5270342841222315
1998,0.46742769677859985
1999,-0.6142731695839797
2000,0.6939300436092305
2001,0.3591437777886266
2002,-0.11521926102355107
2003,0.518396307124859
2004,0.08624036179686956
2005,-1.4299623513173916
2006,0.2731402281469169
2007,-0.7505443659620709
2008,-0.06957791395775359
2009,-0.3890265599356808
2010,0.405992674706176
2011,0.18348801054744612
2012,0.2631069070447661
2013,-0.24260064056933384
2014,0.42444767451312965
2015,0.45690617001900435
2016,0.41867799975608555
2017,-0.1489030030571773
2018,0.23339612259829184
2019,0.23716551922871343
2020,0.41888856415681186
2021,0.3202606701813969
2022,0.11025358736736734
2023,0.11356619353731828
2024,0.23799800458934162
2025,-0.6484964090518948
2026,-0.16299914671452065
2027,0.4070321028662893
2028,0.13103449855094085
2029,0.38236190207839166
2030,-0.11884787568943
2031,0.415422742010383
2032,-0.1045547389021434
2033,-0.09863874701688957
2034,-0.5675592079781179
2035,0.37222943421820626
2036,0.39004696607708816
2037,0.4066775341535418
2038,0.5786691104226879
2039,0.33787990886418245
2040,0.35877555213182377
2041,0.5903201597961762
2042,0.20977071007287273
2043,0.13077138244551
2044,0.35817731608699555
2045,-1.072533456887921
2046,-0.33071093832896337
2047,-0.36971728108339286
2048,-0.39330490505505245
2049,-0.34896312359809034
2050,-0.9779041815227599
2051,0.28988589122155006
2052,0.2496049975966967
2053,0.5129100159245839
2054,0.20252198424408518
2055,-0.09282688850176202
2056,0.24039251593448652
2057,0.4170574833890224
2058,-1.0822127132956938
2059,-0.2753351680360636
2060,0.6945886280746587
2061,-0.028034365887976365
2062,0.14741084668518367
2063,-0.6187903588930582
2064,0.6393589798024222
2065,0.3618115987426503
2066,-0.5582312681629568
2067,0.22965767923782132
2068,0.3987682064633465
2069,0.3635125925690983
2070,0.31295020877975505
2071,0.3338724258320151
2072,-0.24036477023080138
2073,-0.08782097682806267
2074,0.4350107692204594
2075,0.12556021241728876
2076,0.44505257028840706
2077,0.40530987300542154
2078,0.3190652077071225
2079,0.6536475835021687
2080,0.5081518421410499
2081,0.750193127086713
2082,-0.07223880227953783
2083,0.3052863077430191
2084,0.302132210417701
2085,0.5932136398540474
2086,0.4212944538947099
2087,0.22446501384826334
2088,0.13875632124571158
2089,0.049659768190726816
2090,0.2548341103879938
2091,0.3332094693944761
2092,-0.9237120689857992
2093,0.4087394952661515
2094,0.4211332035696584
2095,0.631408340701826
2096,-0.09518607864801354
2097,0.1986023165177755
2098,0.4203673985668891
2099,0.3967951596543561
2100,0.16632212002370023
2101,0.05106560704241769
2102,0.12889168070693846
2103,0.3766774207349589
2104,0.1951504722622288
2105,0.2134790875266599
2106,0.3800200065149889
2107,0.3979178276001364
2108,0.6065189239946205
2109,-0.8121553426149266
2110,0.17226152183973453
2111,-0.1593243716656455
2112,0.05085402327361177
2113,0.07821530482909556
2114,0.010792941506619469
2115,-0.6258085757240746
2116,0.42051062303493414
2117,-0.1295476002088074
2118,0.07145238141028554
2119,0.27338951652395227
2120,0.12998866094263173
2121,0.38998144964172937
2122,0.28123896526041803
2123,0.3430541228624755
2124,-0.4565654013411422
2125,-1.0145312410530603
2126,0.26267088264729765
2127,-0.2504966126303627
2128,0.27398188962943343
2129,-0.9102718940926866
2130,0.4066172389959348
2131,0.24364844454496942
2132,0.38327756927529477
2133,0.6403184735887537
2134,-0.8390890688312029
2135,0.4875022313650242
2136,0.2989010803503372
2137,0.5860963675133904
2138,0.1924141420278675
2139,-0.08607560866536967
2140,-0.04093918787267414
2141,0.3706819131600616
2142,0.0557194172449591
2143,-0.5586739830012304
2144,0.20138992022274066
2145,0.37739999771850574
2146,0.40588133848408725
2147,0.23308621719322525
2148,0.18841011468179453
2149,0.40247819649823724
2150,-0.12150105963946478
2151,0.3689534106561313
2152,0.1665958120258506
2153,0.13094236269160386
2154,0.5249358838770746
2155,0.08080738058632064
2156,0.42824100092932327
2157,0.5110634922969717
2158,-0.6592683182339802
2159,0.1434462280221993
2160,0.18007777213898762
2161,0.625113768829566
2162,-0.4495175837398626
2163,0.18007777213898762
2164,-0.29892587885955435
