,pve
0,-0.022134710883932096
1,-0.026029884251476454
2,-0.09226971568981668
3,-0.041207454605539984
4,0.09618314031543718
5,0.05806252975417148
6,-0.3864285353164867
7,0.0707516767206735
8,0.004382309900292425
9,0.023548644639978855
10,0.072300419636398
11,0.09348109501399793
12,0.02335168024274137
13,-0.2654339684680772
14,0.007919509077601777
15,-0.013469401547122506
16,0.019178547488036157
17,-0.09027261171735756
18,0.07003277339523784
19,-0.015580242937835442
20,0.018770804207969838
21,-0.04885113481607967
22,-0.03317053388469704
23,0.043633947719828314
24,0.06669708403808672
25,-0.04810304167895618
26,-0.1437569646935355
27,0.005858172506371412
28,0.05277606711918148
29,-0.06755375918169604
30,0.008476759001843859
31,-0.058930730648654894
32,0.0073849562682682945
33,-0.03447146271120316
34,-0.05298882423318596
35,0.04825462151185539
36,-0.06864006549773238
37,0.004692552733932265
38,-0.006136499893873881
39,-0.035200200106854596
40,-0.15176447991571362
41,-0.019157198141154685
42,0.0342912823047784
43,-0.02316662687556903
44,-0.023136717076227553
45,0.02753624627558071
46,0.08409837819174071
47,-0.02300049606917448
48,0.01923671377715186
49,-0.000680365550376788
50,-0.038351438176020936
51,0.002666690671217886
52,-0.17298761112340677
53,-0.026979383065592444
54,0.177763415325767
55,0.08177339865951844
56,0.014727456489100788
57,0.009213711899007104
58,0.1352098662501827
59,0.011288972416078291
60,0.04492270327933767
61,0.03342653891947023
62,-0.02154962143655037
63,0.02292030874556461
64,-0.00027105410772532146
65,-0.003973617618408393
66,0.016169104739162388
67,-0.02910765091410905
68,-0.023395587056881773
69,-0.02389576861656284
70,0.02943543674626148
71,0.05873651496121379
72,-0.2479670539725558
73,0.06255182111345425
74,-0.021077896297632903
75,-0.009733523262136501
76,-0.026331371548247273
77,-0.023291656366073443
78,0.022599634746972852
79,0.01962747375240448
80,0.048389127258597564
81,0.08720392495797946
82,0.02606642290647626
83,-0.012855640076199992
84,-0.0566361424232652
85,-0.08867042910594525
86,0.03223100100257359
87,0.01016864414026758
88,0.02796364258045625
89,0.08486045596161751
90,-0.0498313828598651
91,0.10606222494848738
92,-0.01810993051619625
93,0.029847093723421148
94,0.045521916843673016
95,0.016724565872462183
96,0.06675188180145408
97,-0.008683145739425857
98,-0.04419457441232233
99,0.05873651496121379
100,0.024831814361226612
101,-0.09512959074219429
102,-0.10813607552676985
103,0.00697973856859746
104,0.022091627735916414
105,0.04294884012885636
106,-0.15436053942125116
107,0.03511194508774301
108,0.02706389049412472
109,0.08731400894760122
110,-0.0567202449737928
111,0.004649139245424538
112,-0.007522930713277143
113,0.014856014538752613
114,0.013286857037771549
115,-0.026691710349300513
116,0.059598564169002693
117,0.007131735413635543
118,0.12997071027860008
119,-0.29019433797804206
120,-0.018823137942480528
121,-0.01864466182610236
122,-0.02859913508461215
123,-0.022511563822256164
124,0.008435353155355929
125,0.08723066587749867
126,0.11703588858811265
127,-0.044284878089712765
128,-0.06940188297170347
129,-0.7565970540300134
130,0.11427993146316928
131,0.1898797741624303
132,-0.0045543948352901875
133,0.02793546492555643
134,-0.09703389177459898
135,0.0018284119358235318
136,0.011723421179396731
137,-0.000473201379758037
138,0.00026781437451695034
139,0.07216081608983116
140,0.15846446168797823
141,0.06999655081645917
142,0.044424285719107504
143,0.027490698175947847
144,-0.023530170097350367
145,0.06921140584582108
146,0.12837305122586218
147,-0.14082617780321582
148,-0.038573630004984594
149,-0.060041647023255984
150,0.03776791049212902
151,0.09348109501399793
152,-0.057658097988103396
153,0.12513246152159896
154,0.10097089509220591
155,-0.028529619811684448
156,0.02822113746172006
157,-0.048839966269583535
158,0.0011064467672062817
159,0.11658373892720753
160,0.03740522993789791
161,0.02335168024274137
162,0.004927660706837145
163,-0.01971599626102749
164,-0.01686789263977717
165,-0.016041619509223892
166,-0.0566167530713797
167,-0.05632321954816144
168,-0.010396764428615035
169,0.058711270480783506
170,0.0979169963140013
171,0.08564796076521103
172,-0.10968319483350908
173,0.08501901161289477
174,0.05412755521793006
175,-0.20796884787448788
176,-0.10762651748330043
177,0.02312953613947233
178,0.03657997119619183
179,-0.05939175562048771
180,0.020128501523434705
181,0.026242969674564187
182,0.07710605397385384
183,0.04504947421056277
184,-0.0011469737850387518
185,0.06524060017822575
186,0.028383830749375505
187,0.05548003552624059
188,-0.07827159735498324
189,-0.03972368897027939
190,0.06661648582125201
191,-0.01247367019168133
192,0.07428214210293671
193,0.1756329070743612
194,-0.08794384358981677
195,0.08196285251365742
196,-0.0428763979213167
197,0.03512276145873994
198,0.004144836309447841
199,-0.04673623098866381
200,-0.013873541337961481
201,-0.007976396361468352
202,-0.12796648519652365
203,-0.02925940481674494
204,-0.048108537679055596
205,0.005351199367396586
206,-0.014501796877572137
207,-0.022915933321442816
208,-0.008995989080595873
209,0.09460911042332887
210,0.03797333533507652
211,0.009905644603105945
212,0.017087807015144285
213,0.0933038562696713
214,-0.007375756921937593
215,-0.058197972946054
216,-0.000771141709318468
217,0.11766450254080335
218,0.14358689337484448
219,-0.025127834077790734
220,0.0952003809364152
221,0.08992571885475398
222,0.05468491417738014
223,-0.020950443555516673
224,-0.040681491202256614
225,0.07008232911745765
226,0.07572868938691468
227,0.0073849562682682945
228,-0.004481596636888963
229,0.06931903816191298
230,0.00431217076005197
231,-0.06403573091165293
232,0.01928811349752868
233,0.10264169079996932
234,-0.017703084083354942
235,0.013159278966029309
236,0.008704835285150037
237,-0.14077307914282255
238,0.0399658514430582
239,0.014917844397783098
240,-0.0024772712962133348
241,-0.08760732935633064
242,-0.012316325987220433
243,-0.03621997398678034
244,0.08466303933442598
245,-0.1427544676866439
246,-0.11168113113930755
247,0.01850645433761497
248,-0.03104776123173658
249,-0.046852056787906826
250,0.01886573605368791
251,-0.10881515901775995
252,0.013081700548635444
253,-0.11297178028040755
254,0.004778468410785608
255,0.001278337015519937
256,-0.10846969028445297
257,0.1902883611677877
258,-0.10978282906385595
259,0.012793805980118478
260,-0.016472084885242988
261,-0.03276407854110047
262,0.10750444765411371
263,0.03215576442451262
264,0.01758218953232915
265,-0.004359136154067356
266,-0.04577728741304371
267,-0.06462037648487717
268,0.18007807707541235
269,0.010567836416874532
270,-0.10978282906385595
271,-0.11131265675048452
272,-0.013434574719103254
273,0.033867459895574326
274,0.17103689261431954
275,0.05917149075559658
276,0.003626656533102457
277,0.12621087252387841
278,0.001457714770323637
279,0.012509272116248249
280,-0.1455475521605193
281,-0.12634371321394466
282,-0.025836740151254478
283,-0.35389396143903806
284,-0.0061409888448964445
285,-0.018300796903338468
286,-0.0018200906622184432
287,-0.05315972561178739
288,-0.018261601886228662
289,0.12792935414857143
290,0.013834730048313815
291,0.0060990374343937725
292,0.047052164709626615
293,-0.061905786953549535
294,0.1711063948805075
295,0.031812011114551786
296,-0.16751459690633697
297,-0.002693647323751547
298,-0.0031832722905085764
299,-0.044594090444942724
300,0.376674115618371
301,0.1188647712080324
302,-0.024136723301812088
303,-0.07163118552443859
304,-0.007086692134540384
305,-0.03109848159635309
306,0.018857768449220297
307,0.03304512555930589
308,0.006669039519747483
309,0.13164364904480974
310,-0.017462874354740254
311,0.035440874456535654
312,0.03254771449508126
313,0.04419563719265948
314,0.00097836691052966
315,-0.004735133951172088
316,0.016268940047716618
317,0.06427475109168224
318,0.007941711263736995
319,0.0018876133643891957
320,0.040936808540052994
321,0.055664039239176955
322,-0.02491481447531496
323,-0.10767989309227999
324,-0.12764632398570963
325,-0.005807847887926987
326,0.01682660200887076
327,-0.03483882397594562
328,-0.0031832722905085764
329,-0.15081739631110547
330,0.13738295345309715
331,-0.11591614714994336
332,0.02206688195701023
333,-0.017210656141407488
334,0.08121541590884362
335,-0.02648205839466733
336,-0.06529601137361174
337,0.02018850306785447
338,0.1300237388546014
339,-0.0034220546037015964
340,-0.2807169480927967
341,0.028770446340337097
342,0.013062702353021038
343,0.010784833002907113
344,-0.001730385767800935
345,0.06726185526260792
346,-0.07275241088207807
347,0.02446729227755129
348,0.037263998527292175
349,0.01789353885288225
350,0.0786650076296147
351,0.08723066587749867
352,0.04134260348494956
353,-0.025323918791147926
354,-0.021798884211395086
355,-0.10661349643496032
356,-0.0013549301449680695
357,-0.018316808840404486
358,-0.020052453591348024
359,-0.030852981075727592
360,-0.34743283067477504
361,0.0029675123922052737
362,0.020946606033551224
363,-0.059357590357135614
364,0.127475185163202
365,-0.032654649785807566
366,0.1466273171635516
367,-0.21769801302756298
368,0.018859577593709043
369,-0.002958430359810693
370,0.03963266780967123
371,0.13840162198667905
372,0.004409207571615004
373,-0.09303373901084888
374,-0.01729098401050977
375,0.037607858909777914
376,-0.06971613649376551
377,0.032003213103989736
378,-0.012096337096467402
379,-0.001904151276240662
380,0.018686115619713478
381,-0.0062452928924304485
382,-0.04934379554110807
383,0.029264992289131653
384,0.1745488381772764
385,-0.006097317210415065
386,-0.017629642417525626
387,-0.12816543156880855
388,-0.05170022603939922
389,-0.029782282838666796
390,-0.03874414619778355
391,0.06534444831395547
392,0.09223345223759444
393,-0.0317520191191899
394,0.0008264096095751405
395,-0.0628165415191414
396,0.016279872403774542
397,0.03901469525182555
398,0.04207297951851996
399,0.03676629420935967
400,-0.019882148395036325
401,-0.07693483770542375
402,-0.016861236639373223
403,0.03169048260859364
404,0.22754576011115457
405,0.026435990121112973
406,-0.03062942237657562
407,-0.009960627691182111
408,0.01379454546344433
409,-0.01955355542802789
410,-0.013105850978760741
411,0.06274821467946179
412,0.08891108044380486
413,0.049917408988166656
414,0.0051655706882862695
415,-0.01765805086659411
416,0.0015465384220722522
417,-0.10063390450775844
418,0.09822831425202938
419,-0.02751058612200119
420,0.08224608826649848
421,0.019072976017060705
422,0.06960327362184038
423,0.043747135570276874
424,0.006018894430013799
425,-0.048139134624775703
426,0.17130755944287768
427,-0.06415819807552148
428,-0.09446542675529779
429,-0.041326430029374195
430,0.002674641717222759
431,-0.05971333160987358
432,0.021320696501610115
433,-0.22253828600739634
434,-0.22472257922073124
435,-0.15249269668454746
436,-0.00788330466348508
437,0.01929278122368039
438,0.06193275216519223
439,0.015824702047348316
440,0.023233720779514466
441,-0.04955244203746734
442,-0.005448513489176743
443,-0.03213363401161806
444,-0.012056592464490867
445,0.040027748557971754
446,0.021089098882057955
447,-0.015379592767481132
448,0.06992108107944472
449,-0.05718828618554894
450,-0.01923975737701411
451,0.014957007151366664
452,0.01143328331330129
453,0.03935691818370601
454,0.013633124292780657
455,0.023134758900571484
456,0.008910861826039063
457,0.010537401327237461
458,0.1354015503135425
459,-0.06375688642803706
460,-0.006742725474075839
461,-0.08457085368085204
462,0.0016703228894886513
463,0.00493917664136001
464,0.020920400741636147
465,0.029084416631899868
466,-0.014054993017266426
467,-0.024033183370049893
468,0.05721044894376226
469,0.01505576187191826
470,-0.06251242248630318
471,-0.029908603334356076
472,-0.03359820096284827
473,0.028383830749375505
474,-0.020457181929538937
475,-0.0027163719696396416
476,-0.030159864628117705
477,-0.1499090567612067
478,-0.08833862526283198
479,-0.26301479383197157
480,0.2736016768759455
481,-0.013601164301001556
482,-0.033940058306102805
483,0.03550981968882938
484,-0.06591083616920934
485,-0.11140602935112454
486,-0.05976196389503646
487,0.004515635671631768
488,0.009374971616290584
489,-0.033844330746086504
490,-0.015008214906773176
491,0.07344398341180147
492,-0.09593514366704514
493,0.06689870404606324
494,0.08806807161906466
495,0.02264385631483057
496,-0.034465675715007915
497,0.011540090175067574
498,-0.05319519522014604
499,0.14193134251765926
500,0.010227360882583025
501,-0.33824827884544556
502,0.12039217218221299
503,-0.3416952751260196
504,0.0032978901745495115
505,-0.0017917930084164757
506,0.06029713522133279
507,0.18473480458897273
508,-0.0242455157170387
509,-0.0247996673984624
510,0.012446645919865162
511,0.03727232248177231
512,0.003222981060069241
513,-0.027817499257476563
514,0.012208590766882799
515,-0.051033946023625654
516,0.010294496275888076
517,0.07976366048807548
518,0.042963304896541155
519,-0.056357529853451105
520,-0.0033955010904764826
521,0.0011064467672062817
522,0.09507490756610704
523,0.01904286400721128
524,-0.073929850030937
525,-0.05698621499322443
526,-0.00793887361078649
527,-0.10953001929344452
528,-0.12093822768136853
529,-0.0628832519970165
530,0.010191974067080056
531,0.13127239663307477
532,0.07067484448539896
533,0.029041258825323046
534,-0.005863017725924902
535,-0.11636111820377004
536,0.018482508082444227
537,-0.029160390676173487
538,-0.025196983925378835
539,0.18827023871187476
540,0.03769123573398975
541,0.030687249409194095
542,0.15933325375438856
543,-0.0003512235856780732
544,-0.007686900292597165
545,-0.012096337096467402
546,0.002409116489197949
547,-0.00577789447263044
548,-0.013171613190677639
549,0.0051208581036878975
550,0.17500497051281283
551,0.06100650642693295
552,-0.019513086409920666
553,-0.04378931159014643
554,0.007155794563614565
555,0.10442917791525197
556,-0.028785272461129163
557,-0.06158171259912826
558,-0.025487679077905723
559,-0.04514320924366583
560,0.011589877409663996
561,-0.024292854214963855
562,0.024935832899383836
563,0.0340080436826079
564,-0.001962102841047697
565,0.14400121682973277
566,-0.011082134527255594
567,-0.010479925101635645
568,0.14369274862757453
569,0.04173147181366299
570,0.012837970049673436
571,-0.022889927083023176
572,0.01990460501994276
573,-0.08425105670608135
574,0.00718810243403023
575,0.14917319767743042
576,-0.006213128974388166
577,-0.08343493706835259
578,-0.07868986310295617
579,-0.00011988382061911551
580,0.06194007437355564
581,0.16580692966992183
582,0.0701272142365944
583,-0.0024241152414638534
584,-0.3219791976299139
585,-0.14552639806301637
586,0.0008259893635953475
587,0.038117757196420965
588,0.005588720538246328
589,-7.399738887370333e-05
590,0.028929319020970568
591,0.18391564027390062
592,-0.13317435300143188
593,0.0352175457535257
594,-0.15314420428189335
595,0.09706912921901745
596,0.015236998528897261
597,-0.0055965069888399555
598,0.0673101475529948
599,0.1079671080125768
600,-0.10011463413975896
601,0.06331778053146864
602,0.21322753086812152
603,-0.016690728105468233
604,0.006978808535567538
605,-0.017566093267892546
606,0.029084416631899868
607,0.06975760535468034
608,0.12268496712192856
609,0.008197074615427846
610,-0.015029351861154616
611,0.007160157852321103
612,-0.051844844013201885
613,-0.010353477658134547
614,-0.10742254662758732
615,-0.03136933780276052
616,0.018202392378297155
617,-0.07880346875784139
618,-0.06468421243087308
619,0.16558689922770675
620,-0.2833952738603114
621,0.03727232248177231
622,0.06477556588047872
623,-0.01188548593141403
624,-0.06197870881243084
625,-0.017413435581249526
626,-0.024658274094656818
627,0.0052179255619431986
628,0.01897085138775545
629,-0.013218969575387152
630,0.04681303247590307
631,-0.01621604821707401
632,0.02192202676579491
633,0.010435786035398853
634,0.008167392298263354
635,0.09506841326707449
636,-0.009857196697945048
637,0.21905677464323003
638,0.011119826349499595
639,-0.04446751112788683
640,-0.030771741653696727
641,0.14855855381714667
642,0.09163114771162029
643,-0.06451313830588434
644,0.1211643804278934
645,0.004965530984196387
646,0.01011107030698144
647,0.12150143780160721
648,0.01685131593836331
649,-0.10599649372547493
650,-0.09177164403179627
651,0.01102116336408146
652,0.019335543896047303
653,-0.06216146558754565
654,-0.11168113113930755
655,0.03538293108989249
656,0.013825182375240497
657,0.01972901651061007
658,-0.006927992498376612
659,-0.0009166781821488001
660,0.09618314031543718
661,0.003626656533102457
662,0.024483228467280668
663,0.0979169963140013
664,0.016675228100778233
665,0.06653890639477489
666,0.07233787300563876
667,0.0655707487966724
668,0.02422901672919342
669,0.029080758622700043
670,0.026999471553720233
671,-0.014009426190338306
672,0.04281695922763151
673,0.024054447961812053
674,-0.005743888332123359
675,0.11627031127641008
676,0.042994957314143156
677,-0.07253893226099783
678,0.011704447462829282
679,0.1076050012320269
680,0.009303646089374285
681,-0.12816543156880855
682,0.06072423397269944
683,0.015182773864308663
684,0.04414818936263876
685,0.10898919376929295
686,-0.09667707643284623
687,-0.11271767590355519
688,-0.2668064756931189
689,0.03216103394636849
690,-0.1251634348683348
691,-0.045053044667398234
692,0.054416042364943185
693,-0.050988077317711156
694,0.034010230515399364
695,0.005759032674631143
696,-0.007065884520917387
697,0.06676555508221571
698,0.17794173230442123
699,0.022370399184892586
700,0.08899123404293674
701,0.017051852530345357
702,0.0627579049236226
703,0.08163008138444516
704,-0.011946655869003453
705,0.333260888790183
706,-0.02761588589142505
707,0.030674530321153637
708,-0.05074838723568009
709,0.06744719870426696
710,-0.0007066459101275901
711,-0.0029839749698687967
712,-0.03991288948093297
713,0.01804698099073937
714,0.16116192463762302
715,0.042159414092426906
716,-0.06262916460763435
717,0.0264848343398858
718,-0.013755713813824733
719,0.027449521585145853
720,-0.008062345234747081
721,-0.008785192622723925
722,-0.008689899627290498
723,0.0036800917858221815
724,-0.059168870503699955
725,-0.014130079181845723
726,0.08237198870946272
727,-0.015821431640183126
728,-0.04975622546898384
729,0.026207870696952462
730,0.11394354951165678
731,0.13088006510210437
732,0.02561797944166533
733,0.004144836309447841
734,-0.03351940290927957
735,0.008012044056328604
736,-0.09298792289518604
737,0.03326121419029093
738,-0.007427082197711488
739,0.00389651839413907
740,-0.0034220546037015964
741,-0.01955524027378952
742,-0.01266466629967855
743,0.013834730048313815
744,-0.17053785631933982
745,0.13001654807597574
746,-0.0064037371350808
747,-0.12262443041463261
748,0.017216762655342333
749,0.007963549040858608
750,0.03047610573578352
751,0.009068152100959015
752,0.0964800718883414
753,-0.08493570158991959
754,0.01339851511748913
755,-0.012892516944224608
756,-0.04747289960325962
757,0.010198670050071357
758,0.04860397015190715
759,0.07078875847649013
760,0.027573568349266164
761,0.00949892841655442
762,-0.0741065720772518
763,-0.05731652051774644
764,-0.00408060148606465
765,0.11082893742441757
766,0.01309756981129917
767,-0.04717674054390675
768,0.07857208073216962
769,-0.014672924152328959
770,-0.08707038744762396
771,-0.0005616780717142555
772,0.11018894545675767
773,-0.025136199076293386
774,-0.012316325987220433
775,-0.013657602587055728
776,0.009156321968854075
777,-0.015279246661090873
778,0.014283960948843766
779,0.023544177486472084
780,-0.03966580359511929
781,-0.014869323500277254
782,0.0002587300547209903
783,0.051633702853621566
784,-0.18557796838722096
785,-0.05714565019169937
786,0.07590078338015688
787,-0.04761721259071161
788,0.03130433354245765
789,0.010300972563817984
790,-0.0738935868360473
791,-0.005729917328861744
792,0.03678544593510774
793,-0.017282241034066947
794,-0.1420660361835171
795,0.002421237889121075
796,-0.25074459504159097
797,0.08061611211718689
798,0.03515172124656624
799,0.036241528546103574
800,-0.11394206474715551
801,0.06437903607192275
802,-0.09221082145642134
803,0.02927170471007834
804,-0.022722496238947953
805,-0.04644242242647545
806,0.03488106005702224
807,0.061298424816745634
808,-0.3972972814101764
809,0.03708457634637452
810,0.0832362851759203
811,-0.03334245768111943
812,-0.022715954289055817
813,0.06247316833552763
814,-0.009706034345298764
815,-0.007120108921864099
816,0.06211128215922468
817,-0.050249386767166615
818,-0.004728085292736273
819,0.015900538287791033
820,0.16085829065845347
821,0.02109072692394165
822,-0.010769289901362167
823,0.00699709505272611
824,-0.04465946940021809
825,-0.10978282906385595
826,-0.01471851532983326
827,0.09266939961121168
828,0.0032655796748629617
829,0.05596256474974787
830,0.06553670711091941
831,0.043961741289432005
832,-0.023293066688393704
833,0.14270446703664597
834,0.1619177636792155
835,-0.04497610260701157
836,-0.04998253355569382
837,0.07127902214319604
838,0.028760234830039755
839,0.09091475362671231
840,0.006868133632789042
841,0.08852655491685746
842,-0.07018831066729936
843,-0.0028454303347432153
844,0.006251516682557051
845,-0.022657818063775037
846,0.04669053762889208
847,0.005960331815407449
848,0.06745270331354741
849,-0.050423519929739924
850,-0.0612207452054393
851,0.17794173230442123
852,-0.22666344399784477
853,-0.03442472679542519
854,0.026397734698245356
855,0.02806233384243695
856,-0.024691570151536113
857,0.018184725259128606
858,0.10533960486929317
859,-0.11513543214750044
860,-0.010808143972454554
861,-0.14126908389279458
862,-0.0009560673837909484
863,0.002163164472819279
864,0.013049343739004904
865,0.005216333389339911
866,-0.09673765542197316
867,-0.1388467313853956
868,0.035892209844071155
869,0.05577901869051599
870,0.004203704123255325
871,0.0007125903769868991
872,-0.048365149709863275
873,0.009056656839231292
874,-0.018708860331620447
875,0.034015952068612965
876,-0.14153240287141788
877,0.07219522971728853
878,0.09233492477544292
879,-0.030816993650663815
880,-0.14454043873647504
881,0.16132841742298554
882,-0.024510975370254595
883,0.12300860252029677
884,0.0032655796748629617
885,0.04259272701628536
886,-0.14468529705855526
887,0.08287128870120575
888,-0.01643241871101342
889,-0.041018746898237146
890,0.03941999982222166
891,0.052487825924288356
892,-0.010606411667418048
893,0.06017813416580012
894,0.0011064467672062817
895,-0.006626878111800627
896,0.004649139245424538
897,-0.11335375024821104
898,0.005434539979810804
899,0.004000817303727255
900,-0.0942221104833077
901,-0.09315625825711826
902,-0.05769972055775041
903,0.0033334437146463336
904,0.031098523620483987
905,-0.31741929741061115
906,0.029912940524724208
907,0.03294876782135525
908,0.07802463025874384
909,-0.03634494378343944
910,0.0922810772270497
911,0.03802133650682388
912,-0.06419654050977786
913,0.11919806260242044
914,0.040158031514367754
915,-0.3484359117567539
916,-0.03931748580030081
917,-0.030603388594384384
918,-0.0005958508083871994
919,0.14284550771105903
920,0.07976424575642344
921,0.0032047599702716423
922,-0.015274685296878587
923,-0.029481731504607422
924,-0.04654458808198925
925,0.0019052277238881254
926,-0.019558439244762305
927,0.029142485559447873
928,-0.07709977624491549
929,0.1198817310274507
930,-0.1434010638298433
931,0.0013637856747376054
932,0.03225582856262066
933,-0.09421261379832169
934,0.006065408198989375
935,-0.008915137812936236
936,0.0003701648924240297
937,0.026734417505916243
938,-0.021993315982827943
939,0.05877295923112602
940,-0.14454043873647504
941,0.01373747140785031
942,0.04985789505715632
943,0.03973539312842317
944,-0.0026616105049430683
945,0.09813117107525193
946,-0.12875164454964128
947,-0.1313145412742801
948,-0.17060284404690718
949,0.0045370104734880345
950,0.0647218884719249
951,-0.09672000208061138
952,-0.008743147653818562
953,-0.03136297125812376
954,-0.017610302482192586
955,-0.021685484002150313
956,0.03251659245041946
957,0.0656135176999525
958,-0.03152252577261777
959,-0.06887598759980879
960,-0.379111121096091
961,-0.0020876725981747724
962,-0.05748454440346257
963,0.018822826892617273
964,-0.01460335478680791
965,-0.011363033318872895
966,-0.07758749119097985
967,0.011468549356634994
968,-0.023113505533245093
969,0.01642077310796175
970,0.04465216846923567
971,0.019111087869079002
972,0.02411548572646005
973,0.25270068174283483
974,0.00952802465485239
975,0.05547044076364144
976,-0.10074771973292784
977,-0.020401829287948037
978,-0.0983642536321514
979,0.020139048807075954
980,-0.05511178175483672
981,0.09901388702594371
982,0.024345954666119995
983,-0.20049423613731232
984,-0.02786869181397611
985,0.008403967416840574
986,0.09878259630074793
987,-0.13055321590717817
988,-0.09221082145642134
989,-0.008504962436291619
990,-0.10857991534755873
991,-0.20494375041870883
992,0.007160157852321103
993,0.07810303193879392
994,-0.006620865442732438
995,-0.04034100505948879
996,0.0211711304474973
997,-0.011116610567783902
998,-0.08434607079582068
999,-0.01986429461295869
1000,0.08785497622840444
1001,-0.06299839942301644
1002,0.007601103420188299
1003,-0.04313741771505819
1004,0.05028802801531951
1005,0.09820366578451911
1006,0.01004857692926922
1007,0.029973961919209702
1008,-0.01352543563376174
1009,-0.012247617513635678
1010,0.03756349903301137
1011,-0.15832526243180545
1012,0.02190799348702177
1013,-0.061935028630135114
1014,0.07561468392639481
1015,-0.003948072334295172
1016,-0.19552689895312958
1017,0.020321550231267027
1018,0.09512238708120868
1019,0.06884080210004706
1020,0.005681696488700816
1021,0.04266009587400754
1022,-0.0770288942103734
1023,0.38536146502193513
1024,0.013029677134303391
1025,-0.015251478432262544
1026,-0.1334227419488775
1027,0.05872436434757011
1028,0.03488106005702224
1029,-0.02491481447531496
1030,0.0020898915502924886
1031,0.010193415024402241
1032,0.014865577170563915
1033,-0.019188221632144953
1034,0.03875423232379016
1035,-0.06572908478542794
1036,0.16197206093567237
1037,0.0910137015824104
1038,0.06641377384626024
1039,-0.021663503858247557
1040,0.03114432090937269
1041,0.07035589756380423
1042,0.07986315896412244
1043,-0.11778488884547311
1044,-0.04805005332271728
1045,-0.0540589843967908
1046,0.0038929852341320625
1047,-0.030577021073554977
1048,0.009784554140871982
1049,0.007155794563614565
1050,0.13156753094178875
1051,-0.01923975737701411
1052,-0.010094515469594723
1053,-0.046852056787906826
1054,0.02236465875580257
1055,0.006361161754534189
1056,-0.011342155688670086
1057,0.013162333510807644
1058,0.07745007494787964
1059,-0.050328780718276955
1060,-0.009597931853120634
1061,0.09890593093615985
1062,0.057955688205309275
1063,0.021025927747898077
1064,0.03243625945747941
1065,-0.0043938461665360695
1066,0.08295350232596005
1067,-0.017265129815692615
1068,0.03643819044526625
1069,-0.012928155333851166
1070,0.010129415617651238
1071,-0.011377151528266793
1072,-0.012273403587773846
1073,-0.0038036865248005647
1074,0.00011861031342083606
1075,0.034393215209649775
1076,0.16667482860140226
1077,-0.019017096343451168
1078,-0.2719482984039028
1079,-0.04113859733136749
1080,-0.060193854398903734
1081,0.2963727776041152
1082,0.004873201847863995
1083,-0.007086692134540384
1084,0.006134323354054755
1085,-0.047805606215898244
1086,0.08215628239511041
1087,0.012482230833647134
1088,-0.06601073706917171
1089,-0.07667485686971554
1090,-0.0076690305124129665
1091,0.007160157852321103
1092,0.0834948950127844
1093,0.12965839558889236
1094,0.0629004675754199
1095,0.004600797869964701
1096,-0.008023567899389461
1097,-0.019626118459540043
1098,0.035264768648808065
1099,0.0035555825813556874
1100,0.06010460002383983
1101,-0.016807831060111633
1102,0.10728660420207548
1103,0.010702199905103349
1104,0.010416423833289667
1105,-0.034015139755898094
1106,-0.05453206042627423
1107,0.031351359694526515
1108,0.05658099306378017
1109,0.031953647893096626
1110,-0.07410494228129338
1111,0.13944537825117154
1112,0.08890235497423388
1113,-0.08635742943453373
1114,0.1792380357810004
1115,0.021473565050233567
1116,0.025850509012803224
1117,-0.10093000199792779
1118,0.05583834956948397
1119,-0.13066669444787293
1120,0.02039080566757473
1121,-0.0026989460579364133
1122,0.02786428863871404
1123,0.07488765691913679
1124,-0.016836000556786357
1125,0.021126144670042812
1126,-0.13848862858556954
1127,0.09296109069778191
1128,0.046495208390234855
1129,0.09522573708781085
1130,0.08588017131350623
1131,-0.010270795509695008
1132,-0.06203753268463641
1133,-0.0439708966118002
1134,-0.02491481447531496
1135,0.08677741805585526
1136,0.1518543519479098
1137,0.040522180897809956
1138,0.001399859556708738
1139,-0.0105289983229499
1140,0.034078774180403726
1141,0.039888769293711324
1142,-0.011584873899218584
1143,-0.0016904451186778857
1144,-0.08765477833833929
1145,0.13890933101201453
1146,-0.022234855799587505
1147,-0.022505725354296624
1148,-0.02070425064265846
1149,-0.06523433950130808
1150,0.01889485013839387
1151,-0.02561269896290369
1152,-0.06747725332574506
1153,-0.052889042741176895
1154,-0.20094073549875469
1155,-0.0665817407113738
1156,0.0939633284791338
1157,-0.24397073909286593
1158,0.09754886891029502
1159,0.009064721027316008
1160,-0.09593514366704514
1161,-0.019626118459540043
1162,0.018219541467120876
1163,-0.02184548475221504
1164,-0.0072632512094326085
1165,-0.0596216879214182
1166,0.06188912755347842
1167,-0.21648758325517892
1168,0.07558795297465781
1169,-0.3413310169944952
1170,0.01354512096993915
1171,0.06771150225737221
1172,-0.04884627680853493
1173,0.030330037210806404
1174,0.15610514709640289
1175,-0.0042872955702988325
1176,0.12178588578230187
1177,0.018257853606947316
1178,-0.14552639806301637
1179,-0.03323447783618083
1180,0.03619086381065151
1181,-0.25927539864280824
1182,-0.10011463413975896
1183,-0.002781360990840309
1184,0.03717624639599709
1185,-0.07898403850834734
1186,0.12393234328116187
1187,-0.11181795614314338
1188,-0.019055936427592846
1189,-0.00943047639018535
1190,0.15884465759949906
1191,-9.161150170705623e-05
1192,-0.09580085694574558
1193,0.04202224637420926
1194,0.01825980014063866
1195,-0.03800073496038492
1196,-0.009563802122507736
1197,-0.02245548981437656
1198,0.0396026580425517
1199,0.005960331815407449
1200,0.013438098261980391
1201,-0.05718828618554894
1202,0.17794173230442123
1203,-0.15081739631110547
1204,0.13001636410652528
1205,0.08501901161289477
1206,-0.08725427661740603
1207,-0.03952279411976345
1208,0.017974505731783136
1209,0.0350892920931844
1210,-0.01961338964471393
1211,0.03940515361713043
1212,0.1493028632446598
1213,0.07611788622306004
1214,0.020968010402064086
1215,-0.04844279656489878
1216,-0.060880798795723834
1217,0.07126446690605731
1218,0.06635933952904188
1219,-0.10799239700925944
1220,-0.10975331653036091
1221,0.09961527265600312
1222,0.004830151746309297
1223,0.12302747727531416
1224,-0.008599105126272655
1225,-0.1301414224033126
1226,-0.03842184487416134
1227,-0.055892749410474396
1228,-0.04741376892863658
1229,0.048667489573848643
1230,-0.056294007548971126
1231,-0.023502215615388455
1232,-0.0027775912270224037
1233,-0.026482222976902947
1234,0.053027633758298
1235,-0.005749634341458032
1236,-0.011129497506516373
1237,-0.12961638382750174
1238,0.0033999964313689013
1239,-0.001111159651040583
1240,0.0833555947344915
1241,0.015460180329380457
1242,0.24197694849898294
1243,0.020044278632225132
1244,0.16099200616216647
1245,-0.13822717905898285
1246,-0.02597353568598393
1247,-0.007629426441728204
1248,-0.004230679156782213
1249,-0.01512536104047596
1250,0.08072067700491015
1251,-0.013024336107342549
1252,0.01970859688959553
1253,0.0242338476991244
1254,0.013918313606148813
1255,-0.019871963534532133
1256,-0.07696899301758564
1257,0.13981798831126602
1258,-0.03130086992859593
1259,0.0007893884505904003
1260,-0.030944946430387255
1261,0.000757373093434377
1262,0.07958989702476138
1263,0.0823639539470018
1264,0.013679479494918073
1265,-0.0005911872993448197
1266,0.013918313606148813
1267,0.07621445579491792
1268,-0.05601875570253678
1269,-0.046919465879960875
1270,0.1831020247599554
1271,0.012058281846793084
1272,0.14011723046452484
1273,0.04527333447374482
1274,0.05855887709955787
1275,0.12922624374982983
1276,-0.0005616780717142555
1277,0.04302728995405333
1278,-0.009380337115199588
1279,-0.22102042225080099
1280,-0.014115590493792296
1281,0.02627288066753497
1282,-0.06299839942301644
1283,-0.010513233860735882
1284,-0.07288600494820158
1285,0.09449480953549849
1286,0.049248611431852996
1287,0.01109829271719276
1288,-0.3613915515071128
1289,-0.008152500485058223
1290,-0.06672718926692628
1291,-0.08462283508471535
1292,-0.043356968934867846
1293,0.005301241784379851
1294,-0.01897228984128796
1295,-0.29288934075972817
1296,-0.0138876029782945
1297,0.03598147356524445
1298,-0.007846374866297912
1299,-0.08936261850004534
1300,0.09618314031543718
1301,0.012260573979253897
1302,-0.09640678633547162
1303,0.1228707031054232
1304,-0.011364552879138845
1305,-0.17674654679965718
1306,-0.018100330829053157
1307,-0.0976407074039305
1308,0.07716861308082035
1309,0.03438495196711211
1310,0.10446193007315946
1311,-0.0800926381242188
1312,0.011642298376390636
1313,-0.12634371321394466
1314,-0.04650969741568112
1315,0.14335930738330516
1316,0.07042663103008107
1317,-0.3825006214557152
1318,-0.05543586463832162
1319,0.10100386585181079
1320,0.004830151746309297
1321,0.04788043474425219
1322,0.005861886848315567
1323,-0.094192250944239
1324,0.08864514347275598
1325,-0.1251634348683348
1326,0.043424615782223785
1327,-0.045634363779422704
1328,0.06689670549661553
1329,-0.0650395310093953
1330,0.3343567672258151
1331,0.030387098996024875
1332,-0.030213356447096662
1333,0.04686267254438936
1334,-0.030648705386025044
1335,0.02264385631483057
1336,-0.14602040463182764
1337,-0.11769691242408231
1338,-0.09425583030041573
1339,0.02786609252558453
1340,-0.09181805304067647
1341,-0.021464332090332494
1342,-0.05554903927959898
1343,0.035591406937355685
1344,-0.11232188522956876
1345,0.060909923739135896
1346,0.05356327967582908
1347,0.1683308828311585
1348,-0.15081739631110547
1349,-0.10681729111432503
1350,-0.02559460531295421
1351,-0.00175932989701158
1352,0.04160092822041017
1353,-0.007536985645884786
1354,-0.10468351646834062
1355,0.011298523501702018
1356,0.020920400741636147
1357,-0.04934379554110807
1358,0.011944691706555766
1359,-0.031545072220208636
1360,-0.018820524676894657
1361,0.0243125568424577
1362,0.004848499034260295
1363,0.0910137015824104
1364,0.1297616662560407
1365,0.008474140767962268
1366,0.012560157984649045
1367,0.011762722164427752
1368,0.01932667074519767
1369,0.019271961841292817
1370,-0.004482703266904031
1371,0.12306721970686552
1372,0.08345534411116895
1373,0.02871598509432227
1374,-0.03741782120576287
1375,0.1740762277269991
1376,0.0790895674720492
1377,0.029760577735841176
1378,0.010567836416874532
1379,-0.010288222729430974
1380,0.014538817342246158
1381,-0.05220885968774325
1382,-0.010011788479046324
1383,0.12039217218221299
1384,0.014882367605463395
1385,-0.06330748503720401
1386,-0.03942352258283233
1387,-0.0009758420300425286
1388,0.016211878726892837
1389,0.014364945257224093
1390,0.014345460991727066
1391,0.019980726995630582
1392,-0.008839607016059015
1393,-0.11335375024821104
1394,0.02954129501795605
1395,0.0824901357967881
1396,-0.09027261171735756
1397,-0.03079417228717496
1398,0.08139331352105805
1399,-0.023530170097350367
1400,-0.025309970321678588
1401,0.11432525529813775
1402,0.03511528951981113
1403,-0.06178105461084393
1404,-0.06559170953616411
1405,-0.3017525689817888
1406,-0.1961118221007332
1407,0.05805968596522387
1408,0.06255182111345425
1409,-0.07308688258904056
1410,-0.007748490286923232
1411,-0.03280674204024148
1412,0.038227700147710486
1413,0.0500328534852299
1414,0.07802463025874384
1415,0.0134793019356646
1416,0.0688299070213404
1417,-0.13442205674436902
1418,0.02333676700307802
1419,-0.008007168987181568
1420,0.028386961303085823
1421,0.007051886020509213
1422,-0.09593514366704514
1423,-0.0592218032452454
1424,0.0761555291018765
1425,-0.11271767590355519
1426,-0.25321503083139096
1427,0.12513246152159896
1428,-0.03005276423932174
1429,0.11893666940341674
1430,-0.01817716317800744
1431,-0.1217282093915002
1432,0.010302871492110177
1433,0.1427759002874533
1434,0.006470423881330678
1435,0.013090850164536982
1436,-0.1301414224033126
1437,0.012534662527418056
1438,0.06815437596569107
1439,0.14363095884152277
1440,0.06287223459989244
1441,-0.009607373294021504
1442,0.0011064467672062817
1443,0.037607858909777914
1444,-0.023382201329113728
1445,0.004455786172421594
1446,-0.028926838793326692
1447,0.00812990094783378
1448,0.008403967416840574
1449,0.10548615781279613
1450,0.033638507203138324
1451,-0.06497979449650304
1452,0.034736729518394516
1453,-0.02956669786031696
1454,0.03712654487899908
1455,-0.006291763272255335
1456,0.008311190104356103
1457,-0.01729098401050977
1458,0.004765210010854115
1459,-0.00039325211191787446
1460,-0.09280566662401712
1461,0.0006790310639028241
1462,-0.09686896097202036
1463,0.058988938067981556
1464,0.07961433182827171
1465,0.011944691706555766
1466,0.05418090115159824
1467,0.011179750435652669
1468,0.04017317345054677
1469,0.1415853648565697
1470,-0.11335375024821104
1471,-0.06355123878672908
1472,-0.008431335355656211
1473,-0.03274248512863742
1474,0.04794407111274218
1475,-0.01478964383941217
1476,0.009699938097748606
1477,0.06763849218175866
1478,0.005861886848315567
1479,0.17500497051281283
1480,0.15913228299904114
1481,0.06640876165329557
1482,0.06281303467009947
1483,-0.1494366659510043
1484,0.06998572471300657
1485,-0.012096337096467402
1486,0.04585101809409653
1487,-0.08629461561314633
1488,0.0019004884694295843
1489,-0.007086692134540384
1490,-0.07532218937207424
1491,-0.026623614186105538
1492,0.02147648238748534
1493,0.08501901161289477
1494,-0.0014781184456461594
1495,0.027938538052027617
1496,0.05433912003370939
1497,-0.4148884590179873
1498,-0.1399738781263028
1499,0.046428181323000195
1500,0.012012644515298265
1501,-0.002958430359810693
1502,-0.03484758314522929
1503,0.016675228100778233
1504,-0.0009166781821488001
1505,0.04948261674448021
1506,-0.02984468559260528
1507,0.03294837894160396
1508,-0.0816758414759714
1509,0.12031762700739068
1510,0.07976424575642344
1511,-0.01822738502932042
1512,-0.1392176812640129
1513,0.11334261029976656
1514,-0.014680991590604209
1515,-0.07156322045719715
1516,0.0671058208782982
1517,-0.01847460911333154
1518,-0.03932176854332747
1519,-0.05169353764592488
1520,0.0749305368613109
1521,0.0264848343398858
1522,0.05784704560522258
1523,-0.0915824784985797
1524,0.11293960507978995
1525,-0.005729917328861744
1526,0.10469977701471933
1527,0.04878125407149214
1528,-0.04330816817513983
1529,-0.01631306344399419
1530,0.05354903193684568
1531,0.08040981479795284
1532,-0.038768039662918086
1533,-0.018479904444453327
1534,0.007051886020509213
1535,0.026272973006948086
1536,0.02414906697684338
1537,0.04868425570049656
1538,-0.03202710932302655
1539,-0.028998606253716086
1540,0.1980512004759165
1541,-0.007056680004175697
1542,0.06653890639477489
1543,-0.010534795184204193
1544,0.01450903907138168
1545,0.023455186711167475
1546,0.024031701848414855
1547,0.07802463025874384
1548,0.09348109501399793
1549,-0.15207906287669082
1550,-0.006388782040330998
1551,0.003059094401291762
1552,0.03347869584769381
1553,-0.3758302594301096
1554,0.020823691149086554
1555,0.026113042856847887
1556,-0.04959840597858722
1557,-0.21143936088466642
1558,-0.14454043873647504
1559,-0.008154623266903804
1560,-0.1948075601472667
1561,0.03428965127620365
1562,-0.0042872955702988325
1563,0.4222516923635611
1564,-0.037861069595172214
1565,0.006107000391654349
1566,0.001278337015519937
1567,-0.009265836025771634
1568,0.03895025878442182
1569,0.022399705744230003
1570,-0.09446542675529779
1571,0.011496778780520023
1572,-0.031035811135206037
1573,0.03866711122525568
1574,0.04229245663046466
1575,0.08029041126180336
1576,0.023852615542918176
1577,-0.04437250611801735
1578,0.025175820407761118
1579,-0.01881169106281816
1580,0.06700094352796837
1581,-0.08517312784479181
1582,0.04405837036999549
1583,0.031098523620483987
1584,0.006432370673646881
1585,-0.007410192079815081
1586,-0.05639030802279715
1587,-0.033825431962601016
1588,-0.06866469982216739
1589,-0.21591952143157656
1590,0.09147975848645917
1591,-0.0030297100126298604
1592,0.034658152299125444
1593,0.02222896848030964
1594,0.023176058718960002
1595,0.011647103514441759
1596,0.013724819493825535
1597,0.008012044056328604
1598,-0.017212677227125606
1599,0.004862953651166568
1600,0.03503968734969931
1601,-0.060517492033208664
1602,0.016516303803516874
1603,0.010567836416874532
1604,0.024016795149020942
1605,0.1314595495585109
1606,-0.04614259855289021
1607,0.010294496275888076
1608,0.022844441982466046
1609,-0.002263089815170427
1610,0.04013899097636664
1611,0.00996718048844314
1612,-0.18237606063507794
1613,0.08663687349238569
1614,-0.09168071439910142
1615,-0.03525911438065921
1616,-0.07381014961217991
1617,-0.07113803355525972
1618,0.02331205433707728
1619,-0.036771839765430525
1620,-0.24309848561962233
1621,-0.06522851544950958
1622,-0.1499090567612067
1623,0.00035732934073429146
1624,-0.10380852191321477
1625,-0.09376696542202634
1626,0.27877307820677655
1627,0.045751138623913695
1628,0.07423420685862125
1629,0.001278337015519937
1630,-0.0592218032452454
1631,-0.03201910298653121
1632,-0.003061793600676599
1633,-0.11144746309026499
1634,0.057768588407733135
1635,-0.11323438274688458
1636,0.011478726236263781
1637,0.0811986750022492
1638,0.05668467230798713
1639,0.03255460166356136
1640,-0.007206362871911565
1641,0.11666882139078871
1642,-0.017242055973430426
1643,0.07654479529501634
1644,-0.024217125896119185
1645,0.013069464448020318
1646,0.16233901336233014
1647,0.0030337339738637503
1648,0.011647103514441759
1649,0.01762376674758026
1650,-0.055312487878432126
1651,0.07775277107139733
1652,-0.15690322170023352
1653,-0.01054152095616756
1654,-0.13055321590717817
1655,0.00578749929411293
1656,0.03875423232379016
1657,0.13110139840822843
1658,-0.0037168952779982334
1659,0.0766651472861476
1660,-0.09721666944920315
1661,0.05234174576284317
1662,0.041814172799617966
1663,-0.14758771369989288
1664,-0.0007533258138820997
1665,0.0511962192426163
1666,0.13025509164071636
1667,0.08168793391436124
1668,0.011478726236263781
1669,-0.15128200801108527
1670,-0.01323769974896527
1671,0.058826922082163446
1672,0.09181194126557846
1673,0.0786650076296147
1674,-0.007120108921864099
1675,-0.18707925445931028
1676,-0.10615150624143344
1677,0.002902947408760348
1678,-0.1706194456335277
1679,0.060279074066603044
1680,-0.028764800237089272
1681,-0.025323918791147926
1682,-0.12328034346651567
1683,0.010028377112199394
1684,0.0970108251517362
1685,0.07117410979656724
1686,-0.16617694019469842
1687,0.08047092637966702
1688,-0.09178620485476996
1689,-0.09711859735927098
1690,0.0035446651706783072
1691,0.06576334629566485
1692,0.005253407966716805
1693,0.008225526542092909
1694,-0.06807910495925573
1695,0.023558869042818398
1696,-0.013556718106126464
1697,-0.037214788016149525
1698,0.025228154053202556
1699,0.1300971557539219
1700,-0.002210541898355789
1701,0.06768342691073737
1702,0.0006709058394903655
1703,-0.027439377307426183
1704,0.16099200616216647
1705,0.004649139245424538
1706,-0.05922900694050154
1707,0.006470423881330678
1708,-0.026122456861723764
1709,0.07045116705189058
1710,0.02229849058275346
1711,-0.039429145048440306
1712,-0.01952227019325281
1713,0.03875557161035992
1714,-0.13452288772265275
1715,-0.2980168560993598
1716,0.03808742937535958
1717,0.03960512077296441
1718,-0.0333397664943999
1719,-0.03347078674874082
1720,0.04378649714996441
1721,0.09720744748185983
1722,-0.021077896297632903
1723,-0.0003055077426380448
1724,0.1104422395328869
1725,-0.10884052928258037
1726,-0.112473157649984
1727,0.06209220104669777
1728,0.03893876381442207
1729,-0.02856510649855648
1730,0.007455124144385761
1731,-0.14153240287141788
1732,-0.013835971035773387
1733,0.026268005426546448
1734,0.06272708306434091
1735,-0.042539280334129737
1736,-0.022501132299397764
1737,-0.14177757346745812
1738,0.03304313972400952
1739,0.013918313606148813
1740,0.02215718919402898
1741,-0.004616771497244154
1742,-0.04075302419414184
1743,-0.0743534812271105
1744,-0.05252210825546971
1745,0.016219872571430205
1746,-0.01036173621485803
1747,0.05309884401982656
1748,-0.04420422762369436
1749,-0.022271600374122347
1750,0.03512276145873994
1751,-0.03351983614061882
1752,-0.0016982014965313263
1753,0.01757252450091773
1754,-0.019197548161907663
1755,-0.009241616932279761
1756,0.1094181056467074
1757,-0.011772652926257399
1758,0.018823011708910986
1759,-0.1301414224033126
1760,-0.04339466955618421
1761,0.03454175786844904
1762,0.06039419499462284
1763,0.0728195003319585
1764,-0.02868145891182139
1765,-0.007086692134540384
1766,0.011944691706555766
1767,-0.015034361435547983
1768,-0.033230325521252047
1769,0.03998779571850308
1770,-0.4040744092733842
1771,0.056612486139051454
1772,0.08405135288668117
1773,0.025575927678199717
1774,0.013438098261980391
1775,-0.04826311616347678
1776,-0.1422178805159623
1777,-0.011946655869003453
1778,-0.14660173764944684
1779,0.0020898915502924886
1780,-0.015333114770527345
1781,0.03645533284572022
1782,0.06670277170935057
1783,-0.00609395341136354
1784,0.07325006816984381
1785,-0.006449703857154598
1786,0.007550589758551274
1787,0.04845564888658904
1788,0.007054406969130289
1789,0.018686115619713478
1790,0.11761549396709475
1791,-0.00660540750847205
1792,-0.10653630697713429
1793,-0.10910548030048628
1794,0.043504782028978894
1795,-0.009852060680716646
1796,-0.019378624322513915
1797,-0.07215399091635244
1798,0.005108696926098721
1799,-0.03791395020275762
1800,-0.10177137701113803
1801,-0.07467326412349595
1802,0.0261461305441979
1803,-0.0016904451186778857
1804,-0.035625438314105695
1805,0.0033999964313689013
1806,0.055097788195088204
1807,0.016060833471296443
1808,-0.050594137966621044
1809,0.10124761939533877
1810,0.048689983256993474
1811,0.0957365544868416
1812,0.011313434054717852
1813,0.13364009474308758
1814,0.011677222831588618
1815,-0.009852060680716646
1816,0.020513208928653354
1817,0.0010784234955052985
1818,0.07025643331617085
1819,0.023379241569590176
1820,0.00040943111096880536
1821,-0.09572495161438954
1822,0.08177339865951844
1823,-0.13740729812655994
1824,0.016962609271870877
1825,0.04891336334914531
1826,0.008505925396385061
1827,-0.010349618931431492
1828,-0.10799239700925944
1829,0.011369061543412773
1830,-0.048139134624775703
1831,-0.0050098929415431925
1832,-0.1499090567612067
1833,-0.016812248998085977
1834,-0.004359136154067356
1835,0.09515136464807428
1836,0.0047626551295507635
1837,-0.0074469123230431755
1838,0.07886990466389851
1839,-0.019727128963491602
1840,-0.5862961520895152
1841,-0.07004349202484705
1842,-0.06583651080351482
1843,0.009374971616290584
1844,0.029703180392655237
1845,0.045930903813757806
1846,0.13362416047224446
1847,0.05187300000147699
1848,-0.029103976323999747
1849,0.004830151746309297
1850,0.1727602690292951
1851,0.08964927128063493
1852,0.0035446651706783072
1853,-0.03642752803787874
1854,0.002817867257388973
1855,-0.3970263250252978
1856,-0.021432853867715262
1857,0.0935089989677877
1858,-0.01007516289902377
1859,0.03525120676264032
1860,-0.019400072385283407
1861,-0.001567482146717758
1862,-0.03221422205572366
1863,0.025092092302788416
1864,0.07300028268801673
1865,0.031708066957245096
1866,0.05681414374426741
1867,0.031222269601723418
1868,-0.30688990249090387
1869,0.05772222112111014
1870,-0.009779391745013993
1871,-0.048394053705907325
1872,-0.017234916974436576
1873,0.04271316674791137
1874,0.092084367730251
1875,-0.004735133951172088
1876,-0.06918592013296376
1877,-0.019871963534532133
1878,-0.10157838479719283
1879,-0.041990038005744634
1880,0.00828469241175947
1881,-0.11087024412184388
1882,-0.10799239700925944
1883,0.06990335203298659
1884,0.15729882882888324
1885,0.0242338476991244
1886,0.18244234603235598
1887,-0.021742750881917017
1888,0.023337084892322668
1889,0.20883712620460337
1890,-0.009803840871844716
1891,0.006911208578092354
1892,-0.3864285353164867
1893,0.06969221949737237
1894,0.07946016996948368
1895,-0.06768157017784315
1896,0.004834753389803936
1897,0.04787029314301733
1898,0.08450630365750983
1899,0.038117757196420965
1900,-0.4632079522946384
1901,0.010955685960439832
1902,0.013081700548635444
1903,0.09754886891029502
1904,-0.025728615837967928
1905,0.014279165380681413
1906,0.040489253963626126
1907,0.010294496275888076
1908,0.0073141453841431
1909,-0.04930801036252164
1910,-0.11335375024821104
1911,-0.03330088158208816
1912,0.13636506741894688
1913,0.01253115680708905
1914,-0.06497979449650304
1915,0.04576493459411418
1916,0.07901258515635079
1917,0.00807508799499923
1918,-0.031867468798432164
1919,-0.03145675119284391
1920,-0.045074603033163685
1921,0.014999985677907723
1922,-0.06497979449650304
1923,0.037839417910882356
1924,-0.03351306876490545
1925,-0.07428638937905752
1926,0.049560196582769334
1927,0.027836573470150117
1928,0.023242713772440637
1929,-0.012273403587773846
1930,-0.0161874122646557
1931,-0.11270985737651396
1932,0.22081790457380823
1933,0.07758398802646793
1934,0.08852612667984827
1935,0.012613743284405454
1936,-0.009852060680716646
1937,0.019774657374652782
1938,0.09281163145852805
1939,0.06292197822373258
1940,0.044117408722713636
1941,0.02677706009011993
1942,-0.00896090013228057
1943,0.1235636090930492
1944,0.07423355032816825
1945,-0.010479925101635645
1946,-0.03698273088795245
1947,0.029574223528559818
1948,0.05852851411101956
1949,0.012116093386690757
1950,0.004862953651166568
1951,0.02255398049292534
1952,-0.014501796877572137
1953,-0.0758713206181344
1954,0.03246970343362077
1955,0.06613228144995831
1956,-0.060158293887726755
1957,0.01102116336408146
1958,-0.07749262070650542
1959,0.13989442710069128
1960,0.004862953651166568
1961,-0.026396666770923116
1962,-0.07711496634919224
1963,0.03579458894221288
1964,-0.018324237302008606
1965,-0.21083000300070842
1966,-0.027947712876605357
1967,0.008997019636863113
1968,0.07898303926990713
1969,0.11766450254080335
1970,0.010567836416874532
1971,-0.1737526684105999
1972,-0.14153240287141788
1973,0.030459581203228225
1974,-0.019748261761808328
1975,0.01589719617211416
1976,0.019163406179915854
1977,-0.057038439807450325
1978,0.031750952498383556
1979,-0.03855690679611268
1980,0.0008847294644600545
1981,0.005848315027031092
1982,0.031240642945502717
1983,-0.28365423741933093
1984,-0.15081739631110547
1985,0.11025378673703501
1986,0.011226220194235081
1987,0.0035446651706783072
1988,-0.0273351870474855
1989,0.13588651481763608
1990,-0.08234412860050577
1991,0.08066524978041656
1992,0.011757453917016103
1993,0.06640876165329557
1994,0.06358199581725399
1995,0.012282909381867269
1996,0.0310949900777322
1997,-0.09448732023844819
1998,0.028918879727730717
1999,0.0021153028523396844
2000,-0.018527647285676352
2001,0.004927660706837145
2002,-0.09593514366704514
2003,-0.0943897543239578
2004,0.023134758900571484
2005,0.014335567659480714
2006,-0.07113803355525972
2007,-0.03772401666590197
2008,-0.10011463413975896
2009,0.1363488388683427
2010,-0.010833098457500134
2011,0.048070787869432974
2012,-0.11936935432674867
2013,-0.09837318011607699
2014,0.01072326907164764
2015,-0.08644448533737387
2016,-0.05976504606138744
2017,0.020510690336643378
2018,0.10244264522179447
2019,0.011713309638444525
2020,-0.032129769067700154
2021,-0.046021064301156045
2022,-0.0035301259242812577
2023,-0.07731032463426668
2024,-0.013296329454001887
2025,-0.07454973338416016
2026,0.1368598551991297
2027,0.026671152066142567
2028,-0.2719482984039028
2029,0.04872100284094927
2030,0.007051886020509213
2031,-0.07018831066729936
2032,0.05071666124010188
2033,-0.020020693393611122
2034,0.44805798066120156
2035,-0.004844063676381571
2036,0.03161047224428143
2037,0.009699938097748606
2038,0.021182502573572043
2039,-0.048394053705907325
2040,0.0424095339964895
2041,-0.05118625294794016
2042,0.005896317640256221
2043,-0.14112608795216375
2044,-0.03378284390846137
2045,-0.04844279656489878
2046,0.14000245322143212
2047,0.005679542397683313
2048,-0.1010124987537589
2049,0.19218090663101867
2050,0.012172995042526807
2051,-0.050328780718276955
2052,-0.06492938966899398
2053,0.027217325695370165
2054,0.04106310681336689
2055,0.08066524978041656
2056,0.007575477972837308
2057,0.014957007151366664
2058,-0.04543691037204778
2059,0.03607911822740273
2060,0.039597834086006145
2061,0.022049294442447853
2062,-0.05106635903828016
2063,-0.2861238928380354
2064,-0.22962004109231682
2065,-0.008256649307162911
2066,0.3691949409291647
2067,0.1412429054198157
2068,0.04711630805254574
2069,0.008878355978863328
2070,-0.016159534610399096
2071,0.06582510053956658
2072,-0.02428767586894809
2073,0.013987242556681934
2074,0.007955739537883977
2075,0.08362392261057416
2076,0.062198667715758216
2077,-0.10252395510738421
2078,-0.03669039934781704
2079,-0.32226958983048615
2080,-0.09377788545378374
2081,0.06324649742316613
2082,0.06557626115089721
2083,0.03750741840598798
2084,-0.0649156079743543
2085,0.19998985020879356
2086,0.013089976251325242
2087,0.03137338656447042
2088,-0.024741341642512182
2089,0.010455537344789989
2090,-0.0055178149379759844
2091,0.03335519346024235
2092,0.16418178117629267
2093,0.02456671530830462
2094,-0.010364185584248176
2095,0.004189568303989422
2096,-0.09757774830063659
2097,-0.10741939872409623
2098,-0.029647096660771255
2099,0.02283217918012398
2100,-0.00778008218670545
2101,0.03732227815990802
2102,-0.009874568000536155
2103,0.01843333148158871
2104,0.02928442676548526
2105,-0.0772207829812035
2106,-0.05096994805481281
2107,0.010294496275888076
2108,-0.03638732593492078
2109,-0.06805386795805524
2110,-0.14552639806301637
2111,-0.06502227697521001
2112,-0.12272221236398773
2113,0.0015847962689004014
2114,0.13110139840822843
2115,0.004437817906143948
2116,0.013216951589098275
2117,-0.06730301764928215
2118,-0.02979655419872118
2119,0.0032655796748629617
2120,-0.001567428307065022
2121,0.028864976967005518
2122,-0.15019562454709834
2123,-0.04781191385590111
2124,0.20787748634607817
2125,-0.05198925849712338
2126,0.084093129553237
2127,-0.030255311351815473
2128,4.2548336183390045e-05
2129,-0.05290006688912255
2130,0.014635655012478987
2131,-0.006136499893873881
2132,-0.20243410714532284
2133,0.04628823195536688
2134,0.019863634423473664
2135,-0.008634220008076565
2136,-0.05174159134188561
2137,-0.23911905401813516
2138,-0.011946655869003453
2139,0.0802338716900376
2140,0.10268654327362525
2141,0.026255849447421375
2142,-0.07162924926024183
2143,0.09783574370993209
2144,-0.04885113481607967
2145,0.015182773864308663
2146,0.008607946148549539
2147,-0.005807847887926987
2148,-0.13782217769626315
2149,-0.08707038744762396
2150,0.08258747337545225
2151,-0.01272858298827273
2152,0.138817716245561
2153,-0.03739523274154394
2154,0.00441101840683128
2155,-0.009454188670461439
2156,-0.11342593314433524
2157,0.06358487956730952
2158,-0.07699936002601193
2159,0.010191974067080056
2160,0.01761914057756686
2161,-0.0968019901461179
2162,-0.1852884006755513
2163,0.01761914057756686
2164,0.00016087962390587407
