,pve
0,-0.12279023758198304
1,0.10932921064808565
2,0.10932921064808565
3,-0.15594681191921467
4,0.13489963882262845
5,-0.15594681191921467
6,-0.12279023758198304
7,0.10932921064808565
8,0.13489963882262845
9,0.13489963882262845
10,-0.12279023758198304
11,0.13489963882262845
12,-0.12279023758198304
13,-0.15594681191921467
14,0.10932921064808565
15,0.13489963882262845
16,0.13489963882262845
17,-0.12279023758198304
18,-0.12279023758198304
19,-0.15594681191921467
20,0.10932921064808565
21,-0.12279023758198304
22,0.10932921064808565
23,0.10932921064808565
24,-0.12279023758198304
25,0.13489963882262845
26,-0.15594681191921467
27,0.13489963882262845
28,0.10932921064808565
29,-0.12279023758198304
30,-0.12279023758198304
31,-0.15594681191921467
32,-0.15594681191921467
33,0.10932921064808565
34,0.13489963882262845
35,0.13489963882262845
36,-0.15594681191921467
37,0.10932921064808565
38,0.10932921064808565
39,-0.12279023758198304
40,-0.15594681191921467
41,-0.15594681191921467
42,0.10932921064808565
43,0.13489963882262845
44,0.10932921064808565
45,0.10932921064808565
46,0.13489963882262845
47,0.10932921064808565
48,-0.15594681191921467
49,0.13489963882262845
50,0.13489963882262845
51,0.13489963882262845
52,-0.12279023758198304
53,0.13489963882262845
54,0.10932921064808565
55,0.13489963882262845
56,0.13489963882262845
57,0.10932921064808565
58,0.13489963882262845
59,-0.12279023758198304
60,-0.15594681191921467
61,-0.15594681191921467
62,-0.12279023758198304
63,-0.12279023758198304
64,-0.15594681191921467
65,0.10932921064808565
66,0.10932921064808565
67,-0.12279023758198304
68,0.10932921064808565
69,0.10932921064808565
70,-0.12279023758198304
71,0.10932921064808565
72,-0.15594681191921467
73,0.10932921064808565
74,0.10932921064808565
75,0.13489963882262845
76,0.10932921064808565
77,0.13489963882262845
78,0.13489963882262845
79,-0.12279023758198304
80,-0.15594681191921467
81,-0.15594681191921467
82,-0.15594681191921467
83,0.10932921064808565
84,-0.15594681191921467
85,-0.12279023758198304
86,0.13489963882262845
87,0.10932921064808565
88,-0.12279023758198304
89,-0.15594681191921467
90,0.13489963882262845
91,-0.12279023758198304
92,0.10932921064808565
93,0.13489963882262845
94,0.13489963882262845
95,-0.12279023758198304
96,0.10932921064808565
97,0.10932921064808565
98,0.13489963882262845
99,0.10932921064808565
100,0.13489963882262845
101,-0.12279023758198304
102,-0.12279023758198304
103,0.10932921064808565
104,0.10932921064808565
105,-0.12279023758198304
106,-0.12279023758198304
107,0.13489963882262845
108,0.13489963882262845
109,0.13489963882262845
110,0.13489963882262845
111,-0.12279023758198304
112,-0.12279023758198304
113,0.13489963882262845
114,0.13489963882262845
115,-0.12279023758198304
116,-0.12279023758198304
117,0.10932921064808565
118,0.10932921064808565
119,-0.12279023758198304
120,0.10932921064808565
121,0.13489963882262845
122,0.13489963882262845
123,-0.12279023758198304
124,0.10932921064808565
125,0.13489963882262845
126,0.13489963882262845
127,-0.15594681191921467
128,-0.15594681191921467
129,-0.12279023758198304
130,0.13489963882262845
131,0.13489963882262845
132,0.10932921064808565
133,0.10932921064808565
134,0.13489963882262845
135,0.13489963882262845
136,-0.15594681191921467
137,-0.12279023758198304
138,0.10932921064808565
139,0.13489963882262845
140,0.13489963882262845
141,-0.12279023758198304
142,0.10932921064808565
143,-0.12279023758198304
144,0.10932921064808565
145,-0.12279023758198304
146,0.10932921064808565
147,-0.15594681191921467
148,-0.12279023758198304
149,-0.12279023758198304
150,-0.15594681191921467
151,0.13489963882262845
152,0.13489963882262845
153,0.10932921064808565
154,-0.12279023758198304
155,0.13489963882262845
156,0.10932921064808565
157,0.13489963882262845
158,0.10932921064808565
159,0.13489963882262845
160,-0.12279023758198304
161,-0.12279023758198304
162,0.10932921064808565
163,0.10932921064808565
164,0.10932921064808565
165,0.13489963882262845
166,0.10932921064808565
167,0.10932921064808565
168,0.13489963882262845
169,0.10932921064808565
170,0.10932921064808565
171,0.13489963882262845
172,-0.12279023758198304
173,0.13489963882262845
174,0.10932921064808565
175,-0.15594681191921467
176,-0.15594681191921467
177,-0.12279023758198304
178,-0.12279023758198304
179,0.13489963882262845
180,0.10932921064808565
181,0.10932921064808565
182,0.13489963882262845
183,0.13489963882262845
184,-0.15594681191921467
185,0.13489963882262845
186,0.10932921064808565
187,-0.12279023758198304
188,-0.12279023758198304
189,0.13489963882262845
190,-0.12279023758198304
191,-0.12279023758198304
192,-0.12279023758198304
193,0.10932921064808565
194,-0.15594681191921467
195,-0.12279023758198304
196,-0.15594681191921467
197,0.10932921064808565
198,0.10932921064808565
199,0.13489963882262845
200,0.10932921064808565
201,-0.15594681191921467
202,-0.12279023758198304
203,-0.12279023758198304
204,-0.15594681191921467
205,-0.12279023758198304
206,0.10932921064808565
207,-0.12279023758198304
208,0.13489963882262845
209,-0.15594681191921467
210,-0.15594681191921467
211,0.10932921064808565
212,0.13489963882262845
213,-0.15594681191921467
214,0.10932921064808565
215,-0.15594681191921467
216,-0.15594681191921467
217,0.13489963882262845
218,0.13489963882262845
219,0.13489963882262845
220,0.13489963882262845
221,0.13489963882262845
222,0.13489963882262845
223,-0.15594681191921467
224,0.10932921064808565
225,0.13489963882262845
226,-0.15594681191921467
227,-0.15594681191921467
228,0.13489963882262845
229,0.13489963882262845
230,0.10932921064808565
231,-0.15594681191921467
232,-0.15594681191921467
233,-0.15594681191921467
234,0.13489963882262845
235,-0.12279023758198304
236,0.13489963882262845
237,-0.12279023758198304
238,0.13489963882262845
239,-0.15594681191921467
240,0.13489963882262845
241,-0.15594681191921467
242,0.10932921064808565
243,0.10932921064808565
244,-0.15594681191921467
245,-0.15594681191921467
246,-0.15594681191921467
247,-0.15594681191921467
248,-0.12279023758198304
249,0.10932921064808565
250,-0.12279023758198304
251,-0.15594681191921467
252,0.10932921064808565
253,0.10932921064808565
254,0.10932921064808565
255,0.10932921064808565
256,-0.15594681191921467
257,0.13489963882262845
258,-0.12279023758198304
259,0.13489963882262845
260,0.10932921064808565
261,0.10932921064808565
262,0.13489963882262845
263,0.10932921064808565
264,-0.12279023758198304
265,0.10932921064808565
266,0.10932921064808565
267,-0.15594681191921467
268,0.13489963882262845
269,0.10932921064808565
270,-0.12279023758198304
271,-0.12279023758198304
272,0.10932921064808565
273,0.13489963882262845
274,0.10932921064808565
275,0.10932921064808565
276,-0.15594681191921467
277,0.10932921064808565
278,0.10932921064808565
279,-0.15594681191921467
280,-0.15594681191921467
281,-0.12279023758198304
282,0.10932921064808565
283,-0.12279023758198304
284,-0.15594681191921467
285,0.10932921064808565
286,0.10932921064808565
287,-0.12279023758198304
288,0.13489963882262845
289,0.10932921064808565
290,-0.12279023758198304
291,0.13489963882262845
292,0.13489963882262845
293,0.10932921064808565
294,0.10932921064808565
295,-0.12279023758198304
296,-0.15594681191921467
297,0.10932921064808565
298,0.10932921064808565
299,0.10932921064808565
300,0.10932921064808565
301,0.13489963882262845
302,0.13489963882262845
303,0.13489963882262845
304,0.10932921064808565
305,-0.15594681191921467
306,0.13489963882262845
307,-0.12279023758198304
308,0.10932921064808565
309,0.10932921064808565
310,0.10932921064808565
311,0.13489963882262845
312,0.10932921064808565
313,0.13489963882262845
314,-0.12279023758198304
315,0.10932921064808565
316,0.10932921064808565
317,-0.12279023758198304
318,0.10932921064808565
319,-0.15594681191921467
320,0.10932921064808565
321,0.13489963882262845
322,0.10932921064808565
323,-0.12279023758198304
324,0.13489963882262845
325,0.10932921064808565
326,-0.15594681191921467
327,0.13489963882262845
328,0.10932921064808565
329,-0.15594681191921467
330,0.13489963882262845
331,-0.12279023758198304
332,0.13489963882262845
333,0.10932921064808565
334,0.13489963882262845
335,0.10932921064808565
336,-0.15594681191921467
337,0.10932921064808565
338,0.13489963882262845
339,0.10932921064808565
340,-0.12279023758198304
341,0.10932921064808565
342,0.13489963882262845
343,0.10932921064808565
344,0.13489963882262845
345,0.13489963882262845
346,-0.15594681191921467
347,0.10932921064808565
348,0.10932921064808565
349,-0.12279023758198304
350,0.13489963882262845
351,0.13489963882262845
352,0.10932921064808565
353,0.13489963882262845
354,0.10932921064808565
355,-0.12279023758198304
356,0.10932921064808565
357,0.10932921064808565
358,0.13489963882262845
359,0.13489963882262845
360,-0.15594681191921467
361,-0.15594681191921467
362,-0.12279023758198304
363,0.13489963882262845
364,-0.15594681191921467
365,-0.12279023758198304
366,0.13489963882262845
367,0.13489963882262845
368,-0.15594681191921467
369,0.10932921064808565
370,0.10932921064808565
371,0.13489963882262845
372,0.13489963882262845
373,-0.15594681191921467
374,0.10932921064808565
375,-0.12279023758198304
376,-0.12279023758198304
377,0.13489963882262845
378,0.10932921064808565
379,-0.12279023758198304
380,0.10932921064808565
381,0.13489963882262845
382,0.10932921064808565
383,0.13489963882262845
384,0.13489963882262845
385,0.10932921064808565
386,0.13489963882262845
387,-0.12279023758198304
388,-0.15594681191921467
389,0.13489963882262845
390,-0.12279023758198304
391,-0.12279023758198304
392,0.13489963882262845
393,-0.12279023758198304
394,0.10932921064808565
395,-0.12279023758198304
396,0.13489963882262845
397,-0.12279023758198304
398,-0.12279023758198304
399,0.13489963882262845
400,0.10932921064808565
401,-0.15594681191921467
402,0.10932921064808565
403,0.13489963882262845
404,-0.15594681191921467
405,0.10932921064808565
406,0.13489963882262845
407,-0.15594681191921467
408,-0.12279023758198304
409,0.10932921064808565
410,0.10932921064808565
411,0.10932921064808565
412,-0.12279023758198304
413,-0.12279023758198304
414,-0.15594681191921467
415,-0.15594681191921467
416,0.13489963882262845
417,-0.15594681191921467
418,0.13489963882262845
419,0.13489963882262845
420,0.10932921064808565
421,-0.15594681191921467
422,0.10932921064808565
423,0.10932921064808565
424,0.10932921064808565
425,0.13489963882262845
426,0.10932921064808565
427,0.10932921064808565
428,-0.15594681191921467
429,0.10932921064808565
430,-0.12279023758198304
431,-0.15594681191921467
432,-0.15594681191921467
433,-0.15594681191921467
434,-0.15594681191921467
435,0.13489963882262845
436,0.10932921064808565
437,-0.15594681191921467
438,0.13489963882262845
439,-0.15594681191921467
440,-0.12279023758198304
441,0.10932921064808565
442,0.13489963882262845
443,0.10932921064808565
444,0.10932921064808565
445,-0.12279023758198304
446,0.10932921064808565
447,0.10932921064808565
448,0.10932921064808565
449,-0.12279023758198304
450,0.10932921064808565
451,0.10932921064808565
452,0.13489963882262845
453,-0.15594681191921467
454,0.13489963882262845
455,-0.12279023758198304
456,0.13489963882262845
457,-0.15594681191921467
458,-0.12279023758198304
459,-0.12279023758198304
460,-0.12279023758198304
461,-0.15594681191921467
462,0.10932921064808565
463,0.10932921064808565
464,-0.12279023758198304
465,-0.12279023758198304
466,0.10932921064808565
467,0.13489963882262845
468,0.10932921064808565
469,-0.12279023758198304
470,-0.15594681191921467
471,0.10932921064808565
472,0.10932921064808565
473,0.10932921064808565
474,0.10932921064808565
475,0.10932921064808565
476,0.10932921064808565
477,-0.15594681191921467
478,-0.15594681191921467
479,-0.15594681191921467
480,0.10932921064808565
481,0.10932921064808565
482,0.10932921064808565
483,-0.15594681191921467
484,-0.12279023758198304
485,-0.12279023758198304
486,0.13489963882262845
487,0.13489963882262845
488,0.10932921064808565
489,-0.12279023758198304
490,-0.15594681191921467
491,-0.12279023758198304
492,-0.12279023758198304
493,-0.12279023758198304
494,0.13489963882262845
495,0.10932921064808565
496,-0.15594681191921467
497,-0.12279023758198304
498,0.10932921064808565
499,0.10932921064808565
500,0.10932921064808565
501,0.13489963882262845
502,0.10932921064808565
503,-0.15594681191921467
504,0.10932921064808565
505,0.10932921064808565
506,0.13489963882262845
507,0.13489963882262845
508,-0.15594681191921467
509,-0.12279023758198304
510,0.10932921064808565
511,0.13489963882262845
512,-0.12279023758198304
513,0.10932921064808565
514,0.13489963882262845
515,0.10932921064808565
516,0.10932921064808565
517,0.10932921064808565
518,0.10932921064808565
519,0.10932921064808565
520,-0.12279023758198304
521,0.10932921064808565
522,-0.15594681191921467
523,0.10932921064808565
524,-0.12279023758198304
525,-0.12279023758198304
526,0.10932921064808565
527,-0.12279023758198304
528,-0.12279023758198304
529,-0.15594681191921467
530,0.13489963882262845
531,0.10932921064808565
532,-0.15594681191921467
533,-0.12279023758198304
534,-0.12279023758198304
535,-0.12279023758198304
536,-0.15594681191921467
537,0.13489963882262845
538,0.10932921064808565
539,0.10932921064808565
540,0.13489963882262845
541,-0.15594681191921467
542,-0.15594681191921467
543,-0.15594681191921467
544,-0.12279023758198304
545,0.10932921064808565
546,0.10932921064808565
547,0.13489963882262845
548,0.13489963882262845
549,0.10932921064808565
550,0.13489963882262845
551,0.10932921064808565
552,-0.15594681191921467
553,-0.15594681191921467
554,0.10932921064808565
555,-0.15594681191921467
556,0.10932921064808565
557,-0.12279023758198304
558,0.13489963882262845
559,0.13489963882262845
560,-0.15594681191921467
561,-0.15594681191921467
562,-0.15594681191921467
563,0.10932921064808565
564,0.13489963882262845
565,0.10932921064808565
566,0.10932921064808565
567,0.13489963882262845
568,0.13489963882262845
569,0.10932921064808565
570,0.13489963882262845
571,-0.12279023758198304
572,0.10932921064808565
573,-0.12279023758198304
574,-0.15594681191921467
575,0.13489963882262845
576,0.13489963882262845
577,0.10932921064808565
578,-0.12279023758198304
579,0.13489963882262845
580,-0.12279023758198304
581,0.13489963882262845
582,-0.12279023758198304
583,0.13489963882262845
584,0.10932921064808565
585,-0.15594681191921467
586,0.13489963882262845
587,-0.12279023758198304
588,0.13489963882262845
589,-0.12279023758198304
590,0.13489963882262845
591,-0.15594681191921467
592,-0.15594681191921467
593,0.10932921064808565
594,-0.15594681191921467
595,-0.12279023758198304
596,-0.12279023758198304
597,-0.12279023758198304
598,-0.15594681191921467
599,-0.15594681191921467
600,-0.12279023758198304
601,-0.12279023758198304
602,0.10932921064808565
603,-0.15594681191921467
604,0.10932921064808565
605,0.10932921064808565
606,-0.12279023758198304
607,-0.12279023758198304
608,0.10932921064808565
609,0.10932921064808565
610,0.13489963882262845
611,0.10932921064808565
612,-0.15594681191921467
613,0.10932921064808565
614,0.13489963882262845
615,0.10932921064808565
616,0.10932921064808565
617,-0.12279023758198304
618,0.10932921064808565
619,0.10932921064808565
620,-0.15594681191921467
621,0.13489963882262845
622,0.10932921064808565
623,0.10932921064808565
624,-0.12279023758198304
625,0.10932921064808565
626,-0.15594681191921467
627,0.10932921064808565
628,-0.15594681191921467
629,-0.15594681191921467
630,0.13489963882262845
631,-0.15594681191921467
632,-0.12279023758198304
633,-0.15594681191921467
634,0.13489963882262845
635,-0.12279023758198304
636,0.13489963882262845
637,0.13489963882262845
638,-0.15594681191921467
639,0.10932921064808565
640,0.13489963882262845
641,-0.15594681191921467
642,0.13489963882262845
643,0.10932921064808565
644,0.13489963882262845
645,0.13489963882262845
646,0.10932921064808565
647,0.13489963882262845
648,-0.12279023758198304
649,-0.15594681191921467
650,0.13489963882262845
651,0.10932921064808565
652,-0.12279023758198304
653,0.10932921064808565
654,-0.15594681191921467
655,-0.15594681191921467
656,-0.15594681191921467
657,0.13489963882262845
658,-0.15594681191921467
659,0.10932921064808565
660,0.13489963882262845
661,-0.15594681191921467
662,0.13489963882262845
663,0.10932921064808565
664,0.10932921064808565
665,-0.12279023758198304
666,-0.15594681191921467
667,0.13489963882262845
668,-0.15594681191921467
669,0.13489963882262845
670,0.10932921064808565
671,0.13489963882262845
672,0.10932921064808565
673,0.10932921064808565
674,0.10932921064808565
675,-0.15594681191921467
676,-0.12279023758198304
677,-0.15594681191921467
678,0.13489963882262845
679,0.10932921064808565
680,-0.12279023758198304
681,-0.12279023758198304
682,-0.15594681191921467
683,0.10932921064808565
684,-0.12279023758198304
685,0.13489963882262845
686,-0.12279023758198304
687,-0.12279023758198304
688,-0.15594681191921467
689,-0.15594681191921467
690,-0.12279023758198304
691,-0.12279023758198304
692,0.10932921064808565
693,0.10932921064808565
694,0.13489963882262845
695,0.13489963882262845
696,0.13489963882262845
697,-0.15594681191921467
698,0.10932921064808565
699,-0.12279023758198304
700,-0.15594681191921467
701,0.10932921064808565
702,-0.12279023758198304
703,-0.12279023758198304
704,0.10932921064808565
705,0.10932921064808565
706,0.10932921064808565
707,-0.15594681191921467
708,0.10932921064808565
709,-0.15594681191921467
710,0.10932921064808565
711,-0.12279023758198304
712,-0.12279023758198304
713,0.13489963882262845
714,0.10932921064808565
715,-0.12279023758198304
716,-0.15594681191921467
717,-0.12279023758198304
718,0.13489963882262845
719,0.13489963882262845
720,-0.15594681191921467
721,0.13489963882262845
722,0.13489963882262845
723,-0.15594681191921467
724,-0.12279023758198304
725,-0.12279023758198304
726,0.10932921064808565
727,-0.12279023758198304
728,-0.12279023758198304
729,-0.12279023758198304
730,0.13489963882262845
731,0.10932921064808565
732,0.13489963882262845
733,0.10932921064808565
734,0.13489963882262845
735,-0.12279023758198304
736,-0.12279023758198304
737,-0.15594681191921467
738,-0.12279023758198304
739,-0.12279023758198304
740,0.10932921064808565
741,0.13489963882262845
742,0.13489963882262845
743,-0.12279023758198304
744,0.10932921064808565
745,0.10932921064808565
746,0.10932921064808565
747,-0.12279023758198304
748,0.13489963882262845
749,-0.15594681191921467
750,-0.12279023758198304
751,-0.15594681191921467
752,-0.15594681191921467
753,0.10932921064808565
754,-0.15594681191921467
755,0.13489963882262845
756,0.13489963882262845
757,-0.12279023758198304
758,0.13489963882262845
759,0.13489963882262845
760,-0.12279023758198304
761,0.13489963882262845
762,0.13489963882262845
763,-0.15594681191921467
764,0.13489963882262845
765,0.13489963882262845
766,-0.15594681191921467
767,0.13489963882262845
768,-0.12279023758198304
769,0.10932921064808565
770,-0.12279023758198304
771,-0.12279023758198304
772,-0.15594681191921467
773,0.13489963882262845
774,0.10932921064808565
775,0.13489963882262845
776,-0.15594681191921467
777,0.10932921064808565
778,-0.15594681191921467
779,-0.12279023758198304
780,-0.12279023758198304
781,-0.12279023758198304
782,-0.12279023758198304
783,0.10932921064808565
784,0.10932921064808565
785,-0.12279023758198304
786,0.13489963882262845
787,0.13489963882262845
788,-0.12279023758198304
789,0.13489963882262845
790,-0.15594681191921467
791,0.10932921064808565
792,-0.15594681191921467
793,-0.12279023758198304
794,-0.15594681191921467
795,0.10932921064808565
796,0.10932921064808565
797,-0.15594681191921467
798,-0.15594681191921467
799,0.13489963882262845
800,-0.12279023758198304
801,-0.15594681191921467
802,-0.15594681191921467
803,-0.15594681191921467
804,-0.12279023758198304
805,-0.15594681191921467
806,0.10932921064808565
807,-0.12279023758198304
808,-0.12279023758198304
809,-0.12279023758198304
810,0.13489963882262845
811,-0.12279023758198304
812,0.13489963882262845
813,-0.12279023758198304
814,0.10932921064808565
815,-0.15594681191921467
816,0.13489963882262845
817,-0.12279023758198304
818,-0.15594681191921467
819,-0.15594681191921467
820,0.10932921064808565
821,-0.15594681191921467
822,-0.15594681191921467
823,0.13489963882262845
824,-0.12279023758198304
825,-0.12279023758198304
826,0.10932921064808565
827,-0.12279023758198304
828,0.10932921064808565
829,-0.12279023758198304
830,-0.12279023758198304
831,0.13489963882262845
832,0.13489963882262845
833,-0.15594681191921467
834,0.13489963882262845
835,0.10932921064808565
836,0.10932921064808565
837,-0.12279023758198304
838,0.10932921064808565
839,0.10932921064808565
840,-0.12279023758198304
841,0.13489963882262845
842,-0.12279023758198304
843,-0.12279023758198304
844,-0.12279023758198304
845,0.13489963882262845
846,-0.12279023758198304
847,0.10932921064808565
848,0.13489963882262845
849,0.10932921064808565
850,0.13489963882262845
851,0.10932921064808565
852,-0.15594681191921467
853,-0.12279023758198304
854,0.13489963882262845
855,-0.15594681191921467
856,0.13489963882262845
857,0.13489963882262845
858,0.13489963882262845
859,-0.15594681191921467
860,-0.12279023758198304
861,-0.15594681191921467
862,0.13489963882262845
863,0.10932921064808565
864,0.13489963882262845
865,-0.15594681191921467
866,0.13489963882262845
867,-0.15594681191921467
868,-0.15594681191921467
869,0.13489963882262845
870,-0.15594681191921467
871,0.10932921064808565
872,0.10932921064808565
873,-0.15594681191921467
874,-0.15594681191921467
875,-0.12279023758198304
876,-0.15594681191921467
877,-0.12279023758198304
878,-0.15594681191921467
879,-0.12279023758198304
880,-0.15594681191921467
881,0.10932921064808565
882,-0.12279023758198304
883,-0.15594681191921467
884,0.10932921064808565
885,0.10932921064808565
886,-0.15594681191921467
887,-0.15594681191921467
888,0.13489963882262845
889,-0.12279023758198304
890,-0.12279023758198304
891,0.13489963882262845
892,-0.12279023758198304
893,0.13489963882262845
894,0.10932921064808565
895,0.10932921064808565
896,-0.12279023758198304
897,-0.12279023758198304
898,0.10932921064808565
899,-0.12279023758198304
900,-0.12279023758198304
901,0.13489963882262845
902,0.13489963882262845
903,0.13489963882262845
904,0.10932921064808565
905,-0.12279023758198304
906,0.13489963882262845
907,-0.12279023758198304
908,0.13489963882262845
909,0.10932921064808565
910,-0.12279023758198304
911,0.13489963882262845
912,0.10932921064808565
913,0.13489963882262845
914,0.10932921064808565
915,-0.15594681191921467
916,0.10932921064808565
917,-0.15594681191921467
918,-0.12279023758198304
919,0.13489963882262845
920,0.13489963882262845
921,0.13489963882262845
922,-0.12279023758198304
923,0.10932921064808565
924,0.10932921064808565
925,-0.15594681191921467
926,-0.12279023758198304
927,-0.15594681191921467
928,-0.12279023758198304
929,0.13489963882262845
930,0.13489963882262845
931,0.13489963882262845
932,-0.12279023758198304
933,0.10932921064808565
934,0.10932921064808565
935,0.13489963882262845
936,0.13489963882262845
937,0.13489963882262845
938,-0.15594681191921467
939,0.10932921064808565
940,-0.15594681191921467
941,0.10932921064808565
942,-0.12279023758198304
943,0.13489963882262845
944,0.13489963882262845
945,-0.15594681191921467
946,-0.12279023758198304
947,0.13489963882262845
948,-0.12279023758198304
949,0.13489963882262845
950,0.13489963882262845
951,-0.12279023758198304
952,0.13489963882262845
953,-0.15594681191921467
954,0.13489963882262845
955,-0.15594681191921467
956,0.13489963882262845
957,-0.15594681191921467
958,0.10932921064808565
959,-0.15594681191921467
960,-0.12279023758198304
961,-0.15594681191921467
962,-0.15594681191921467
963,0.10932921064808565
964,0.13489963882262845
965,0.13489963882262845
966,0.10932921064808565
967,-0.12279023758198304
968,-0.12279023758198304
969,-0.15594681191921467
970,0.13489963882262845
971,-0.15594681191921467
972,-0.12279023758198304
973,0.10932921064808565
974,0.10932921064808565
975,0.10932921064808565
976,-0.12279023758198304
977,0.10932921064808565
978,-0.15594681191921467
979,0.13489963882262845
980,0.10932921064808565
981,0.13489963882262845
982,0.13489963882262845
983,-0.15594681191921467
984,-0.12279023758198304
985,0.13489963882262845
986,-0.12279023758198304
987,-0.12279023758198304
988,-0.15594681191921467
989,-0.15594681191921467
990,-0.12279023758198304
991,-0.12279023758198304
992,0.10932921064808565
993,0.13489963882262845
994,0.10932921064808565
995,-0.12279023758198304
996,-0.15594681191921467
997,0.13489963882262845
998,-0.12279023758198304
999,-0.15594681191921467
1000,0.13489963882262845
1001,0.10932921064808565
1002,0.10932921064808565
1003,-0.15594681191921467
1004,-0.12279023758198304
1005,0.10932921064808565
1006,0.10932921064808565
1007,-0.15594681191921467
1008,-0.12279023758198304
1009,0.13489963882262845
1010,-0.12279023758198304
1011,-0.12279023758198304
1012,0.10932921064808565
1013,0.10932921064808565
1014,-0.15594681191921467
1015,-0.15594681191921467
1016,-0.15594681191921467
1017,-0.15594681191921467
1018,-0.12279023758198304
1019,0.13489963882262845
1020,0.10932921064808565
1021,-0.12279023758198304
1022,-0.12279023758198304
1023,0.10932921064808565
1024,0.13489963882262845
1025,0.13489963882262845
1026,-0.15594681191921467
1027,0.13489963882262845
1028,0.10932921064808565
1029,0.10932921064808565
1030,-0.12279023758198304
1031,0.10932921064808565
1032,0.10932921064808565
1033,0.10932921064808565
1034,-0.12279023758198304
1035,-0.15594681191921467
1036,0.13489963882262845
1037,0.10932921064808565
1038,-0.15594681191921467
1039,-0.15594681191921467
1040,-0.12279023758198304
1041,0.13489963882262845
1042,0.13489963882262845
1043,-0.15594681191921467
1044,-0.12279023758198304
1045,0.13489963882262845
1046,0.10932921064808565
1047,-0.15594681191921467
1048,-0.15594681191921467
1049,0.10932921064808565
1050,0.10932921064808565
1051,0.10932921064808565
1052,-0.15594681191921467
1053,0.10932921064808565
1054,-0.12279023758198304
1055,0.13489963882262845
1056,0.10932921064808565
1057,-0.12279023758198304
1058,0.13489963882262845
1059,0.10932921064808565
1060,-0.15594681191921467
1061,0.13489963882262845
1062,-0.12279023758198304
1063,0.10932921064808565
1064,0.13489963882262845
1065,0.10932921064808565
1066,0.13489963882262845
1067,0.13489963882262845
1068,0.13489963882262845
1069,0.13489963882262845
1070,-0.12279023758198304
1071,0.10932921064808565
1072,-0.12279023758198304
1073,0.10932921064808565
1074,0.10932921064808565
1075,-0.15594681191921467
1076,0.10932921064808565
1077,0.10932921064808565
1078,-0.15594681191921467
1079,0.10932921064808565
1080,-0.15594681191921467
1081,0.10932921064808565
1082,-0.15594681191921467
1083,0.10932921064808565
1084,0.10932921064808565
1085,-0.12279023758198304
1086,0.13489963882262845
1087,0.13489963882262845
1088,-0.15594681191921467
1089,-0.15594681191921467
1090,-0.15594681191921467
1091,0.10932921064808565
1092,0.13489963882262845
1093,0.10932921064808565
1094,-0.15594681191921467
1095,-0.12279023758198304
1096,0.10932921064808565
1097,0.10932921064808565
1098,0.13489963882262845
1099,-0.15594681191921467
1100,0.13489963882262845
1101,0.10932921064808565
1102,-0.15594681191921467
1103,0.10932921064808565
1104,-0.15594681191921467
1105,0.13489963882262845
1106,0.13489963882262845
1107,-0.15594681191921467
1108,0.10932921064808565
1109,-0.15594681191921467
1110,-0.12279023758198304
1111,0.10932921064808565
1112,-0.15594681191921467
1113,0.13489963882262845
1114,0.13489963882262845
1115,0.10932921064808565
1116,-0.12279023758198304
1117,-0.15594681191921467
1118,-0.15594681191921467
1119,-0.12279023758198304
1120,0.10932921064808565
1121,-0.15594681191921467
1122,0.10932921064808565
1123,0.10932921064808565
1124,0.10932921064808565
1125,-0.12279023758198304
1126,0.13489963882262845
1127,-0.12279023758198304
1128,0.10932921064808565
1129,0.13489963882262845
1130,-0.15594681191921467
1131,0.13489963882262845
1132,0.10932921064808565
1133,-0.15594681191921467
1134,0.10932921064808565
1135,0.13489963882262845
1136,0.13489963882262845
1137,0.10932921064808565
1138,-0.12279023758198304
1139,0.10932921064808565
1140,0.10932921064808565
1141,0.13489963882262845
1142,0.10932921064808565
1143,0.10932921064808565
1144,0.13489963882262845
1145,0.10932921064808565
1146,-0.15594681191921467
1147,-0.12279023758198304
1148,0.13489963882262845
1149,0.10932921064808565
1150,-0.12279023758198304
1151,0.13489963882262845
1152,0.10932921064808565
1153,0.13489963882262845
1154,-0.15594681191921467
1155,-0.15594681191921467
1156,-0.15594681191921467
1157,-0.15594681191921467
1158,0.10932921064808565
1159,0.13489963882262845
1160,-0.12279023758198304
1161,0.10932921064808565
1162,0.13489963882262845
1163,0.13489963882262845
1164,-0.15594681191921467
1165,-0.15594681191921467
1166,0.10932921064808565
1167,-0.15594681191921467
1168,-0.12279023758198304
1169,-0.15594681191921467
1170,0.10932921064808565
1171,-0.12279023758198304
1172,-0.12279023758198304
1173,0.10932921064808565
1174,0.10932921064808565
1175,0.10932921064808565
1176,0.10932921064808565
1177,-0.12279023758198304
1178,-0.15594681191921467
1179,-0.15594681191921467
1180,0.10932921064808565
1181,-0.15594681191921467
1182,-0.12279023758198304
1183,0.13489963882262845
1184,-0.12279023758198304
1185,-0.15594681191921467
1186,-0.12279023758198304
1187,-0.15594681191921467
1188,0.10932921064808565
1189,0.10932921064808565
1190,0.13489963882262845
1191,0.13489963882262845
1192,-0.12279023758198304
1193,-0.12279023758198304
1194,-0.15594681191921467
1195,-0.12279023758198304
1196,0.10932921064808565
1197,-0.12279023758198304
1198,0.13489963882262845
1199,0.10932921064808565
1200,0.10932921064808565
1201,-0.12279023758198304
1202,0.10932921064808565
1203,-0.15594681191921467
1204,0.10932921064808565
1205,0.13489963882262845
1206,0.10932921064808565
1207,-0.12279023758198304
1208,0.13489963882262845
1209,0.13489963882262845
1210,0.13489963882262845
1211,0.13489963882262845
1212,0.13489963882262845
1213,0.13489963882262845
1214,-0.12279023758198304
1215,-0.15594681191921467
1216,-0.12279023758198304
1217,0.13489963882262845
1218,0.13489963882262845
1219,-0.15594681191921467
1220,-0.15594681191921467
1221,0.10932921064808565
1222,-0.15594681191921467
1223,0.10932921064808565
1224,0.10932921064808565
1225,-0.12279023758198304
1226,-0.15594681191921467
1227,-0.12279023758198304
1228,-0.12279023758198304
1229,-0.15594681191921467
1230,-0.15594681191921467
1231,0.13489963882262845
1232,0.13489963882262845
1233,0.10932921064808565
1234,-0.12279023758198304
1235,0.13489963882262845
1236,0.10932921064808565
1237,-0.12279023758198304
1238,0.10932921064808565
1239,0.13489963882262845
1240,-0.12279023758198304
1241,-0.12279023758198304
1242,0.10932921064808565
1243,-0.12279023758198304
1244,0.10932921064808565
1245,-0.15594681191921467
1246,-0.15594681191921467
1247,0.13489963882262845
1248,0.10932921064808565
1249,0.10932921064808565
1250,0.10932921064808565
1251,0.10932921064808565
1252,0.13489963882262845
1253,-0.12279023758198304
1254,-0.12279023758198304
1255,0.10932921064808565
1256,-0.15594681191921467
1257,0.13489963882262845
1258,0.10932921064808565
1259,-0.12279023758198304
1260,0.13489963882262845
1261,-0.12279023758198304
1262,0.13489963882262845
1263,0.10932921064808565
1264,-0.15594681191921467
1265,-0.15594681191921467
1266,-0.12279023758198304
1267,-0.12279023758198304
1268,0.10932921064808565
1269,0.13489963882262845
1270,0.10932921064808565
1271,0.13489963882262845
1272,0.10932921064808565
1273,0.10932921064808565
1274,0.13489963882262845
1275,0.13489963882262845
1276,-0.12279023758198304
1277,0.13489963882262845
1278,0.13489963882262845
1279,0.10932921064808565
1280,0.10932921064808565
1281,0.10932921064808565
1282,0.10932921064808565
1283,0.13489963882262845
1284,-0.12279023758198304
1285,-0.12279023758198304
1286,0.13489963882262845
1287,-0.15594681191921467
1288,-0.12279023758198304
1289,0.10932921064808565
1290,-0.15594681191921467
1291,-0.12279023758198304
1292,0.13489963882262845
1293,0.10932921064808565
1294,-0.15594681191921467
1295,-0.15594681191921467
1296,0.10932921064808565
1297,0.13489963882262845
1298,0.13489963882262845
1299,-0.15594681191921467
1300,0.13489963882262845
1301,0.10932921064808565
1302,-0.12279023758198304
1303,-0.15594681191921467
1304,-0.12279023758198304
1305,-0.15594681191921467
1306,-0.15594681191921467
1307,-0.12279023758198304
1308,-0.12279023758198304
1309,0.13489963882262845
1310,-0.15594681191921467
1311,-0.12279023758198304
1312,0.13489963882262845
1313,-0.12279023758198304
1314,0.13489963882262845
1315,0.13489963882262845
1316,0.13489963882262845
1317,-0.15594681191921467
1318,0.13489963882262845
1319,0.13489963882262845
1320,-0.15594681191921467
1321,0.13489963882262845
1322,0.10932921064808565
1323,-0.15594681191921467
1324,0.13489963882262845
1325,-0.12279023758198304
1326,-0.12279023758198304
1327,-0.12279023758198304
1328,-0.15594681191921467
1329,0.13489963882262845
1330,0.10932921064808565
1331,-0.15594681191921467
1332,0.13489963882262845
1333,-0.12279023758198304
1334,0.10932921064808565
1335,0.10932921064808565
1336,-0.15594681191921467
1337,-0.12279023758198304
1338,-0.12279023758198304
1339,0.10932921064808565
1340,0.13489963882262845
1341,0.10932921064808565
1342,0.10932921064808565
1343,0.13489963882262845
1344,-0.15594681191921467
1345,0.13489963882262845
1346,-0.15594681191921467
1347,0.10932921064808565
1348,-0.15594681191921467
1349,-0.15594681191921467
1350,0.10932921064808565
1351,0.13489963882262845
1352,0.10932921064808565
1353,0.10932921064808565
1354,-0.15594681191921467
1355,0.13489963882262845
1356,-0.12279023758198304
1357,0.10932921064808565
1358,0.10932921064808565
1359,0.13489963882262845
1360,0.10932921064808565
1361,-0.12279023758198304
1362,0.10932921064808565
1363,0.10932921064808565
1364,0.10932921064808565
1365,-0.12279023758198304
1366,-0.12279023758198304
1367,-0.12279023758198304
1368,-0.12279023758198304
1369,0.13489963882262845
1370,0.13489963882262845
1371,0.10932921064808565
1372,-0.15594681191921467
1373,0.10932921064808565
1374,-0.15594681191921467
1375,-0.12279023758198304
1376,0.10932921064808565
1377,0.10932921064808565
1378,0.10932921064808565
1379,-0.12279023758198304
1380,0.13489963882262845
1381,0.10932921064808565
1382,0.10932921064808565
1383,0.10932921064808565
1384,0.13489963882262845
1385,0.10932921064808565
1386,-0.12279023758198304
1387,-0.12279023758198304
1388,-0.12279023758198304
1389,0.10932921064808565
1390,-0.12279023758198304
1391,-0.12279023758198304
1392,0.10932921064808565
1393,-0.12279023758198304
1394,0.10932921064808565
1395,-0.15594681191921467
1396,-0.12279023758198304
1397,0.10932921064808565
1398,-0.12279023758198304
1399,0.10932921064808565
1400,0.10932921064808565
1401,0.13489963882262845
1402,0.13489963882262845
1403,-0.15594681191921467
1404,0.13489963882262845
1405,-0.15594681191921467
1406,-0.15594681191921467
1407,-0.15594681191921467
1408,0.10932921064808565
1409,-0.12279023758198304
1410,0.13489963882262845
1411,-0.15594681191921467
1412,-0.15594681191921467
1413,-0.12279023758198304
1414,0.13489963882262845
1415,0.10932921064808565
1416,-0.15594681191921467
1417,-0.15594681191921467
1418,0.13489963882262845
1419,0.13489963882262845
1420,-0.15594681191921467
1421,0.13489963882262845
1422,-0.12279023758198304
1423,0.10932921064808565
1424,-0.12279023758198304
1425,-0.12279023758198304
1426,-0.15594681191921467
1427,0.10932921064808565
1428,0.13489963882262845
1429,0.13489963882262845
1430,0.13489963882262845
1431,0.13489963882262845
1432,-0.15594681191921467
1433,0.13489963882262845
1434,-0.12279023758198304
1435,-0.12279023758198304
1436,-0.12279023758198304
1437,0.13489963882262845
1438,0.13489963882262845
1439,0.10932921064808565
1440,-0.12279023758198304
1441,0.10932921064808565
1442,0.10932921064808565
1443,-0.12279023758198304
1444,0.13489963882262845
1445,0.10932921064808565
1446,0.13489963882262845
1447,0.13489963882262845
1448,0.13489963882262845
1449,-0.15594681191921467
1450,-0.12279023758198304
1451,-0.12279023758198304
1452,0.10932921064808565
1453,-0.12279023758198304
1454,0.13489963882262845
1455,0.13489963882262845
1456,-0.15594681191921467
1457,0.10932921064808565
1458,0.10932921064808565
1459,-0.15594681191921467
1460,0.13489963882262845
1461,-0.12279023758198304
1462,0.13489963882262845
1463,-0.12279023758198304
1464,0.10932921064808565
1465,0.10932921064808565
1466,-0.15594681191921467
1467,-0.12279023758198304
1468,0.10932921064808565
1469,-0.12279023758198304
1470,-0.12279023758198304
1471,-0.15594681191921467
1472,0.13489963882262845
1473,-0.15594681191921467
1474,0.13489963882262845
1475,0.13489963882262845
1476,0.10932921064808565
1477,0.13489963882262845
1478,0.10932921064808565
1479,0.13489963882262845
1480,0.13489963882262845
1481,0.13489963882262845
1482,-0.12279023758198304
1483,-0.12279023758198304
1484,0.13489963882262845
1485,0.10932921064808565
1486,-0.15594681191921467
1487,-0.12279023758198304
1488,0.10932921064808565
1489,0.10932921064808565
1490,0.13489963882262845
1491,0.10932921064808565
1492,-0.15594681191921467
1493,0.13489963882262845
1494,-0.15594681191921467
1495,-0.12279023758198304
1496,0.10932921064808565
1497,-0.15594681191921467
1498,0.13489963882262845
1499,0.10932921064808565
1500,0.10932921064808565
1501,0.10932921064808565
1502,-0.12279023758198304
1503,0.10932921064808565
1504,0.10932921064808565
1505,0.13489963882262845
1506,-0.12279023758198304
1507,0.10932921064808565
1508,0.10932921064808565
1509,0.10932921064808565
1510,0.13489963882262845
1511,-0.12279023758198304
1512,-0.15594681191921467
1513,0.10932921064808565
1514,0.13489963882262845
1515,-0.12279023758198304
1516,0.13489963882262845
1517,0.13489963882262845
1518,0.10932921064808565
1519,-0.15594681191921467
1520,0.10932921064808565
1521,-0.12279023758198304
1522,-0.12279023758198304
1523,0.13489963882262845
1524,0.13489963882262845
1525,0.10932921064808565
1526,0.13489963882262845
1527,0.13489963882262845
1528,-0.12279023758198304
1529,-0.12279023758198304
1530,-0.12279023758198304
1531,0.13489963882262845
1532,0.13489963882262845
1533,0.13489963882262845
1534,0.13489963882262845
1535,-0.12279023758198304
1536,-0.15594681191921467
1537,-0.15594681191921467
1538,0.10932921064808565
1539,0.13489963882262845
1540,0.10932921064808565
1541,0.10932921064808565
1542,-0.12279023758198304
1543,0.13489963882262845
1544,0.13489963882262845
1545,0.10932921064808565
1546,0.10932921064808565
1547,0.13489963882262845
1548,0.13489963882262845
1549,-0.15594681191921467
1550,0.13489963882262845
1551,0.10932921064808565
1552,-0.15594681191921467
1553,-0.12279023758198304
1554,-0.12279023758198304
1555,0.13489963882262845
1556,-0.15594681191921467
1557,-0.12279023758198304
1558,-0.15594681191921467
1559,-0.12279023758198304
1560,-0.12279023758198304
1561,-0.15594681191921467
1562,0.10932921064808565
1563,0.10932921064808565
1564,-0.12279023758198304
1565,0.10932921064808565
1566,0.10932921064808565
1567,-0.12279023758198304
1568,0.13489963882262845
1569,0.13489963882262845
1570,-0.15594681191921467
1571,0.10932921064808565
1572,0.10932921064808565
1573,0.13489963882262845
1574,0.10932921064808565
1575,0.13489963882262845
1576,0.10932921064808565
1577,0.10932921064808565
1578,-0.12279023758198304
1579,-0.12279023758198304
1580,-0.12279023758198304
1581,-0.12279023758198304
1582,0.13489963882262845
1583,0.10932921064808565
1584,0.13489963882262845
1585,-0.12279023758198304
1586,-0.15594681191921467
1587,0.13489963882262845
1588,-0.15594681191921467
1589,0.13489963882262845
1590,-0.15594681191921467
1591,-0.12279023758198304
1592,0.10932921064808565
1593,-0.15594681191921467
1594,-0.15594681191921467
1595,0.13489963882262845
1596,0.10932921064808565
1597,-0.12279023758198304
1598,0.10932921064808565
1599,0.10932921064808565
1600,-0.12279023758198304
1601,0.13489963882262845
1602,-0.12279023758198304
1603,0.10932921064808565
1604,0.13489963882262845
1605,0.10932921064808565
1606,-0.12279023758198304
1607,0.10932921064808565
1608,0.10932921064808565
1609,-0.12279023758198304
1610,-0.15594681191921467
1611,-0.15594681191921467
1612,-0.15594681191921467
1613,-0.15594681191921467
1614,0.13489963882262845
1615,0.10932921064808565
1616,0.13489963882262845
1617,0.10932921064808565
1618,0.13489963882262845
1619,0.10932921064808565
1620,-0.15594681191921467
1621,0.13489963882262845
1622,-0.15594681191921467
1623,0.13489963882262845
1624,-0.15594681191921467
1625,-0.15594681191921467
1626,0.10932921064808565
1627,0.13489963882262845
1628,0.10932921064808565
1629,0.10932921064808565
1630,0.10932921064808565
1631,-0.15594681191921467
1632,0.13489963882262845
1633,-0.12279023758198304
1634,0.10932921064808565
1635,-0.15594681191921467
1636,-0.12279023758198304
1637,-0.12279023758198304
1638,0.13489963882262845
1639,0.10932921064808565
1640,0.10932921064808565
1641,-0.15594681191921467
1642,0.13489963882262845
1643,0.13489963882262845
1644,0.10932921064808565
1645,-0.12279023758198304
1646,0.10932921064808565
1647,0.10932921064808565
1648,0.13489963882262845
1649,0.13489963882262845
1650,-0.12279023758198304
1651,-0.12279023758198304
1652,-0.15594681191921467
1653,-0.15594681191921467
1654,-0.12279023758198304
1655,-0.15594681191921467
1656,-0.12279023758198304
1657,0.10932921064808565
1658,0.10932921064808565
1659,0.13489963882262845
1660,0.13489963882262845
1661,0.10932921064808565
1662,0.10932921064808565
1663,-0.15594681191921467
1664,-0.12279023758198304
1665,0.10932921064808565
1666,0.10932921064808565
1667,-0.12279023758198304
1668,-0.12279023758198304
1669,-0.15594681191921467
1670,0.13489963882262845
1671,-0.15594681191921467
1672,-0.12279023758198304
1673,0.13489963882262845
1674,-0.15594681191921467
1675,-0.15594681191921467
1676,-0.12279023758198304
1677,0.13489963882262845
1678,-0.15594681191921467
1679,-0.12279023758198304
1680,0.10932921064808565
1681,0.13489963882262845
1682,0.13489963882262845
1683,0.13489963882262845
1684,-0.15594681191921467
1685,-0.12279023758198304
1686,-0.15594681191921467
1687,0.13489963882262845
1688,-0.12279023758198304
1689,-0.12279023758198304
1690,0.10932921064808565
1691,-0.12279023758198304
1692,0.10932921064808565
1693,0.10932921064808565
1694,-0.12279023758198304
1695,0.10932921064808565
1696,0.13489963882262845
1697,-0.12279023758198304
1698,-0.15594681191921467
1699,0.10932921064808565
1700,-0.12279023758198304
1701,-0.12279023758198304
1702,-0.15594681191921467
1703,-0.12279023758198304
1704,0.10932921064808565
1705,-0.12279023758198304
1706,-0.15594681191921467
1707,-0.12279023758198304
1708,-0.12279023758198304
1709,-0.12279023758198304
1710,-0.15594681191921467
1711,-0.12279023758198304
1712,0.13489963882262845
1713,0.10932921064808565
1714,-0.15594681191921467
1715,0.13489963882262845
1716,-0.15594681191921467
1717,-0.15594681191921467
1718,0.13489963882262845
1719,0.10932921064808565
1720,-0.15594681191921467
1721,-0.12279023758198304
1722,0.10932921064808565
1723,0.10932921064808565
1724,-0.12279023758198304
1725,0.13489963882262845
1726,-0.12279023758198304
1727,-0.12279023758198304
1728,0.10932921064808565
1729,0.13489963882262845
1730,0.13489963882262845
1731,-0.15594681191921467
1732,0.13489963882262845
1733,0.13489963882262845
1734,0.13489963882262845
1735,0.10932921064808565
1736,0.10932921064808565
1737,-0.15594681191921467
1738,-0.15594681191921467
1739,-0.12279023758198304
1740,0.10932921064808565
1741,0.10932921064808565
1742,-0.12279023758198304
1743,0.10932921064808565
1744,-0.12279023758198304
1745,0.10932921064808565
1746,0.10932921064808565
1747,0.10932921064808565
1748,0.13489963882262845
1749,0.13489963882262845
1750,0.10932921064808565
1751,0.13489963882262845
1752,-0.12279023758198304
1753,0.13489963882262845
1754,0.10932921064808565
1755,0.10932921064808565
1756,0.13489963882262845
1757,0.13489963882262845
1758,-0.12279023758198304
1759,-0.12279023758198304
1760,-0.12279023758198304
1761,-0.12279023758198304
1762,-0.12279023758198304
1763,-0.12279023758198304
1764,-0.12279023758198304
1765,0.10932921064808565
1766,0.10932921064808565
1767,0.13489963882262845
1768,0.10932921064808565
1769,-0.12279023758198304
1770,-0.12279023758198304
1771,-0.12279023758198304
1772,0.13489963882262845
1773,-0.15594681191921467
1774,0.10932921064808565
1775,-0.12279023758198304
1776,-0.15594681191921467
1777,0.10932921064808565
1778,-0.15594681191921467
1779,-0.12279023758198304
1780,-0.15594681191921467
1781,-0.15594681191921467
1782,-0.12279023758198304
1783,0.10932921064808565
1784,-0.15594681191921467
1785,0.10932921064808565
1786,-0.12279023758198304
1787,-0.12279023758198304
1788,-0.12279023758198304
1789,0.10932921064808565
1790,0.13489963882262845
1791,-0.15594681191921467
1792,-0.12279023758198304
1793,-0.15594681191921467
1794,-0.12279023758198304
1795,0.10932921064808565
1796,0.13489963882262845
1797,0.10932921064808565
1798,0.10932921064808565
1799,0.10932921064808565
1800,0.13489963882262845
1801,-0.12279023758198304
1802,0.13489963882262845
1803,0.10932921064808565
1804,0.10932921064808565
1805,0.10932921064808565
1806,0.10932921064808565
1807,0.13489963882262845
1808,-0.12279023758198304
1809,0.13489963882262845
1810,-0.15594681191921467
1811,0.10932921064808565
1812,0.10932921064808565
1813,-0.12279023758198304
1814,0.10932921064808565
1815,0.10932921064808565
1816,0.13489963882262845
1817,0.10932921064808565
1818,0.13489963882262845
1819,0.10932921064808565
1820,0.10932921064808565
1821,-0.12279023758198304
1822,0.13489963882262845
1823,-0.12279023758198304
1824,-0.15594681191921467
1825,0.10932921064808565
1826,0.13489963882262845
1827,0.13489963882262845
1828,-0.15594681191921467
1829,0.10932921064808565
1830,0.13489963882262845
1831,0.13489963882262845
1832,-0.15594681191921467
1833,-0.12279023758198304
1834,0.10932921064808565
1835,-0.15594681191921467
1836,0.10932921064808565
1837,0.13489963882262845
1838,0.13489963882262845
1839,0.10932921064808565
1840,-0.12279023758198304
1841,-0.12279023758198304
1842,0.13489963882262845
1843,0.10932921064808565
1844,0.13489963882262845
1845,0.13489963882262845
1846,0.10932921064808565
1847,-0.12279023758198304
1848,-0.12279023758198304
1849,-0.15594681191921467
1850,0.10932921064808565
1851,-0.12279023758198304
1852,0.10932921064808565
1853,-0.12279023758198304
1854,0.10932921064808565
1855,-0.12279023758198304
1856,0.13489963882262845
1857,0.13489963882262845
1858,0.13489963882262845
1859,0.10932921064808565
1860,-0.15594681191921467
1861,-0.12279023758198304
1862,-0.12279023758198304
1863,-0.15594681191921467
1864,-0.12279023758198304
1865,0.13489963882262845
1866,-0.15594681191921467
1867,0.10932921064808565
1868,-0.15594681191921467
1869,-0.15594681191921467
1870,0.13489963882262845
1871,0.10932921064808565
1872,0.13489963882262845
1873,-0.12279023758198304
1874,0.13489963882262845
1875,0.10932921064808565
1876,0.13489963882262845
1877,0.10932921064808565
1878,-0.15594681191921467
1879,0.13489963882262845
1880,0.10932921064808565
1881,-0.12279023758198304
1882,-0.15594681191921467
1883,-0.15594681191921467
1884,0.13489963882262845
1885,-0.12279023758198304
1886,0.13489963882262845
1887,0.13489963882262845
1888,-0.12279023758198304
1889,0.10932921064808565
1890,0.10932921064808565
1891,-0.12279023758198304
1892,-0.12279023758198304
1893,0.10932921064808565
1894,-0.12279023758198304
1895,-0.15594681191921467
1896,0.10932921064808565
1897,-0.12279023758198304
1898,0.13489963882262845
1899,-0.12279023758198304
1900,-0.15594681191921467
1901,-0.15594681191921467
1902,0.10932921064808565
1903,0.10932921064808565
1904,-0.12279023758198304
1905,-0.15594681191921467
1906,0.10932921064808565
1907,0.10932921064808565
1908,-0.12279023758198304
1909,0.10932921064808565
1910,-0.12279023758198304
1911,-0.12279023758198304
1912,0.13489963882262845
1913,0.13489963882262845
1914,-0.12279023758198304
1915,0.13489963882262845
1916,-0.15594681191921467
1917,-0.12279023758198304
1918,-0.15594681191921467
1919,-0.12279023758198304
1920,0.13489963882262845
1921,-0.12279023758198304
1922,-0.12279023758198304
1923,0.13489963882262845
1924,0.10932921064808565
1925,0.13489963882262845
1926,-0.12279023758198304
1927,-0.12279023758198304
1928,0.13489963882262845
1929,-0.12279023758198304
1930,-0.12279023758198304
1931,-0.12279023758198304
1932,0.13489963882262845
1933,0.10932921064808565
1934,-0.12279023758198304
1935,0.13489963882262845
1936,0.10932921064808565
1937,-0.12279023758198304
1938,0.13489963882262845
1939,-0.12279023758198304
1940,0.10932921064808565
1941,0.13489963882262845
1942,0.13489963882262845
1943,0.10932921064808565
1944,0.13489963882262845
1945,0.13489963882262845
1946,0.13489963882262845
1947,-0.15594681191921467
1948,-0.12279023758198304
1949,0.13489963882262845
1950,0.10932921064808565
1951,-0.12279023758198304
1952,0.10932921064808565
1953,-0.12279023758198304
1954,-0.12279023758198304
1955,0.10932921064808565
1956,0.13489963882262845
1957,0.10932921064808565
1958,-0.15594681191921467
1959,0.13489963882262845
1960,0.10932921064808565
1961,-0.15594681191921467
1962,-0.12279023758198304
1963,-0.15594681191921467
1964,0.10932921064808565
1965,0.13489963882262845
1966,-0.12279023758198304
1967,0.10932921064808565
1968,0.13489963882262845
1969,0.13489963882262845
1970,0.10932921064808565
1971,-0.12279023758198304
1972,-0.15594681191921467
1973,-0.12279023758198304
1974,-0.12279023758198304
1975,0.10932921064808565
1976,0.10932921064808565
1977,-0.15594681191921467
1978,0.13489963882262845
1979,0.13489963882262845
1980,0.10932921064808565
1981,-0.15594681191921467
1982,0.13489963882262845
1983,-0.15594681191921467
1984,-0.15594681191921467
1985,0.13489963882262845
1986,0.13489963882262845
1987,0.10932921064808565
1988,-0.12279023758198304
1989,0.13489963882262845
1990,0.13489963882262845
1991,0.10932921064808565
1992,-0.12279023758198304
1993,0.13489963882262845
1994,0.13489963882262845
1995,-0.15594681191921467
1996,-0.12279023758198304
1997,0.13489963882262845
1998,0.13489963882262845
1999,-0.12279023758198304
2000,0.13489963882262845
2001,0.10932921064808565
2002,-0.12279023758198304
2003,-0.15594681191921467
2004,-0.12279023758198304
2005,-0.15594681191921467
2006,0.10932921064808565
2007,-0.12279023758198304
2008,-0.12279023758198304
2009,0.13489963882262845
2010,0.10932921064808565
2011,-0.12279023758198304
2012,-0.12279023758198304
2013,-0.12279023758198304
2014,0.10932921064808565
2015,0.13489963882262845
2016,-0.12279023758198304
2017,-0.12279023758198304
2018,-0.12279023758198304
2019,0.13489963882262845
2020,0.10932921064808565
2021,-0.15594681191921467
2022,-0.15594681191921467
2023,0.10932921064808565
2024,0.13489963882262845
2025,-0.15594681191921467
2026,0.10932921064808565
2027,0.10932921064808565
2028,-0.15594681191921467
2029,-0.12279023758198304
2030,0.13489963882262845
2031,-0.12279023758198304
2032,-0.12279023758198304
2033,0.13489963882262845
2034,0.10932921064808565
2035,0.10932921064808565
2036,0.10932921064808565
2037,0.10932921064808565
2038,0.13489963882262845
2039,0.10932921064808565
2040,-0.15594681191921467
2041,0.13489963882262845
2042,-0.12279023758198304
2043,-0.15594681191921467
2044,0.10932921064808565
2045,-0.15594681191921467
2046,0.10932921064808565
2047,-0.15594681191921467
2048,-0.12279023758198304
2049,0.13489963882262845
2050,-0.12279023758198304
2051,0.10932921064808565
2052,0.10932921064808565
2053,0.13489963882262845
2054,0.10932921064808565
2055,0.10932921064808565
2056,-0.12279023758198304
2057,0.10932921064808565
2058,-0.15594681191921467
2059,-0.15594681191921467
2060,0.13489963882262845
2061,-0.12279023758198304
2062,-0.12279023758198304
2063,0.10932921064808565
2064,-0.15594681191921467
2065,0.13489963882262845
2066,0.10932921064808565
2067,0.13489963882262845
2068,0.13489963882262845
2069,0.10932921064808565
2070,-0.12279023758198304
2071,-0.12279023758198304
2072,0.13489963882262845
2073,-0.12279023758198304
2074,0.13489963882262845
2075,0.13489963882262845
2076,-0.15594681191921467
2077,-0.12279023758198304
2078,0.10932921064808565
2079,-0.15594681191921467
2080,-0.15594681191921467
2081,0.13489963882262845
2082,-0.12279023758198304
2083,0.13489963882262845
2084,0.10932921064808565
2085,-0.15594681191921467
2086,0.10932921064808565
2087,-0.15594681191921467
2088,-0.15594681191921467
2089,0.10932921064808565
2090,0.10932921064808565
2091,0.13489963882262845
2092,0.13489963882262845
2093,0.10932921064808565
2094,0.13489963882262845
2095,0.13489963882262845
2096,-0.12279023758198304
2097,-0.15594681191921467
2098,0.10932921064808565
2099,0.10932921064808565
2100,0.10932921064808565
2101,-0.15594681191921467
2102,0.13489963882262845
2103,0.10932921064808565
2104,0.13489963882262845
2105,-0.12279023758198304
2106,0.10932921064808565
2107,0.10932921064808565
2108,-0.15594681191921467
2109,-0.15594681191921467
2110,-0.15594681191921467
2111,0.10932921064808565
2112,-0.12279023758198304
2113,0.13489963882262845
2114,0.10932921064808565
2115,0.13489963882262845
2116,0.10932921064808565
2117,0.10932921064808565
2118,0.10932921064808565
2119,0.10932921064808565
2120,-0.12279023758198304
2121,0.13489963882262845
2122,-0.15594681191921467
2123,0.10932921064808565
2124,0.13489963882262845
2125,-0.15594681191921467
2126,-0.12279023758198304
2127,0.13489963882262845
2128,0.10932921064808565
2129,-0.15594681191921467
2130,0.13489963882262845
2131,0.10932921064808565
2132,0.10932921064808565
2133,0.13489963882262845
2134,-0.15594681191921467
2135,0.13489963882262845
2136,0.10932921064808565
2137,-0.15594681191921467
2138,0.10932921064808565
2139,0.10932921064808565
2140,0.13489963882262845
2141,0.10932921064808565
2142,0.10932921064808565
2143,-0.15594681191921467
2144,-0.12279023758198304
2145,0.10932921064808565
2146,0.10932921064808565
2147,0.10932921064808565
2148,-0.12279023758198304
2149,-0.12279023758198304
2150,0.13489963882262845
2151,0.10932921064808565
2152,0.13489963882262845
2153,0.13489963882262845
2154,0.13489963882262845
2155,0.10932921064808565
2156,-0.15594681191921467
2157,0.13489963882262845
2158,0.13489963882262845
2159,0.13489963882262845
2160,-0.12279023758198304
2161,-0.15594681191921467
2162,0.13489963882262845
2163,-0.12279023758198304
2164,0.13489963882262845
